-0.000225 -0.002199 0.999998 -0.000082 0.000009 1.000000 -0.000132 0.000011 1.000000 -0.000238 -0.002198 0.999998 
-0.000203 -0.001985 0.999998 -0.000065 0.000007 1.000000 -0.000110 0.000009 1.000000 -0.000215 -0.001984 0.999998 
-0.000034 -0.000331 1.000000 0.000424 -0.000045 1.000000 0.000418 -0.000035 1.000000 -0.000036 -0.000328 1.000000 
-0.000185 -0.001814 0.999998 -0.000111 0.000012 1.000000 -0.000151 0.000013 1.000000 -0.000197 -0.001813 0.999998 
0.000296 0.002887 0.999996 0.004021 -0.000431 0.999992 0.004093 -0.000346 0.999992 0.000317 0.002910 0.999996 
-0.000142 -0.001391 0.999999 0.005175 -0.000552 0.999986 0.005154 -0.000434 0.999987 -0.000147 -0.001359 0.999999 
-0.000129 -0.001262 0.999999 0.004695 -0.000501 0.999989 0.004676 -0.000394 0.999989 -0.000134 -0.001232 0.999999 
-0.000166 -0.001620 0.999999 0.003240 -0.000345 0.999995 0.003210 -0.000270 0.999995 -0.000173 -0.001599 0.999999 
-0.000208 -0.002029 0.999998 0.002606 -0.000278 0.999997 0.002565 -0.000216 0.999997 -0.000218 -0.002012 0.999998 
-0.000557 -0.005430 0.999985 -0.002388 0.000255 0.999997 -0.002514 0.000212 0.999997 -0.000592 -0.005441 0.999985 
-0.000802 -0.007822 0.999969 -0.000229 0.000024 1.000000 -0.000404 0.000034 1.000000 -0.000850 -0.007818 0.999969 
-0.000831 -0.007639 0.999970 -0.001363 0.000154 0.999999 -0.001537 0.000139 0.999999 -0.000879 -0.007642 0.999970 
-0.000520 -0.005507 0.999985 -0.003601 0.000356 0.999993 -0.003730 0.000285 0.999993 -0.000556 -0.005526 0.999985 
-0.000441 -0.004662 0.999989 -0.003072 0.000304 0.999995 -0.003182 0.000243 0.999995 -0.000471 -0.004678 0.999989 
-0.000515 -0.005449 0.999985 -0.001498 0.000148 0.999999 -0.001622 0.000124 0.999999 -0.000550 -0.005455 0.999985 
-0.000578 -0.006109 0.999981 -0.001393 0.000138 0.999999 -0.001532 0.000117 0.999999 -0.000616 -0.006113 0.999981 
-0.002082 -0.020526 0.999787 -0.001264 0.000134 0.999999 -0.001725 0.000144 0.999999 -0.002209 -0.020521 0.999787 
-0.003593 -0.031993 0.999482 -0.000625 0.000073 1.000000 -0.001341 0.000126 0.999999 -0.003789 -0.031975 0.999482 
-0.003975 -0.035155 0.999374 -0.000646 0.000076 1.000000 -0.001432 0.000136 0.999999 -0.004190 -0.035135 0.999374 
-0.003666 -0.032438 0.999467 -0.000568 0.000067 1.000000 -0.001294 0.000123 0.999999 -0.003865 -0.032419 0.999467 
-0.003505 -0.030937 0.999515 -0.000417 0.000049 1.000000 -0.001109 0.000106 0.999999 -0.003695 -0.030918 0.999515 
0.000678 -0.018921 0.999821 -0.000478 -0.000073 1.000000 -0.000760 0.000075 1.000000 0.002051 -0.013648 0.999905 -0.004327 -0.017299 0.999841 
0.000700 -0.019856 0.999803 -0.000002 -0.000000 1.000000 -0.000503 0.000050 1.000000 0.000851 -0.005707 0.999983 -0.005372 -0.021439 0.999756 
0.000792 -0.022429 0.999748 -0.000005 -0.000001 1.000000 -0.000403 0.000040 1.000000 0.000646 -0.004331 0.999990 -0.006299 -0.025138 0.999664 
0.000908 -0.025174 0.999683 0.000001 0.000000 1.000000 -0.000586 0.000057 1.000000 0.000797 -0.005345 0.999985 -0.006988 -0.027995 0.999584 
0.001007 -0.027410 0.999624 -0.000260 -0.000039 1.000000 -0.001087 0.000104 0.999999 0.001145 -0.007692 0.999970 -0.007402 -0.029754 0.999530 
0.001055 -0.028231 0.999601 -0.000976 -0.000147 1.000000 -0.001305 0.000123 0.999999 0.001088 -0.007324 0.999973 -0.007753 -0.031297 0.999480 
0.001080 -0.028489 0.999594 -0.000824 -0.000124 1.000000 -0.001322 0.000123 0.999999 0.001033 -0.006930 0.999975 -0.007828 -0.031677 0.999468 
0.001065 -0.028107 0.999604 -0.000728 -0.000110 1.000000 -0.001288 0.000120 0.999999 0.000953 -0.006389 0.999979 -0.007756 -0.031387 0.999477 
0.001050 -0.027747 0.999614 0.000358 0.000054 1.000000 -0.001249 0.000116 0.999999 0.000976 -0.006537 0.999978 -0.007472 -0.030221 0.999515 
0.000992 -0.026214 0.999656 0.000301 0.000045 1.000000 -0.001182 0.000110 0.999999 0.000878 -0.005880 0.999982 -0.007093 -0.028694 0.999563 
0.000913 -0.024136 0.999708 0.000256 0.000039 1.000000 -0.001090 0.000101 0.999999 0.000770 -0.005159 0.999986 -0.006559 -0.026535 0.999626 
0.000815 -0.021552 0.999767 0.000226 0.000034 1.000000 -0.000972 0.000090 1.000000 0.000569 -0.003812 0.999993 -0.005936 -0.024017 0.999694 
0.000693 -0.018354 0.999831 0.000214 0.000032 1.000000 -0.000842 0.000078 1.000000 0.000205 -0.001373 0.999999 -0.005238 -0.021191 0.999762 
0.000561 -0.014806 0.999890 0.000093 0.000014 1.000000 0.000148 -0.000014 1.000000 0.000060 -0.000399 1.000000 -0.004386 -0.017757 0.999833 
0.000429 -0.011335 0.999936 0.000065 0.000010 1.000000 0.000268 -0.000025 1.000000 0.000039 -0.000262 1.000000 -0.003378 -0.013676 0.999901 
0.000289 -0.007653 0.999971 0.000740 0.000113 1.000000 -0.000178 0.000016 1.000000 -0.000304 0.002018 0.999998 -0.002357 -0.009535 0.999952 
0.000125 -0.003297 0.999995 0.000567 0.000087 1.000000 0.001567 -0.000145 0.999999 -0.000611 0.004051 0.999992 -0.001454 -0.005891 0.999982 
-0.000064 0.001686 0.999999 0.000528 0.000081 1.000000 0.002313 -0.000215 0.999997 -0.001178 0.007782 0.999969 -0.000418 -0.001693 0.999998 
-0.000203 0.005188 0.999987 -0.000230 -0.000036 1.000000 0.004751 -0.000442 0.999989 -0.001752 0.011445 0.999933 -0.000097 -0.000394 1.000000 
-0.000261 0.006594 0.999978 -0.000955 -0.000148 1.000000 0.003212 -0.000299 0.999995 -0.002182 0.014237 0.999896 0.000080 0.000324 1.000000 
-0.000285 0.007478 0.999972 0.000088 0.000014 1.000000 0.000160 -0.000015 1.000000 -0.002522 0.016459 0.999861 0.000585 0.002355 0.999997 
-0.000336 0.009234 0.999957 0.001744 0.000270 0.999998 0.000046 -0.000004 1.000000 -0.002861 0.018690 0.999821 0.001165 0.004654 0.999988 
-0.000378 0.010554 0.999944 0.002865 0.000443 0.999996 0.001482 -0.000138 0.999999 -0.003144 0.020552 0.999784 0.001412 0.005630 0.999983 
-0.000408 0.011482 0.999934 0.003584 0.000554 0.999993 0.001331 -0.000124 0.999999 -0.003344 0.021879 0.999755 0.001688 0.006727 0.999976 
-0.000420 0.011898 0.999929 0.004036 0.000624 0.999992 0.001201 -0.000112 0.999999 -0.003432 0.022453 0.999742 0.001840 0.007333 0.999971 
-0.000415 0.011738 0.999931 0.004198 0.000649 0.999991 0.001094 -0.000102 0.999999 -0.003397 0.022218 0.999747 0.001852 0.007376 0.999971 
-0.000390 0.010984 0.999940 0.004108 0.000636 0.999991 0.001360 -0.000126 0.999999 -0.003265 0.021333 0.999767 0.001673 0.006658 0.999976 
-0.000359 0.010034 0.999950 0.003846 0.000596 0.999992 0.001228 -0.000114 0.999999 -0.003063 0.019989 0.999796 0.001493 0.005939 0.999981 
-0.000316 0.008771 0.999961 0.003406 0.000528 0.999994 0.001110 -0.000103 0.999999 -0.002793 0.018204 0.999830 0.001233 0.004903 0.999987 
-0.000260 0.007170 0.999974 0.002777 0.000432 0.999996 0.001004 -0.000093 0.999999 -0.002452 0.015956 0.999870 0.000886 0.003524 0.999993 
-0.000192 0.005230 0.999986 0.001948 0.000303 0.999998 0.000909 -0.000085 1.000000 -0.002033 0.013199 0.999911 0.000456 0.001812 0.999998 
-0.000132 0.003544 0.999994 0.000001 0.000000 1.000000 0.001346 -0.000125 0.999999 -0.001592 0.010312 0.999946 -0.000115 -0.000456 1.000000 
-0.000086 0.002323 0.999997 0.000035 0.000005 1.000000 0.001243 -0.000116 0.999999 -0.001043 0.006754 0.999977 -0.000105 -0.000419 1.000000 
-0.000031 0.000836 1.000000 0.000020 0.000003 1.000000 0.001138 -0.000106 0.999999 -0.000533 0.003451 0.999994 -0.000210 -0.000836 1.000000 
0.000033 -0.000895 1.000000 0.000006 0.000001 1.000000 0.001025 -0.000095 0.999999 -0.000143 0.000928 1.000000 -0.000468 -0.001864 0.999998 
0.000084 -0.002268 0.999997 -0.000009 -0.000001 1.000000 0.000912 -0.000085 1.000000 -0.000004 0.000024 1.000000 -0.000783 -0.003116 0.999995 
0.000120 -0.003233 0.999995 -0.000007 -0.000001 1.000000 0.000790 -0.000073 1.000000 -0.000001 0.000006 1.000000 -0.001061 -0.004223 0.999991 
0.000147 -0.003966 0.999992 -0.000007 -0.000001 1.000000 0.000668 -0.000062 1.000000 0.000002 -0.000010 1.000000 -0.001269 -0.005051 0.999986 
0.000165 -0.004452 0.999990 -0.000006 -0.000001 1.000000 0.000557 -0.000052 1.000000 0.000004 -0.000026 1.000000 -0.001404 -0.005586 0.999983 
0.000179 -0.004806 0.999988 -0.000006 -0.000001 1.000000 0.000968 -0.000090 1.000000 0.000006 -0.000038 1.000000 -0.001551 -0.006173 0.999980 
0.000173 -0.004643 0.999989 -0.000009 -0.000001 1.000000 0.000890 -0.000083 1.000000 -0.000000 0.000001 1.000000 -0.001498 -0.005963 0.999981 
0.000159 -0.004273 0.999991 -0.000006 -0.000001 1.000000 0.000833 -0.000077 1.000000 -0.000005 0.000032 1.000000 -0.001383 -0.005504 0.999984 
0.000140 -0.003773 0.999993 -0.000002 -0.000000 1.000000 0.000778 -0.000072 1.000000 -0.000011 0.000072 1.000000 -0.001229 -0.004894 0.999987 
0.000119 -0.003203 0.999995 0.000000 0.000000 1.000000 0.000738 -0.000069 1.000000 -0.000022 0.000144 1.000000 -0.001059 -0.004217 0.999991 
0.000110 -0.002943 0.999996 0.000001 0.000000 1.000000 0.002025 -0.000188 0.999998 -0.000035 0.000227 1.000000 -0.001117 -0.004451 0.999989 
0.000075 -0.002016 0.999998 0.000004 0.000001 1.000000 0.001875 -0.000174 0.999998 -0.000090 0.000580 1.000000 -0.000857 -0.003415 0.999994 
0.000038 -0.001018 0.999999 0.000009 0.000001 1.000000 0.002493 -0.000232 0.999997 -0.000201 0.001301 0.999999 -0.000689 -0.002748 0.999996 
0.000001 -0.000023 1.000000 0.000189 0.000029 1.000000 0.002981 -0.000277 0.999996 -0.000346 0.002237 0.999997 -0.000504 -0.002009 0.999998 
-0.000038 0.001008 0.999999 0.000097 0.000015 1.000000 0.003091 -0.000287 0.999995 -0.000517 0.003347 0.999994 -0.000330 -0.001319 0.999999 
-0.000052 0.001394 0.999999 0.000076 0.000012 1.000000 0.002768 -0.000257 0.999996 -0.000680 0.004398 0.999990 -0.000292 -0.001165 0.999999 
-0.000063 0.001679 0.999999 0.000057 0.000009 1.000000 0.002485 -0.000231 0.999997 -0.000796 0.005152 0.999986 -0.000257 -0.001025 0.999999 
-0.000070 0.001862 0.999998 0.000039 0.000006 1.000000 0.002241 -0.000208 0.999997 -0.000866 0.005602 0.999984 -0.000226 -0.000900 1.000000 
-0.000073 0.001942 0.999998 0.000036 0.000006 1.000000 0.002029 -0.000188 0.999998 -0.000896 0.005799 0.999983 -0.000201 -0.000802 1.000000 
-0.000043 0.001147 0.999999 0.000025 0.000004 1.000000 0.000300 -0.000028 1.000000 -0.000878 0.005683 0.999983 -0.000258 -0.001029 0.999999 
-0.000060 0.001611 0.999999 -0.000002 -0.000000 1.000000 0.002001 -0.000186 0.999998 -0.000820 0.005304 0.999986 -0.000253 -0.001011 0.999999 
-0.000066 0.001770 0.999998 0.000014 0.000002 1.000000 0.001825 -0.000170 0.999998 -0.000853 0.005522 0.999984 -0.000207 -0.000827 1.000000 
-0.000070 0.001874 0.999998 0.000026 0.000004 1.000000 0.001977 -0.000184 0.999998 -0.000884 0.005720 0.999983 -0.000209 -0.000835 1.000000 
-0.000072 0.001926 0.999998 0.000034 0.000005 1.000000 0.001929 -0.000180 0.999998 -0.000903 0.005842 0.999983 -0.000200 -0.000798 1.000000 
-0.000073 0.001954 0.999998 0.000036 0.000006 1.000000 0.001759 -0.000164 0.999998 -0.000910 0.005891 0.999982 -0.000179 -0.000715 1.000000 
-0.000073 0.001938 0.999998 0.000035 0.000005 1.000000 0.001603 -0.000149 0.999999 -0.000900 0.005821 0.999983 -0.000161 -0.000645 1.000000 
-0.000071 0.001902 0.999998 0.000035 0.000005 1.000000 0.001462 -0.000136 0.999999 -0.000883 0.005710 0.999983 -0.000147 -0.000586 1.000000 
-0.000070 0.001872 0.999998 0.000034 0.000005 1.000000 0.001330 -0.000124 0.999999 -0.000868 0.005613 0.999984 -0.000133 -0.000531 1.000000 
-0.000069 0.001845 0.999998 0.000033 0.000005 1.000000 0.001216 -0.000113 0.999999 -0.000855 0.005529 0.999984 -0.000121 -0.000484 1.000000 
-0.000066 0.001754 0.999998 0.000008 0.000001 1.000000 0.001475 -0.000137 0.999999 -0.000835 0.005402 0.999985 -0.000166 -0.000662 1.000000 
-0.000065 0.001731 0.999998 0.000019 0.000003 1.000000 0.001342 -0.000125 0.999999 -0.000822 0.005321 0.999986 -0.000149 -0.000596 1.000000 
-0.000061 0.001620 0.999999 0.000089 0.000014 1.000000 0.001485 -0.000138 0.999999 -0.000804 0.005202 0.999986 -0.000174 -0.000695 1.000000 
-0.000061 0.001613 0.999999 0.000068 0.000011 1.000000 0.001353 -0.000126 0.999999 -0.000794 0.005136 0.999986 -0.000160 -0.000637 1.000000 
-0.000061 0.001611 0.999999 0.000031 0.000005 1.000000 0.001842 -0.000172 0.999998 -0.000785 0.005079 0.999987 -0.000209 -0.000833 1.000000 
-0.000061 0.001616 0.999999 0.000031 0.000005 1.000000 0.001680 -0.000157 0.999999 -0.000783 0.005066 0.999987 -0.000190 -0.000758 1.000000 
-0.000061 0.001627 0.999999 0.000031 0.000005 1.000000 0.001527 -0.000142 0.999999 -0.000785 0.005076 0.999987 -0.000172 -0.000688 1.000000 
-0.000059 0.001570 0.999999 0.000100 0.000016 1.000000 0.002012 -0.000187 0.999998 -0.000780 0.005045 0.999987 -0.000224 -0.000894 1.000000 
-0.000060 0.001595 0.999999 0.000079 0.000012 1.000000 0.001828 -0.000170 0.999998 -0.000785 0.005078 0.999987 -0.000204 -0.000818 1.000000 
-0.000061 0.001622 0.999999 0.000060 0.000009 1.000000 0.001671 -0.000156 0.999999 -0.000792 0.005122 0.999987 -0.000188 -0.000752 1.000000 
-0.000044 0.001170 0.999999 0.000026 0.000004 1.000000 0.000368 -0.000034 1.000000 -0.000794 0.005137 0.999986 -0.000201 -0.000804 1.000000 
-0.000049 0.001312 0.999999 0.000033 0.000005 1.000000 0.000840 -0.000078 1.000000 -0.000814 0.005264 0.999986 -0.000217 -0.000868 1.000000 
-0.000066 0.001754 0.999998 0.000034 0.000005 1.000000 0.000766 -0.000071 1.000000 -0.000855 0.005531 0.999984 -0.000103 -0.000412 1.000000 
-0.000069 0.001838 0.999998 0.000035 0.000005 1.000000 0.000684 -0.000064 1.000000 -0.000885 0.005724 0.999983 -0.000089 -0.000357 1.000000 
-0.000070 0.001860 0.999998 0.000104 0.000016 1.000000 0.001289 -0.000120 0.999999 -0.000897 0.005800 0.999983 -0.000140 -0.000559 1.000000 
-0.000072 0.001906 0.999998 0.000084 0.000013 1.000000 0.001175 -0.000110 0.999999 -0.000912 0.005894 0.999982 -0.000127 -0.000509 1.000000 
-0.000073 0.001942 0.999998 0.000065 0.000010 1.000000 0.001071 -0.000100 0.999999 -0.000922 0.005964 0.999982 -0.000116 -0.000465 1.000000 
-0.000073 0.001947 0.999998 0.000043 0.000007 1.000000 0.000972 -0.000091 1.000000 -0.000917 0.005928 0.999982 -0.000104 -0.000417 1.000000 
-0.000060 0.001597 0.999999 0.000037 0.000006 1.000000 -0.000762 0.000071 1.000000 -0.000916 0.005917 0.999982 -0.000037 -0.000148 1.000000 
-0.000061 0.001616 0.999999 0.000017 0.000003 1.000000 -0.000136 0.000013 1.000000 -0.000904 0.005835 0.999983 -0.000088 -0.000353 1.000000 
-0.000070 0.001873 0.999998 0.000039 0.000006 1.000000 -0.000110 0.000010 1.000000 -0.000922 0.005951 0.999982 -0.000022 -0.000087 1.000000 
-0.000074 0.001982 0.999998 0.000028 0.000004 1.000000 0.000634 -0.000059 1.000000 -0.000937 0.006049 0.999981 -0.000075 -0.000299 1.000000 
-0.000076 0.002022 0.999998 0.000036 0.000006 1.000000 0.000582 -0.000054 1.000000 -0.000951 0.006143 0.999981 -0.000066 -0.000263 1.000000 
-0.000077 0.002032 0.999998 0.000060 0.000009 1.000000 0.002891 -0.000270 0.999996 -0.000944 0.006093 0.999981 -0.000284 -0.001136 0.999999 
-0.000077 0.002027 0.999998 0.000044 0.000007 1.000000 0.002612 -0.000244 0.999997 -0.000938 0.006059 0.999981 -0.000257 -0.001027 0.999999 
-0.000074 0.001954 0.999998 0.000037 0.000006 1.000000 0.002249 -0.000210 0.999997 -0.000928 0.005989 0.999982 -0.000236 -0.000947 1.000000 
-0.000073 0.001937 0.999998 0.000036 0.000006 1.000000 0.002040 -0.000191 0.999998 -0.000917 0.005921 0.999982 -0.000214 -0.000857 1.000000 
-0.000073 0.001921 0.999998 0.000036 0.000006 1.000000 0.001855 -0.000173 0.999998 -0.000908 0.005860 0.999982 -0.000194 -0.000778 1.000000 
-0.000053 0.001403 0.999999 0.000036 0.000006 1.000000 0.000465 -0.000044 1.000000 -0.000899 0.005803 0.999983 -0.000206 -0.000824 1.000000 
-0.000061 0.001628 0.999999 0.000036 0.000006 1.000000 0.000431 -0.000040 1.000000 -0.000909 0.005868 0.999982 -0.000142 -0.000566 1.000000 
-0.000065 0.001727 0.999999 0.000033 0.000005 1.000000 0.002054 -0.000192 0.999998 -0.000925 0.005970 0.999982 -0.000284 -0.001136 0.999999 
-0.000078 0.002073 0.999998 0.000021 0.000003 1.000000 0.002611 -0.000244 0.999997 -0.000961 0.006205 0.999980 -0.000261 -0.001044 0.999999 
-0.000081 0.002144 0.999998 0.000036 0.000006 1.000000 0.002378 -0.000223 0.999997 -0.000993 0.006410 0.999979 -0.000234 -0.000939 1.000000 
-0.000082 0.002173 0.999998 0.000126 0.000020 1.000000 0.002444 -0.000229 0.999997 -0.001016 0.006560 0.999978 -0.000233 -0.000935 1.000000 
-0.000084 0.002216 0.999998 0.000109 0.000017 1.000000 0.002210 -0.000207 0.999998 -0.001032 0.006661 0.999977 -0.000210 -0.000841 1.000000 
-0.000082 0.002172 0.999998 0.000071 0.000011 1.000000 0.002229 -0.000209 0.999997 -0.001032 0.006661 0.999977 -0.000231 -0.000925 1.000000 
-0.000082 0.002170 0.999998 0.000060 0.000009 1.000000 0.002376 -0.000223 0.999997 -0.001021 0.006595 0.999978 -0.000241 -0.000967 1.000000 
-0.000082 0.002158 0.999998 0.000032 0.000005 1.000000 0.003041 -0.000285 0.999995 -0.001007 0.006502 0.999978 -0.000306 -0.001225 0.999999 
-0.000081 0.002135 0.999998 0.000022 0.000003 1.000000 0.003084 -0.000289 0.999995 -0.000993 0.006414 0.999979 -0.000309 -0.001241 0.999999 
-0.000048 0.001272 0.999999 0.000143 0.000022 1.000000 0.001044 -0.000098 0.999999 -0.000985 0.006361 0.999979 -0.000342 -0.001370 0.999999 
-0.000055 0.001473 0.999999 0.000124 0.000019 1.000000 0.000962 -0.000090 1.000000 -0.000987 0.006369 0.999979 -0.000277 -0.001111 0.999999 
-0.000068 0.001799 0.999998 0.000105 0.000017 1.000000 0.000882 -0.000083 1.000000 -0.001007 0.006500 0.999978 -0.000187 -0.000751 1.000000 
-0.000080 0.002121 0.999998 0.000089 0.000014 1.000000 0.001226 -0.000115 0.999999 -0.001042 0.006727 0.999977 -0.000150 -0.000600 1.000000 
-0.000083 0.002215 0.999998 0.000074 0.000012 1.000000 0.001106 -0.000104 0.999999 -0.001076 0.006946 0.999975 -0.000134 -0.000538 1.000000 
-0.000086 0.002294 0.999997 0.000061 0.000010 1.000000 0.001000 -0.000094 0.999999 -0.001105 0.007132 0.999974 -0.000121 -0.000484 1.000000 
-0.000089 0.002356 0.999997 0.000050 0.000008 1.000000 0.000907 -0.000085 1.000000 -0.001126 0.007269 0.999973 -0.000108 -0.000434 1.000000 
-0.000090 0.002383 0.999997 0.000045 0.000007 1.000000 0.000827 -0.000078 1.000000 -0.001133 0.007310 0.999973 -0.000097 -0.000390 1.000000 
-0.000090 0.002382 0.999997 0.000045 0.000007 1.000000 0.001353 -0.000127 0.999999 -0.001125 0.007259 0.999973 -0.000145 -0.000580 1.000000 
-0.000089 0.002354 0.999997 0.000045 0.000007 1.000000 0.001768 -0.000166 0.999998 -0.001112 0.007174 0.999974 -0.000186 -0.000745 1.000000 
-0.000088 0.002335 0.999997 0.000044 0.000007 1.000000 0.001611 -0.000152 0.999999 -0.001101 0.007102 0.999974 -0.000169 -0.000676 1.000000 
-0.000084 0.002206 0.999998 0.000044 0.000007 1.000000 0.002030 -0.000191 0.999998 -0.001093 0.007053 0.999975 -0.000244 -0.000978 0.999999 
-0.000087 0.002304 0.999997 0.000043 0.000007 1.000000 0.001844 -0.000173 0.999998 -0.001102 0.007110 0.999974 -0.000202 -0.000810 1.000000 
-0.000088 0.002325 0.999997 0.000043 0.000007 1.000000 0.001683 -0.000158 0.999999 -0.001107 0.007143 0.999974 -0.000183 -0.000733 1.000000 
-0.000088 0.002318 0.999997 0.000044 0.000007 1.000000 0.001845 -0.000173 0.999998 -0.001108 0.007152 0.999974 -0.000202 -0.000809 1.000000 
-0.000089 0.002334 0.999997 0.000044 0.000007 1.000000 0.001663 -0.000156 0.999999 -0.001111 0.007171 0.999974 -0.000181 -0.000725 1.000000 
-0.000089 0.002339 0.999997 0.000044 0.000007 1.000000 0.001509 -0.000142 0.999999 -0.001110 0.007161 0.999974 -0.000163 -0.000654 1.000000 
-0.000089 0.002336 0.999997 0.000044 0.000007 1.000000 0.001369 -0.000129 0.999999 -0.001105 0.007132 0.999974 -0.000147 -0.000590 1.000000 
-0.000074 0.001967 0.999998 0.000046 0.000007 1.000000 0.000524 -0.000049 1.000000 -0.001098 0.007083 0.999974 -0.000169 -0.000677 1.000000 
-0.000079 0.002077 0.999998 0.000044 0.000007 1.000000 0.000914 -0.000086 1.000000 -0.001107 0.007142 0.999974 -0.000180 -0.000724 1.000000 
-0.000090 0.002374 0.999997 0.000044 0.000007 1.000000 0.001570 -0.000148 0.999999 -0.001130 0.007294 0.999973 -0.000171 -0.000688 1.000000 
-0.000093 0.002446 0.999997 0.000046 0.000007 1.000000 0.001421 -0.000134 0.999999 -0.001156 0.007462 0.999971 -0.000152 -0.000609 1.000000 
-0.000095 0.002507 0.999997 0.000047 0.000007 1.000000 0.001290 -0.000121 0.999999 -0.001181 0.007619 0.999970 -0.000136 -0.000547 1.000000 
-0.000098 0.002579 0.999997 0.000048 0.000008 1.000000 0.001177 -0.000111 0.999999 -0.001212 0.007817 0.999969 -0.000123 -0.000494 1.000000 
-0.000077 0.002058 0.999998 0.000050 0.000008 1.000000 -0.000326 0.000031 1.000000 -0.001227 0.007919 0.999968 -0.000141 -0.000564 1.000000 
-0.000088 0.002327 0.999997 0.000069 0.000011 1.000000 -0.000299 0.000028 1.000000 -0.001241 0.008005 0.999967 -0.000068 -0.000272 1.000000 
-0.000097 0.002581 0.999997 0.000110 0.000017 1.000000 -0.000268 0.000025 1.000000 -0.001263 0.008149 0.999966 -0.000003 -0.000012 1.000000 
-0.000103 0.002712 0.999996 0.000077 0.000012 1.000000 0.001777 -0.000167 0.999998 -0.001272 0.008206 0.999966 -0.000177 -0.000710 1.000000 
-0.000104 0.002740 0.999996 0.000070 0.000011 1.000000 0.001485 -0.000140 0.999999 -0.001283 0.008275 0.999965 -0.000148 -0.000593 1.000000 
-0.000104 0.002738 0.999996 0.000066 0.000010 1.000000 0.001582 -0.000149 0.999999 -0.001280 0.008257 0.999965 -0.000157 -0.000629 1.000000 
-0.000104 0.002738 0.999996 0.000065 0.000010 1.000000 0.002034 -0.000192 0.999998 -0.001273 0.008213 0.999965 -0.000197 -0.000792 1.000000 
-0.000103 0.002722 0.999996 0.000060 0.000009 1.000000 0.001842 -0.000174 0.999998 -0.001264 0.008154 0.999966 -0.000178 -0.000713 1.000000 
-0.000102 0.002702 0.999996 0.000056 0.000009 1.000000 0.001672 -0.000158 0.999999 -0.001254 0.008087 0.999967 -0.000161 -0.000645 1.000000 
-0.000102 0.002678 0.999996 0.000049 0.000008 1.000000 0.001523 -0.000144 0.999999 -0.001242 0.008009 0.999967 -0.000146 -0.000589 1.000000 
-0.000101 0.002652 0.999996 0.000048 0.000008 1.000000 0.001384 -0.000131 0.999999 -0.001230 0.007937 0.999968 -0.000133 -0.000535 1.000000 
-0.000100 0.002631 0.999997 0.000048 0.000008 1.000000 0.001922 -0.000181 0.999998 -0.001219 0.007866 0.999968 -0.000185 -0.000746 1.000000 
-0.000076 0.002012 0.999998 0.000049 0.000008 1.000000 0.000313 -0.000030 1.000000 -0.001214 0.007830 0.999969 -0.000208 -0.000836 1.000000 
-0.000084 0.002235 0.999997 0.000048 0.000008 1.000000 0.000285 -0.000027 1.000000 -0.001223 0.007891 0.999968 -0.000145 -0.000582 1.000000 
-0.000095 0.002509 0.999997 0.000053 0.000008 1.000000 0.000259 -0.000024 1.000000 -0.001241 0.008008 0.999967 -0.000071 -0.000285 1.000000 
-0.000102 0.002705 0.999996 0.000064 0.000010 1.000000 0.000235 -0.000022 1.000000 -0.001273 0.008215 0.999965 -0.000029 -0.000117 1.000000 
-0.000106 0.002806 0.999996 0.000071 0.000011 1.000000 0.000216 -0.000020 1.000000 -0.001319 0.008508 0.999963 -0.000025 -0.000101 1.000000 
-0.000110 0.002919 0.999996 0.000078 0.000012 1.000000 0.000201 -0.000019 1.000000 -0.001370 0.008834 0.999960 -0.000022 -0.000087 1.000000 
-0.000111 0.002942 0.999996 0.000296 0.000046 1.000000 0.000182 -0.000017 1.000000 -0.001432 0.009232 0.999956 -0.000019 -0.000075 1.000000 
-0.000114 0.003012 0.999995 0.000277 0.000043 1.000000 0.000166 -0.000016 1.000000 -0.001458 0.009401 0.999955 -0.000016 -0.000064 1.000000 
-0.000116 0.003077 0.999995 0.000259 0.000041 1.000000 0.000142 -0.000013 1.000000 -0.001482 0.009554 0.999953 -0.000013 -0.000051 1.000000 
-0.000118 0.003127 0.999995 0.000245 0.000039 1.000000 0.000126 -0.000012 1.000000 -0.001501 0.009672 0.999952 -0.000010 -0.000040 1.000000 
-0.000119 0.003164 0.999995 0.000235 0.000037 1.000000 0.000114 -0.000011 1.000000 -0.001514 0.009752 0.999951 -0.000008 -0.000030 1.000000 
-0.000120 0.003182 0.999995 0.000224 0.000035 1.000000 0.000105 -0.000010 1.000000 -0.001519 0.009783 0.999951 -0.000006 -0.000024 1.000000 
-0.000120 0.003187 0.999995 0.000213 0.000033 1.000000 0.000273 -0.000026 1.000000 -0.001516 0.009763 0.999951 -0.000021 -0.000084 1.000000 
-0.000117 0.003069 0.999995 0.000184 0.000029 1.000000 0.001694 -0.000160 0.999999 -0.001513 0.009743 0.999951 -0.000199 -0.000800 1.000000 
-0.000121 0.003178 0.999995 0.000169 0.000027 1.000000 0.001910 -0.000180 0.999998 -0.001526 0.009829 0.999951 -0.000198 -0.000798 1.000000 
-0.000124 0.003254 0.999995 0.000157 0.000025 1.000000 0.002278 -0.000215 0.999997 -0.001542 0.009934 0.999949 -0.000224 -0.000903 1.000000 
-0.000127 0.003323 0.999994 0.000132 0.000021 1.000000 0.002153 -0.000203 0.999998 -0.001558 0.010033 0.999948 -0.000205 -0.000826 1.000000 
-0.000127 0.003332 0.999994 0.000117 0.000018 1.000000 0.002215 -0.000209 0.999998 -0.001569 0.010103 0.999948 -0.000218 -0.000877 1.000000 
-0.000108 0.002846 0.999996 0.000097 0.000015 1.000000 0.000342 -0.000032 1.000000 -0.001569 0.010109 0.999948 -0.000182 -0.000732 1.000000 
-0.000118 0.003119 0.999995 0.000093 0.000015 1.000000 0.000309 -0.000029 1.000000 -0.001585 0.010207 0.999947 -0.000108 -0.000432 1.000000 
-0.000121 0.003170 0.999995 0.000087 0.000014 1.000000 0.001153 -0.000109 0.999999 -0.001605 0.010340 0.999945 -0.000190 -0.000764 1.000000 
-0.000132 0.003464 0.999994 0.000085 0.000013 1.000000 0.001672 -0.000158 0.999999 -0.001637 0.010546 0.999943 -0.000174 -0.000699 1.000000 
-0.000136 0.003557 0.999994 0.000083 0.000013 1.000000 0.001521 -0.000143 0.999999 -0.001675 0.010793 0.999940 -0.000156 -0.000629 1.000000 
-0.000140 0.003677 0.999993 0.000082 0.000013 1.000000 0.001380 -0.000130 0.999999 -0.001727 0.011124 0.999937 -0.000140 -0.000563 1.000000 
-0.000144 0.003766 0.999993 0.000081 0.000013 1.000000 0.001253 -0.000118 0.999999 -0.001766 0.011369 0.999934 -0.000125 -0.000504 1.000000 
-0.000145 0.003743 0.999993 0.000070 0.000011 1.000000 0.004186 -0.000394 0.999991 -0.001765 0.011360 0.999934 -0.000420 -0.001698 0.999998 
-0.000145 0.003739 0.999993 0.000069 0.000011 1.000000 0.003779 -0.000355 0.999993 -0.001760 0.011330 0.999934 -0.000378 -0.001529 0.999999 
-0.000133 0.003396 0.999994 0.000070 0.000011 1.000000 0.006196 -0.000582 0.999981 -0.001750 0.011264 0.999935 -0.000709 -0.002873 0.999996 
-0.000145 0.003701 0.999993 0.000075 0.000012 1.000000 0.005632 -0.000529 0.999984 -0.001761 0.011338 0.999934 -0.000569 -0.002308 0.999997 
-0.000148 0.003781 0.999993 0.000073 0.000012 1.000000 0.005102 -0.000479 0.999987 -0.001778 0.011446 0.999933 -0.000504 -0.002045 0.999998 
-0.000146 0.003737 0.999993 0.000355 0.000056 1.000000 0.004611 -0.000433 0.999989 -0.001812 0.011664 0.999930 -0.000448 -0.001815 0.999998 
-0.000119 0.003066 0.999995 0.000341 0.000054 1.000000 0.001281 -0.000120 0.999999 -0.001816 0.011693 0.999930 -0.000326 -0.001320 0.999999 
-0.000131 0.003378 0.999994 0.000359 0.000056 1.000000 0.001179 -0.000110 0.999999 -0.001819 0.011713 0.999930 -0.000223 -0.000900 1.000000 
-0.000144 0.003713 0.999993 0.000342 0.000054 1.000000 0.001088 -0.000102 0.999999 -0.001834 0.011819 0.999928 -0.000127 -0.000514 1.000000 
-0.000150 0.003883 0.999992 0.000295 0.000046 1.000000 0.001669 -0.000156 0.999999 -0.001855 0.011955 0.999927 -0.000154 -0.000624 1.000000 
-0.000153 0.003940 0.999992 0.000277 0.000043 1.000000 0.002213 -0.000207 0.999998 -0.001870 0.012050 0.999926 -0.000203 -0.000821 1.000000 
-0.000154 0.003977 0.999992 0.000260 0.000041 1.000000 0.002002 -0.000187 0.999998 -0.001884 0.012136 0.999925 -0.000182 -0.000738 1.000000 
-0.000156 0.004023 0.999992 0.000245 0.000038 1.000000 0.002246 -0.000210 0.999997 -0.001896 0.012209 0.999924 -0.000202 -0.000818 1.000000 
-0.000170 0.004361 0.999990 0.000243 0.000038 1.000000 0.002822 -0.000264 0.999996 -0.001898 0.012220 0.999924 -0.000159 -0.000645 1.000000 
-0.000171 0.004371 0.999990 0.000228 0.000036 1.000000 0.003059 -0.000287 0.999995 -0.001891 0.012177 0.999924 -0.000178 -0.000720 1.000000 
-0.000158 0.004010 0.999992 0.000218 0.000034 1.000000 0.004179 -0.000391 0.999991 -0.001881 0.012109 0.999925 -0.000389 -0.001578 0.999999 
