-0.001634 -0.001890 0.999997 0.001206 -0.001034 0.999999 0.001224 -0.001097 0.999999 -0.001629 -0.001907 0.999997 
-0.001477 -0.001709 0.999997 0.001094 -0.000937 0.999999 0.001110 -0.000995 0.999999 -0.001473 -0.001724 0.999997 
-0.001335 -0.001544 0.999998 0.000990 -0.000848 0.999999 0.001004 -0.000900 0.999999 -0.001331 -0.001558 0.999998 
-0.002927 -0.003383 0.999990 0.001901 -0.001630 0.999997 0.001938 -0.001739 0.999997 -0.002917 -0.003413 0.999990 
-0.002654 -0.003067 0.999992 0.001722 -0.001477 0.999997 0.001756 -0.001575 0.999997 -0.002644 -0.003094 0.999992 
-0.002840 -0.003284 0.999991 0.000625 -0.000535 1.000000 0.000684 -0.000614 1.000000 -0.002823 -0.003305 0.999991 
-0.003451 -0.003991 0.999986 0.000656 -0.000562 1.000000 0.000731 -0.000655 1.000000 -0.003430 -0.004016 0.999986 
-0.003131 -0.003620 0.999989 0.000604 -0.000518 1.000000 0.000672 -0.000603 1.000000 -0.003112 -0.003643 0.999989 
-0.003395 -0.003927 0.999987 -0.000171 0.000146 1.000000 -0.000081 0.000073 1.000000 -0.003370 -0.003947 0.999987 
-0.003027 -0.003502 0.999989 -0.000191 0.000164 1.000000 -0.000110 0.000099 1.000000 -0.003005 -0.003519 0.999989 
-0.002878 -0.003329 0.999990 -0.000146 0.000125 1.000000 -0.000070 0.000062 1.000000 -0.002856 -0.003346 0.999990 
-0.004178 -0.004833 0.999980 -0.000066 0.000056 1.000000 0.000042 -0.000037 1.000000 -0.004148 -0.004858 0.999980 
-0.000336 -0.000390 1.000000 0.005064 -0.004326 0.999978 0.004974 -0.004445 0.999978 -0.000360 -0.000423 1.000000 
-0.000317 -0.000369 1.000000 0.005400 -0.004601 0.999975 0.005303 -0.004727 0.999975 -0.000343 -0.000404 1.000000 
-0.000396 -0.000462 1.000000 0.006802 -0.005784 0.999960 0.006680 -0.005942 0.999960 -0.000429 -0.000506 1.000000 
-0.001955 -0.002253 0.999996 0.006062 -0.005215 0.999968 0.005993 -0.005393 0.999968 -0.001973 -0.002302 0.999995 
-0.016442 -0.018550 0.999693 0.004654 -0.004088 0.999981 0.004968 -0.004564 0.999977 -0.016353 -0.018679 0.999692 
-0.038674 -0.042365 0.998353 0.003312 -0.002996 0.999990 0.004173 -0.003947 0.999984 -0.038432 -0.042622 0.998352 
-0.050700 -0.053818 0.997263 0.002866 -0.002675 0.999992 0.003985 -0.003889 0.999984 -0.050386 -0.054146 0.997261 
-0.050820 -0.053563 0.997270 0.002743 -0.002579 0.999993 0.003859 -0.003793 0.999985 -0.050507 -0.053891 0.997269 
-0.045331 -0.047781 0.997829 0.002477 -0.002328 0.999994 0.003471 -0.003412 0.999988 -0.045052 -0.048074 0.997827 
-0.042231 -0.044519 0.998116 0.002314 -0.002176 0.999995 0.003241 -0.003185 0.999990 -0.041971 -0.044791 0.998114 
-0.041054 -0.043312 0.998218 0.002249 -0.002113 0.999995 0.003151 -0.003094 0.999990 -0.040801 -0.043577 0.998217 
-0.044089 -0.046779 0.997932 0.002463 -0.002300 0.999994 0.003436 -0.003355 0.999988 -0.043816 -0.047064 0.997930 
-0.048695 -0.051386 0.997491 0.002497 -0.002344 0.999994 0.003570 -0.003505 0.999987 -0.048394 -0.051700 0.997489 
-0.055914 -0.058609 0.996714 0.002739 -0.002588 0.999993 0.003965 -0.003918 0.999984 -0.055570 -0.058969 0.996712 
-0.064014 -0.065652 0.995787 0.002584 -0.002496 0.999994 0.003967 -0.004005 0.999984 -0.063625 -0.066060 0.995785 
0.003549 -0.003606 0.999987 -0.081073 -0.078995 0.993573 -0.080608 -0.079514 0.993569 0.005198 -0.005521 0.999971 
-0.001493 0.012347 0.999923 0.011133 -0.012351 0.999862 -0.103013 -0.095837 0.990052 -0.008839 -0.008769 0.999922 -0.057910 -0.007149 0.998296 -0.019767 -0.027147 0.999436 
-0.001302 0.011201 0.999936 0.014886 -0.016706 0.999750 -0.109559 -0.100573 0.988879 -0.017298 -0.017213 0.999702 -0.060432 -0.007176 0.998147 -0.025117 -0.034403 0.999092 
-0.001180 0.010132 0.999948 0.014971 -0.016672 0.999749 -0.108745 -0.100598 0.988966 -0.025698 -0.025249 0.999351 -0.058862 -0.006999 0.998242 -0.029974 -0.040821 0.998717 
-0.001066 0.009149 0.999958 0.010780 -0.012001 0.999870 -0.103850 -0.096294 0.989921 -0.030908 -0.029275 0.999093 -0.054809 -0.006513 0.998476 -0.033240 -0.044272 0.998466 
-0.053041 -0.048109 0.997433 -0.000931 0.008250 0.999966 0.003298 -0.003687 0.999988 -0.050166 -0.005769 0.998724 -0.034003 -0.043790 0.998462 
-0.047538 -0.041337 0.998014 -0.000771 0.007442 0.999972 -0.005239 0.005929 0.999969 -0.045313 -0.004793 0.998961 -0.031993 -0.039605 0.998703 
-0.038530 -0.031971 0.998746 -0.000576 0.006653 0.999978 -0.013139 0.015174 0.999799 -0.037744 -0.003344 0.999282 -0.027522 -0.032551 0.999091 
-0.026578 -0.021105 0.999424 -0.000474 0.007045 0.999975 -0.020144 0.023828 0.999513 -0.029736 -0.002058 0.999556 -0.020362 -0.023072 0.999526 
-0.000340 0.006867 0.999976 -0.017331 -0.013511 0.999759 -0.008392 0.010185 0.999913 -0.021651 -0.001114 0.999765 -0.011530 -0.012810 0.999851 
-0.000540 0.012152 0.999926 -0.009367 -0.007286 0.999930 -0.003582 0.004358 0.999984 -0.012823 -0.000594 0.999918 -0.004073 -0.004512 0.999982 
-0.001244 0.028381 0.999596 -0.000873 -0.000680 0.999999 -0.002553 0.003105 0.999992 -0.004979 -0.000228 0.999988 0.005464 0.006057 0.999967 
-0.001703 0.041383 0.999142 0.006430 0.005022 0.999967 -0.000583 0.000711 1.000000 0.002469 0.000106 0.999997 0.013571 0.015073 0.999794 
-0.002368 0.053668 0.998556 0.018517 0.014516 0.999723 -0.000574 0.000699 1.000000 0.017174 0.000772 0.999852 0.023998 0.026706 0.999355 
-0.003195 0.067042 0.997745 0.032501 0.025541 0.999145 -0.000553 0.000674 1.000000 0.035752 0.001681 0.999359 0.035715 0.039742 0.998571 
-0.003977 0.077523 0.996983 0.045852 0.036005 0.998299 -0.000510 0.000622 1.000000 0.055118 0.002688 0.998476 0.046294 0.051375 0.997606 
-0.004672 0.084291 0.996430 0.058676 0.045972 0.997218 -0.002585 0.003149 0.999992 0.073367 0.003737 0.997298 0.055451 0.061351 0.996575 
-0.005377 0.090283 0.995902 0.068359 0.053716 0.996214 -0.002348 0.002859 0.999993 0.087105 0.004648 0.996188 0.062898 0.069775 0.995578 
-0.006144 0.095630 0.995398 0.076570 0.060489 0.995228 -0.002135 0.002600 0.999994 0.098343 0.005554 0.995137 0.069305 0.077288 0.994597 
-0.006955 0.100639 0.994899 0.083956 0.066724 0.994233 -0.001942 0.002366 0.999995 0.108734 0.006496 0.994050 0.075073 0.084203 0.993617 
0.091060 0.072718 0.993187 -0.007753 0.105346 0.994405 -0.001792 0.002182 0.999996 0.119461 0.007468 0.992811 0.080530 0.090698 0.992617 
0.097870 0.078389 0.992107 -0.008467 0.109629 0.993937 -0.001682 0.002049 0.999996 0.130079 0.008379 0.991468 0.085703 0.096726 0.991614 
0.103942 0.083424 0.991078 -0.009060 0.113307 0.993519 -0.001598 0.001946 0.999997 0.139412 0.009135 0.990192 0.090310 0.102058 0.990671 
0.109094 0.087670 0.990158 -0.009490 0.116167 0.993184 -0.001531 0.001864 0.999997 0.147027 0.009692 0.989085 0.094196 0.106537 0.989837 
0.113368 0.091142 0.989364 -0.009756 0.117955 0.992971 -0.001470 0.001790 0.999997 0.152939 0.010083 0.988184 0.097344 0.110142 0.989137 
0.116959 0.093969 0.988681 -0.009869 0.118781 0.992871 -0.001405 0.001711 0.999998 0.157564 0.010334 0.987455 0.099894 0.112990 0.988562 
0.119849 0.096144 0.988126 -0.009852 0.118785 0.992871 -0.001333 0.001623 0.999998 0.160964 0.010466 0.986905 0.101853 0.115094 0.988119 
0.122031 0.097688 0.987707 -0.009727 0.118140 0.992949 -0.001255 0.001528 0.999998 0.163211 0.010485 0.986535 0.103237 0.116496 0.987811 
0.123483 0.098614 0.987435 -0.009526 0.117000 0.993086 -0.001172 0.001427 0.999998 0.164493 0.010424 0.986323 0.104037 0.117212 0.987642 
0.124271 0.099014 0.987296 -0.009286 0.115585 0.993254 -0.001086 0.001323 0.999999 0.164997 0.010308 0.986240 0.104329 0.117358 0.987594 
-0.009040 0.114060 0.993433 0.124474 0.098985 0.987273 -0.000993 0.001210 0.999999 0.164960 0.010172 0.986248 0.104187 0.117042 0.987647 
-0.008802 0.112517 0.993611 0.124167 0.098594 0.987351 -0.000894 0.001088 0.999999 0.164576 0.010032 0.986313 0.103674 0.116331 0.987785 
-0.008583 0.110918 0.993793 0.123365 0.097856 0.987525 -0.000787 0.000958 0.999999 0.163912 0.009910 0.986425 0.102792 0.115229 0.988006 
-0.008373 0.109097 0.993996 0.121960 0.096682 0.987815 -0.000667 0.000812 0.999999 0.162776 0.009811 0.986614 0.101439 0.113633 0.988331 
-0.008151 0.106971 0.994229 0.119861 0.094998 0.988235 -0.000537 0.000654 1.000000 0.160921 0.009703 0.986920 0.099546 0.111471 0.988769 
-0.007918 0.104418 0.994502 0.117115 0.092820 0.988771 -0.000410 0.000500 1.000000 0.158370 0.009602 0.987333 0.097126 0.108741 0.989314 
-0.007653 0.101473 0.994809 0.113724 0.090130 0.989416 -0.000310 0.000377 1.000000 0.155074 0.009468 0.987858 0.094189 0.105426 0.989956 
-0.007350 0.098145 0.995145 0.109671 0.086908 0.990161 -0.000205 0.000250 1.000000 0.150972 0.009282 0.988495 0.090733 0.101523 0.990687 
-0.007009 0.094419 0.995508 0.104939 0.083140 0.990997 -0.000119 0.000145 1.000000 0.146040 0.009039 0.989237 0.086740 0.097010 0.991496 
-0.006629 0.090225 0.995899 0.099512 0.078817 0.991910 -0.000066 0.000080 1.000000 0.140309 0.008743 0.990069 0.082175 0.091853 0.992376 
-0.006218 0.085514 0.996318 0.093342 0.073911 0.992887 -0.000021 0.000026 1.000000 0.133827 0.008405 0.990969 0.076987 0.086006 0.993316 
-0.005772 0.080593 0.996730 0.086825 0.068719 0.993851 -0.000121 0.000147 1.000000 0.126347 0.007962 0.991954 0.071564 0.079888 0.994232 
-0.005221 0.074714 0.997191 0.079804 0.063058 0.994814 -0.000080 0.000098 1.000000 0.117467 0.007368 0.993049 0.065725 0.073265 0.995144 
-0.004581 0.067753 0.997692 0.072226 0.056930 0.995762 0.000046 -0.000056 1.000000 0.107187 0.006647 0.994217 0.059375 0.066079 0.996046 
-0.003857 0.059662 0.998211 0.064625 0.050735 0.996619 -0.001971 0.002390 0.999995 0.095407 0.005787 0.995421 0.052516 0.058301 0.996917 
-0.003101 0.050796 0.998704 0.055230 0.043183 0.997539 -0.001064 0.001291 0.999999 0.082369 0.004826 0.996590 0.044789 0.049614 0.997764 
-0.002365 0.041328 0.999143 0.045633 0.035496 0.998327 -0.001094 0.001327 0.999999 0.068891 0.003866 0.997617 0.036658 0.040483 0.998508 
-0.001684 0.031508 0.999502 0.035900 0.027769 0.998970 -0.000258 0.000313 1.000000 0.055564 0.002969 0.998451 0.028521 0.031390 0.999100 
-0.001078 0.021690 0.999764 0.026309 0.020232 0.999449 -0.000232 0.000282 1.000000 0.042428 0.002145 0.999097 0.020325 0.022284 0.999545 
-0.000551 0.011899 0.999929 0.016262 0.012435 0.999790 0.000447 -0.000542 1.000000 0.029456 0.001404 0.999565 0.011896 0.012994 0.999845 
-0.000100 0.002323 0.999997 0.006245 0.004749 0.999969 0.001440 -0.001749 0.999997 0.016750 0.000748 0.999859 0.003587 0.003903 0.999986 
0.000003 -0.000073 1.000000 -0.000909 -0.000689 0.999999 0.001240 -0.001511 0.999998 -0.001067 -0.000043 0.999999 -0.000338 -0.000367 1.000000 
-0.000017 0.000518 1.000000 -0.004185 -0.003150 0.999986 0.000983 -0.001220 0.999999 -0.004235 -0.000148 0.999991 -0.002502 -0.002696 0.999993 
-0.000046 0.001536 0.999999 -0.007872 -0.005887 0.999952 0.000865 -0.001088 0.999999 -0.004947 -0.000157 0.999988 -0.005237 -0.005604 0.999971 
-0.000030 0.001180 0.999999 -0.010479 -0.007781 0.999915 0.001130 -0.001440 0.999998 -0.005958 -0.000164 0.999982 -0.007267 -0.007716 0.999944 
-0.000023 0.001032 0.999999 -0.012000 -0.008848 0.999889 0.001374 -0.001767 0.999997 -0.005948 -0.000143 0.999982 -0.008513 -0.008970 0.999924 
-0.000016 0.000944 1.000000 -0.012681 -0.009300 0.999876 0.001635 -0.002124 0.999996 -0.006488 -0.000123 0.999979 -0.008963 -0.009388 0.999916 
-0.000011 0.000865 1.000000 -0.012755 -0.009325 0.999875 0.001746 -0.002288 0.999996 -0.006458 -0.000096 0.999979 -0.009022 -0.009416 0.999915 
-0.000024 0.001842 0.999998 -0.012528 -0.009154 0.999880 0.001939 -0.002542 0.999995 -0.006440 -0.000095 0.999979 -0.008579 -0.008949 0.999923 
-0.000018 0.001404 0.999999 -0.011249 -0.008220 0.999903 0.001756 -0.002303 0.999996 -0.004681 -0.000069 0.999989 -0.007911 -0.008251 0.999935 
-0.000014 0.001088 0.999999 -0.009524 -0.006959 0.999930 0.001585 -0.002078 0.999997 -0.003075 -0.000045 0.999995 -0.006823 -0.007116 0.999951 
-0.000026 0.002078 0.999998 -0.007475 -0.005460 0.999957 0.001412 -0.001851 0.999997 -0.002079 -0.000030 0.999998 -0.005095 -0.005312 0.999973 
-0.000074 0.005690 0.999984 -0.005105 -0.003728 0.999980 0.000893 -0.001171 0.999999 0.000381 0.000006 1.000000 -0.002813 -0.002932 0.999992 
-0.000101 0.007382 0.999973 -0.002604 -0.001894 0.999995 0.000820 -0.001075 0.999999 0.003611 0.000056 0.999993 -0.000847 -0.000880 0.999999 
-0.000069 0.005398 0.999985 -0.000213 -0.000153 1.000000 0.000635 -0.000832 0.999999 0.006915 0.000101 0.999976 0.000182 0.000187 1.000000 
-0.000032 0.002922 0.999996 0.001887 0.001344 0.999997 0.000472 -0.000619 1.000000 0.009564 0.000121 0.999954 0.000949 0.000969 0.999999 
-0.000012 0.001213 0.999999 0.004361 0.003078 0.999986 0.000397 -0.000521 1.000000 0.012849 0.000145 0.999917 0.002118 0.002146 0.999995 
-0.000029 0.003202 0.999995 0.007555 0.005312 0.999957 0.000327 -0.000428 1.000000 0.016423 0.000176 0.999865 0.004682 0.004727 0.999978 
-0.000053 0.005840 0.999983 0.010462 0.007351 0.999918 0.000263 -0.000344 1.000000 0.019959 0.000213 0.999801 0.007165 0.007225 0.999948 
-0.000085 0.008827 0.999961 0.012927 0.009099 0.999875 0.000211 -0.000277 1.000000 0.022744 0.000254 0.999741 0.009471 0.009563 0.999909 
-0.000122 0.011804 0.999930 0.015059 0.010628 0.999830 0.000164 -0.000215 1.000000 0.025082 0.000296 0.999685 0.011563 0.011699 0.999865 
-0.000155 0.014262 0.999898 0.016547 0.011703 0.999795 0.001234 -0.001619 0.999998 0.027187 0.000332 0.999630 0.013302 0.013476 0.999821 
-0.000181 0.016015 0.999872 0.017940 0.012698 0.999758 0.001099 -0.001442 0.999998 0.029034 0.000366 0.999578 0.014556 0.014753 0.999785 
-0.000203 0.017403 0.999849 0.019041 0.013486 0.999728 0.000971 -0.001273 0.999999 0.030417 0.000393 0.999537 0.015555 0.015770 0.999755 
-0.000220 0.018397 0.999831 0.019797 0.014030 0.999706 0.000854 -0.001120 0.999999 0.031237 0.000411 0.999512 0.016260 0.016493 0.999732 
-0.000230 0.018988 0.999820 0.020189 0.014314 0.999694 0.000745 -0.000978 0.999999 0.031540 0.000418 0.999502 0.016649 0.016893 0.999719 
-0.000234 0.019279 0.999814 0.020299 0.014394 0.999690 0.000652 -0.000856 0.999999 0.031528 0.000419 0.999503 0.016784 0.017033 0.999714 
-0.000234 0.019334 0.999813 0.020258 0.014364 0.999692 0.000556 -0.000729 1.000000 0.031256 0.000415 0.999511 0.016779 0.017028 0.999714 
-0.000233 0.019193 0.999816 0.019623 0.013923 0.999711 0.000403 -0.000528 1.000000 0.030761 0.000409 0.999527 0.016253 0.016501 0.999732 
-0.000226 0.018919 0.999821 0.018919 0.013423 0.999731 0.000522 -0.000684 1.000000 0.029832 0.000393 0.999555 0.015766 0.016009 0.999748 
-0.000212 0.018210 0.999834 0.017969 0.012745 0.999757 0.000462 -0.000605 1.000000 0.028479 0.000367 0.999594 0.014997 0.015227 0.999772 
-0.000195 0.017371 0.999849 0.016958 0.012022 0.999784 0.000404 -0.000530 1.000000 0.027044 0.000339 0.999634 0.014161 0.014374 0.999796 
-0.000177 0.016367 0.999866 0.015840 0.011223 0.999812 0.000100 -0.000131 1.000000 0.025481 0.000310 0.999675 0.013160 0.013353 0.999824 
-0.000158 0.015210 0.999884 0.014561 0.010310 0.999841 -0.000178 0.000234 1.000000 0.023732 0.000279 0.999718 0.012024 0.012196 0.999853 
-0.000137 0.013883 0.999904 0.013146 0.009302 0.999870 -0.000162 0.000212 1.000000 0.021821 0.000247 0.999762 0.010830 0.010981 0.999881 
-0.000115 0.012374 0.999923 0.011161 0.007898 0.999907 0.002403 -0.003153 0.999992 0.019820 0.000214 0.999804 0.009736 0.009875 0.999904 
-0.000093 0.010707 0.999943 0.009628 0.006805 0.999931 0.002165 -0.002840 0.999994 0.017700 0.000181 0.999843 0.008339 0.008452 0.999930 
-0.000072 0.009004 0.999959 0.008003 0.005649 0.999952 0.001952 -0.002561 0.999995 0.015447 0.000149 0.999881 0.006884 0.006971 0.999952 
-0.000053 0.007268 0.999974 0.006263 0.004415 0.999971 0.001761 -0.002310 0.999996 0.013043 0.000117 0.999915 0.005354 0.005417 0.999971 
-0.000037 0.005528 0.999985 0.004449 0.003132 0.999985 0.001589 -0.002084 0.999997 0.010519 0.000088 0.999945 0.003782 0.003824 0.999986 
-0.000023 0.003802 0.999993 0.002593 0.001823 0.999995 0.001429 -0.001874 0.999997 0.007918 0.000061 0.999969 0.002195 0.002217 0.999995 
-0.000011 0.002069 0.999998 0.000728 0.000511 1.000000 0.001279 -0.001678 0.999998 0.005325 0.000037 0.999986 0.000599 0.000605 1.000000 
-0.000001 0.000237 1.000000 -0.000307 -0.000215 1.000000 0.001151 -0.001509 0.999998 0.002049 0.000012 0.999998 -0.000225 -0.000227 1.000000 
-0.000001 0.000139 1.000000 -0.001076 -0.000755 0.999999 0.001038 -0.001361 0.999999 0.000704 0.000004 1.000000 -0.000715 -0.000721 0.999999 
-0.000000 0.000027 1.000000 -0.001764 -0.001237 0.999998 0.000111 -0.000145 1.000000 0.000103 0.000001 1.000000 -0.001444 -0.001456 0.999998 
-0.000001 0.000207 1.000000 -0.002028 -0.001422 0.999997 0.000112 -0.000148 1.000000 -0.000281 -0.000002 1.000000 -0.001565 -0.001578 0.999998 
-0.000001 0.000170 1.000000 -0.002105 -0.001476 0.999997 -0.000831 0.001092 0.999999 -0.000320 -0.000002 1.000000 -0.001857 -0.001872 0.999997 
-0.000001 0.000177 1.000000 -0.002009 -0.001409 0.999997 -0.000748 0.000983 0.999999 -0.000214 -0.000001 1.000000 -0.001772 -0.001786 0.999997 
-0.000001 0.000196 1.000000 -0.001952 -0.001368 0.999997 -0.001569 0.002065 0.999997 0.000165 0.000001 1.000000 -0.001972 -0.001986 0.999996 
-0.000002 0.000416 1.000000 -0.001799 -0.001261 0.999998 -0.000546 0.000718 1.000000 0.000559 0.000003 1.000000 -0.001609 -0.001621 0.999997 
-0.000003 0.000818 1.000000 -0.001230 -0.000862 0.999999 -0.000491 0.000646 1.000000 0.000995 0.000006 1.000000 -0.001097 -0.001105 0.999999 
-0.000005 0.001464 0.999999 -0.000643 -0.000451 1.000000 -0.001377 0.001812 0.999997 0.001504 0.000008 0.999999 -0.000750 -0.000755 0.999999 
-0.000007 0.002053 0.999998 -0.000004 -0.000003 1.000000 -0.001268 0.001669 0.999998 0.002075 0.000011 0.999998 -0.000144 -0.000145 1.000000 
-0.000010 0.002871 0.999996 0.000133 0.000093 1.000000 0.000987 -0.001300 0.999999 0.002691 0.000014 0.999996 0.000603 0.000608 1.000000 
-0.000013 0.003623 0.999993 0.000604 0.000423 1.000000 -0.001084 0.001428 0.999998 0.003303 0.000017 0.999995 0.000580 0.000583 1.000000 
-0.000015 0.004295 0.999991 0.001014 0.000710 0.999999 -0.000982 0.001294 0.999999 0.003985 0.000021 0.999992 0.000997 0.001003 0.999999 
-0.000018 0.004837 0.999988 0.001260 0.000883 0.999999 0.000174 -0.000230 1.000000 0.004420 0.000024 0.999990 0.001536 0.001547 0.999998 
-0.000020 0.005262 0.999986 0.001703 0.001194 0.999998 0.000146 -0.000192 1.000000 0.004807 0.000026 0.999988 0.001936 0.001949 0.999996 
-0.000021 0.005615 0.999984 0.002109 0.001478 0.999997 0.000117 -0.000155 1.000000 0.005143 0.000028 0.999987 0.002297 0.002312 0.999995 
-0.000022 0.005821 0.999983 0.002350 0.001647 0.999996 -0.000385 0.000507 1.000000 0.005422 0.000030 0.999985 0.002383 0.002399 0.999994 
-0.000023 0.006123 0.999981 0.002652 0.001859 0.999995 -0.000351 0.000463 1.000000 0.005623 0.000031 0.999984 0.002681 0.002699 0.999993 
-0.000024 0.006371 0.999980 0.002629 0.001844 0.999995 0.001041 -0.001373 0.999999 0.005830 0.000032 0.999983 0.003019 0.003041 0.999991 
-0.000024 0.006576 0.999978 0.002880 0.002019 0.999994 0.000938 -0.001237 0.999999 0.005945 0.000032 0.999982 0.003232 0.003255 0.999989 
-0.000025 0.006810 0.999977 0.003094 0.002169 0.999993 0.000838 -0.001105 0.999999 0.006000 0.000032 0.999982 0.003431 0.003455 0.999988 
-0.000025 0.007028 0.999975 0.003289 0.002305 0.999992 0.000744 -0.000982 0.999999 0.006046 0.000032 0.999982 0.003612 0.003637 0.999987 
-0.000025 0.007232 0.999974 0.003471 0.002432 0.999991 0.000660 -0.000870 0.999999 0.006097 0.000032 0.999981 0.003782 0.003807 0.999986 
-0.000025 0.007428 0.999972 0.003648 0.002556 0.999990 0.000583 -0.000769 1.000000 0.006158 0.000032 0.999981 0.003946 0.003973 0.999984 
-0.000026 0.007620 0.999971 0.003825 0.002680 0.999989 0.000515 -0.000679 1.000000 0.006233 0.000032 0.999981 0.004109 0.004136 0.999983 
-0.000026 0.007811 0.999969 0.004002 0.002804 0.999988 0.000453 -0.000597 1.000000 0.006322 0.000032 0.999980 0.004271 0.004299 0.999982 
-0.000026 0.008007 0.999968 0.004189 0.002935 0.999987 0.000397 -0.000524 1.000000 0.006434 0.000032 0.999979 0.004441 0.004470 0.999980 
-0.000027 0.008220 0.999966 0.004395 0.003079 0.999986 0.000347 -0.000457 1.000000 0.006580 0.000033 0.999978 0.004627 0.004656 0.999978 
-0.000028 0.008447 0.999964 0.004617 0.003235 0.999984 0.000300 -0.000396 1.000000 0.006754 0.000034 0.999977 0.004826 0.004857 0.999977 
-0.000029 0.008657 0.999963 0.004823 0.003379 0.999983 0.000257 -0.000339 1.000000 0.006914 0.000035 0.999976 0.005011 0.005043 0.999975 
-0.000029 0.008847 0.999961 0.005010 0.003510 0.999981 0.000218 -0.000287 1.000000 0.007059 0.000035 0.999975 0.005178 0.005211 0.999973 
-0.000030 0.009019 0.999959 0.005178 0.003628 0.999980 0.000183 -0.000241 1.000000 0.007191 0.000036 0.999974 0.005329 0.005363 0.999971 
-0.000030 0.009174 0.999958 0.005329 0.003733 0.999979 0.000151 -0.000199 1.000000 0.007308 0.000037 0.999973 0.005464 0.005499 0.999970 
-0.000031 0.009308 0.999957 0.005460 0.003825 0.999978 0.000123 -0.000162 1.000000 0.007410 0.000037 0.999973 0.005581 0.005617 0.999969 
-0.000031 0.009430 0.999956 0.005579 0.003908 0.999977 0.000097 -0.000128 1.000000 0.007502 0.000037 0.999972 0.005688 0.005725 0.999967 
-0.000032 0.009543 0.999954 0.005687 0.003984 0.999976 0.000073 -0.000096 1.000000 0.007584 0.000038 0.999971 0.005785 0.005823 0.999966 
-0.000032 0.009645 0.999953 0.005779 0.004049 0.999975 0.000053 -0.000069 1.000000 0.007655 0.000038 0.999971 0.005869 0.005907 0.999965 
-0.000032 0.009724 0.999953 0.005650 0.003959 0.999976 0.000572 -0.000755 1.000000 0.007700 0.000039 0.999970 0.005898 0.005937 0.999965 
-0.000033 0.009867 0.999951 0.005758 0.004034 0.999975 0.000514 -0.000678 1.000000 0.007756 0.000039 0.999970 0.005998 0.006037 0.999964 
-0.000034 0.010055 0.999949 0.005901 0.004134 0.999974 0.000453 -0.000598 1.000000 0.007839 0.000039 0.999969 0.006132 0.006172 0.999962 
-0.000034 0.010264 0.999947 0.006081 0.004261 0.999972 0.000396 -0.000523 1.000000 0.007961 0.000040 0.999968 0.006297 0.006339 0.999960 
-0.000035 0.010497 0.999945 0.006289 0.004406 0.999971 0.000343 -0.000452 1.000000 0.008122 0.000041 0.999967 0.006486 0.006529 0.999958 
-0.000036 0.010692 0.999943 0.006451 0.004520 0.999969 0.000293 -0.000387 1.000000 0.008242 0.000042 0.999966 0.006635 0.006679 0.999956 
-0.000036 0.010834 0.999941 0.006562 0.004598 0.999968 0.000249 -0.000328 1.000000 0.008309 0.000042 0.999965 0.006739 0.006784 0.999954 
-0.000037 0.010960 0.999940 0.006660 0.004667 0.999967 0.000210 -0.000277 1.000000 0.008368 0.000042 0.999965 0.006831 0.006876 0.999953 
-0.000037 0.011073 0.999939 0.006749 0.004729 0.999966 0.000174 -0.000230 1.000000 0.008421 0.000042 0.999965 0.006914 0.006960 0.999952 
-0.000038 0.011177 0.999938 0.006829 0.004785 0.999965 0.000143 -0.000188 1.000000 0.008470 0.000043 0.999964 0.006989 0.007035 0.999951 
-0.000038 0.011272 0.999936 0.006902 0.004836 0.999964 0.000114 -0.000150 1.000000 0.008514 0.000043 0.999964 0.007057 0.007104 0.999950 
-0.000038 0.011358 0.999935 0.006967 0.004881 0.999964 0.000088 -0.000116 1.000000 0.008553 0.000043 0.999963 0.007119 0.007166 0.999949 
-0.000039 0.011434 0.999935 0.007025 0.004922 0.999963 0.000065 -0.000085 1.000000 0.008589 0.000043 0.999963 0.007174 0.007221 0.999948 
-0.000039 0.011502 0.999934 0.007075 0.004957 0.999963 0.000044 -0.000058 1.000000 0.008619 0.000043 0.999963 0.007222 0.007269 0.999948 
-0.000040 0.011562 0.999933 0.006921 0.004848 0.999964 -0.000721 0.000952 0.999999 0.008663 0.000044 0.999962 0.006919 0.006963 0.999952 
-0.000041 0.011676 0.999932 0.006985 0.004895 0.999964 -0.000657 0.000868 0.999999 0.008702 0.000045 0.999962 0.007007 0.007053 0.999951 
-0.000041 0.011740 0.999931 0.007113 0.004985 0.999962 -0.000599 0.000792 1.000000 0.008859 0.000046 0.999961 0.007118 0.007166 0.999949 
-0.000042 0.011799 0.999930 0.007295 0.005112 0.999960 -0.000544 0.000718 1.000000 0.009089 0.000047 0.999959 0.007262 0.007311 0.999947 
-0.000042 0.011896 0.999929 0.007521 0.005271 0.999958 -0.000494 0.000652 1.000000 0.009358 0.000048 0.999956 0.007444 0.007494 0.999944 
-0.000043 0.012035 0.999928 0.007791 0.005460 0.999955 -0.000449 0.000593 1.000000 0.009664 0.000050 0.999953 0.007666 0.007717 0.999941 
-0.000043 0.012214 0.999925 0.008108 0.005682 0.999951 -0.000410 0.000541 1.000000 0.010011 0.000052 0.999950 0.007927 0.007981 0.999937 
-0.000044 0.012435 0.999923 0.008466 0.005933 0.999947 -0.000375 0.000495 1.000000 0.010403 0.000054 0.999946 0.008226 0.008282 0.999932 
-0.000046 0.012747 0.999919 0.008876 0.006222 0.999941 -0.000337 0.000445 1.000000 0.010904 0.000057 0.999941 0.008572 0.008631 0.999926 
-0.000049 0.013038 0.999915 0.009253 0.006487 0.999936 -0.000303 0.000401 1.000000 0.011365 0.000061 0.999935 0.008892 0.008954 0.999920 
-0.000051 0.013277 0.999912 0.009566 0.006707 0.999932 -0.000273 0.000360 1.000000 0.011748 0.000064 0.999931 0.009156 0.009221 0.999916 
-0.000052 0.013441 0.999910 0.009796 0.006869 0.999928 -0.000245 0.000324 1.000000 0.012031 0.000066 0.999928 0.009349 0.009415 0.999912 
-0.000053 0.013555 0.999908 0.009970 0.006992 0.999926 -0.000220 0.000290 1.000000 0.012247 0.000067 0.999925 0.009495 0.009562 0.999909 
-0.000053 0.013642 0.999907 0.010111 0.007091 0.999924 -0.000197 0.000261 1.000000 0.012422 0.000068 0.999923 0.009611 0.009679 0.999907 
-0.000054 0.013705 0.999906 0.010220 0.007167 0.999922 -0.000177 0.000234 1.000000 0.012558 0.000069 0.999921 0.009700 0.009770 0.999905 
-0.000054 0.013744 0.999906 0.010299 0.007223 0.999921 -0.000159 0.000210 1.000000 0.012659 0.000070 0.999920 0.009764 0.009834 0.999904 
-0.000055 0.013761 0.999905 0.010221 0.007167 0.999922 -0.000644 0.000851 0.999999 0.012777 0.000072 0.999918 0.009572 0.009639 0.999908 
-0.000055 0.013797 0.999905 0.010378 0.007277 0.999920 -0.000585 0.000772 1.000000 0.012986 0.000073 0.999916 0.009694 0.009762 0.999905 
-0.000056 0.013883 0.999904 0.010597 0.007430 0.999916 -0.000530 0.000701 1.000000 0.013252 0.000074 0.999912 0.009869 0.009938 0.999902 
-0.000057 0.014024 0.999902 0.010878 0.007627 0.999912 -0.000482 0.000637 1.000000 0.013572 0.000076 0.999908 0.010099 0.010169 0.999897 
-0.000058 0.014223 0.999899 0.011213 0.007863 0.999906 -0.000438 0.000579 1.000000 0.013956 0.000078 0.999903 0.010377 0.010449 0.999892 
-0.000060 0.014484 0.999895 0.011583 0.008123 0.999900 -0.000394 0.000520 1.000000 0.014414 0.000082 0.999896 0.010686 0.010762 0.999885 
-0.000062 0.014713 0.999892 0.011905 0.008350 0.999894 -0.000353 0.000467 1.000000 0.014815 0.000085 0.999890 0.010956 0.011035 0.999879 
-0.000063 0.014877 0.999889 0.012152 0.008525 0.999890 -0.000317 0.000419 1.000000 0.015124 0.000088 0.999886 0.011162 0.011243 0.999874 
-0.000064 0.014996 0.999888 0.012346 0.008661 0.999886 -0.000284 0.000375 1.000000 0.015368 0.000089 0.999882 0.011322 0.011405 0.999871 
-0.000065 0.015091 0.999886 0.012508 0.008775 0.999883 -0.000254 0.000336 1.000000 0.015572 0.000091 0.999879 0.011456 0.011540 0.999868 
-0.000066 0.015166 0.999885 0.012642 0.008870 0.999881 -0.000228 0.000301 1.000000 0.015742 0.000092 0.999876 0.011565 0.011650 0.999865 
-0.000066 0.015222 0.999884 0.012750 0.008945 0.999879 -0.000203 0.000269 1.000000 0.015880 0.000093 0.999874 0.011653 0.011739 0.999863 
-0.000067 0.015261 0.999884 0.012834 0.009004 0.999877 -0.000181 0.000239 1.000000 0.015989 0.000094 0.999872 0.011721 0.011807 0.999862 
