-0.002713 -0.000149 0.999996 -0.000073 0.001224 0.999999 -0.000043 0.001164 0.999999 -0.002704 -0.000165 0.999996 
-0.002460 -0.000135 0.999997 -0.000066 0.001107 0.999999 -0.000039 0.001053 0.999999 -0.002453 -0.000150 0.999997 
-0.002234 -0.000123 0.999997 -0.000059 0.000999 0.999999 -0.000035 0.000951 1.000000 -0.002227 -0.000136 0.999998 
-0.002025 -0.000111 0.999998 -0.000054 0.000906 1.000000 -0.000032 0.000861 1.000000 -0.002018 -0.000123 0.999998 
-0.000840 -0.000046 1.000000 -0.000125 0.002114 0.999998 -0.000077 0.002097 0.999998 -0.000826 -0.000050 1.000000 
-0.000759 -0.000042 1.000000 -0.000008 0.000134 1.000000 -0.000004 0.000117 1.000000 -0.000758 -0.000046 1.000000 
-0.004167 -0.000231 0.999991 0.000088 -0.001465 0.999999 0.000058 -0.001560 0.999999 -0.004175 -0.000257 0.999991 
-0.003774 -0.000209 0.999993 0.000081 -0.001355 0.999999 0.000054 -0.001441 0.999999 -0.003781 -0.000232 0.999993 
-0.004257 -0.000237 0.999991 0.000196 -0.003271 0.999995 0.000127 -0.003369 0.999994 -0.004276 -0.000264 0.999991 
-0.003840 -0.000214 0.999993 0.000180 -0.002993 0.999996 0.000116 -0.003082 0.999995 -0.003857 -0.000238 0.999993 
-0.003471 -0.000193 0.999994 0.000171 -0.002856 0.999996 0.000110 -0.002936 0.999996 -0.003488 -0.000215 0.999994 
-0.003143 -0.000175 0.999995 0.000348 -0.005798 0.999983 0.000221 -0.005873 0.999983 -0.003178 -0.000196 0.999995 
-0.002848 -0.000155 0.999996 0.000318 -0.005404 0.999985 0.000200 -0.005472 0.999985 -0.002881 -0.000175 0.999996 
-0.002584 -0.000141 0.999997 0.000291 -0.004949 0.999988 0.000183 -0.005011 0.999987 -0.002614 -0.000159 0.999997 
-0.002357 -0.000128 0.999997 0.000314 -0.005339 0.999986 0.000197 -0.005397 0.999985 -0.002389 -0.000145 0.999997 
-0.002164 -0.000118 0.999998 0.000919 -0.015619 0.999878 0.000572 -0.015682 0.999877 -0.002259 -0.000137 0.999997 
-0.001975 -0.000107 0.999998 0.001604 -0.027252 0.999627 0.000997 -0.027321 0.999626 -0.002141 -0.000130 0.999998 
-0.001823 -0.000152 0.999998 0.002676 -0.030405 0.999534 0.001999 -0.030494 0.999533 -0.002008 -0.000180 0.999998 
-0.001720 -0.000180 0.999999 0.003641 -0.033383 0.999436 0.002899 -0.033489 0.999435 -0.001923 -0.000213 0.999998 
-0.001672 -0.000147 0.999999 0.002308 -0.024929 0.999687 0.001754 -0.025008 0.999686 -0.001823 -0.000172 0.999998 
-0.001163 -0.000080 0.999999 0.000860 -0.011685 0.999931 0.000600 -0.011725 0.999931 -0.001234 -0.000093 0.999999 
-0.005553 -0.000389 0.999985 -0.000364 0.004894 0.999988 -0.000248 0.004776 0.999989 -0.005520 -0.000420 0.999985 
-0.002299 -0.000198 0.999997 0.000051 -0.000564 1.000000 0.000042 -0.000616 1.000000 -0.002302 -0.000212 0.999997 
-0.002974 -0.000353 0.999996 -0.080945 -0.056485 0.995117 0.013390 -0.018147 0.999746 0.001446 0.012436 0.999922 0.000197 -0.001685 0.999999 -0.005438 0.218467 0.975829 
-0.001225 -0.000160 0.999999 -0.017425 -0.006538 0.999827 -0.008700 0.021620 0.999728 -0.000616 -0.007039 0.999975 0.001567 -0.012174 0.999925 -0.001013 0.047072 0.998891 
-0.004207 -0.000470 0.999991 -0.000455 -0.000144 1.000000 -0.005120 0.014950 0.999875 -0.001758 -0.012438 0.999921 0.002056 -0.018685 0.999823 0.000462 0.008624 0.999963 
-0.000398 -0.000040 1.000000 -0.002307 -0.000716 0.999997 -0.001420 0.004214 0.999990 -0.002584 -0.015148 0.999882 0.001937 -0.019421 0.999810 0.000333 0.003924 0.999992 
-0.001620 -0.000182 0.999999 -0.001859 -0.000577 0.999998 -0.001128 0.003346 0.999994 -0.002662 -0.015421 0.999878 0.002233 -0.020164 0.999794 0.000117 0.001254 0.999999 
-0.004664 -0.000558 0.999989 -0.002406 -0.000754 0.999997 -0.000402 0.001183 0.999999 -0.002974 -0.016721 0.999856 0.002527 -0.021408 0.999768 -0.000498 -0.004818 0.999988 
-0.006849 -0.000848 0.999976 -0.001077 -0.000338 0.999999 -0.000722 0.002118 0.999997 -0.003157 -0.017502 0.999842 0.002814 -0.023021 0.999731 -0.000923 -0.008490 0.999964 
-0.008116 -0.001017 0.999967 -0.000973 -0.000306 0.999999 -0.000646 0.001896 0.999998 -0.003298 -0.018075 0.999831 0.002984 -0.024128 0.999704 -0.001164 -0.010369 0.999946 
-0.008692 -0.001089 0.999962 -0.000643 -0.000202 1.000000 -0.000580 0.001699 0.999998 -0.003336 -0.018020 0.999832 0.003006 -0.024294 0.999700 -0.001343 -0.011621 0.999932 
-0.008349 -0.001042 0.999965 -0.000596 -0.000188 1.000000 -0.000498 0.001456 0.999999 -0.003270 -0.017571 0.999840 0.002939 -0.023848 0.999711 -0.001312 -0.011270 0.999936 
-0.007699 -0.000951 0.999970 -0.000545 -0.000172 1.000000 -0.000463 0.001354 0.999999 -0.003139 -0.016759 0.999855 0.002776 -0.022782 0.999737 -0.001224 -0.010445 0.999945 
-0.007074 -0.000861 0.999975 -0.000494 -0.000156 1.000000 -0.000435 0.001272 0.999999 -0.002925 -0.015482 0.999876 0.002539 -0.021146 0.999773 -0.001127 -0.009536 0.999954 
-0.006379 -0.000765 0.999979 0.000260 0.000082 1.000000 -0.000714 0.002086 0.999998 -0.002631 -0.013801 0.999901 0.002225 -0.018821 0.999820 -0.001050 -0.008789 0.999961 
-0.006047 -0.000713 0.999981 -0.003509 -0.001105 0.999993 -0.001830 0.005356 0.999984 -0.003039 -0.015912 0.999869 0.001875 -0.016136 0.999868 -0.000595 -0.005003 0.999987 
-0.004889 -0.000569 0.999988 -0.002939 -0.000925 0.999995 -0.002365 0.006933 0.999973 -0.002705 -0.014070 0.999897 0.001478 -0.012895 0.999916 -0.000384 -0.003205 0.999995 
-0.002954 -0.000341 0.999996 -0.002979 -0.000935 0.999995 -0.003117 0.009155 0.999953 -0.002369 -0.012240 0.999922 0.000987 -0.008674 0.999962 0.000037 0.000309 1.000000 
-0.000864 -0.000099 1.000000 -0.002870 -0.000900 0.999995 -0.003189 0.009376 0.999951 -0.001765 -0.009091 0.999957 0.000526 -0.004647 0.999989 0.000472 0.003879 0.999992 
-0.000071 -0.000008 1.000000 -0.002580 -0.000809 0.999996 -0.003951 0.011618 0.999925 -0.001121 -0.005775 0.999983 0.000037 -0.000329 1.000000 0.000880 0.007224 0.999974 
-0.000015 -0.000002 1.000000 -0.002315 -0.000726 0.999997 -0.005186 0.015249 0.999870 -0.000989 -0.005091 0.999987 -0.000004 0.000031 1.000000 0.001333 0.010938 0.999939 
-0.000028 -0.000003 1.000000 -0.002068 -0.000648 0.999998 -0.006480 0.019053 0.999797 -0.000894 -0.004600 0.999989 -0.000009 0.000078 1.000000 0.001803 0.014771 0.999889 
-0.000038 -0.000004 1.000000 -0.001859 -0.000583 0.999998 -0.007776 0.022865 0.999708 -0.000804 -0.004140 0.999991 -0.000025 0.000216 1.000000 0.002266 0.018547 0.999825 
-0.000048 -0.000006 1.000000 -0.001694 -0.000531 0.999998 -0.009053 0.026624 0.999605 -0.000723 -0.003722 0.999993 -0.000087 0.000769 1.000000 0.002678 0.021907 0.999756 
-0.000054 -0.000006 1.000000 -0.001553 -0.000486 0.999999 -0.010285 0.030263 0.999489 -0.000649 -0.003338 0.999994 -0.000244 0.002148 0.999998 0.002988 0.024392 0.999698 
-0.000059 -0.000007 1.000000 -0.001426 -0.000444 0.999999 -0.011468 0.033946 0.999358 -0.000584 -0.002990 0.999995 -0.000434 0.003821 0.999993 0.003301 0.026593 0.999641 
-0.000063 -0.000007 1.000000 -0.001315 -0.000404 0.999999 -0.012634 0.037856 0.999203 -0.000528 -0.002675 0.999996 -0.000653 0.005747 0.999983 0.003654 0.028706 0.999581 
-0.000065 -0.000008 1.000000 -0.001144 -0.000347 0.999999 -0.013692 0.041514 0.999044 -0.000457 -0.002290 0.999997 -0.000881 0.007754 0.999970 0.003977 0.030503 0.999527 
-0.000068 -0.000008 1.000000 -0.000522 -0.000157 1.000000 -0.014697 0.044863 0.998885 -0.000287 -0.001430 0.999999 -0.001111 0.009776 0.999952 0.004228 0.031993 0.999479 
-0.000071 -0.000008 1.000000 0.000333 0.000100 1.000000 -0.015664 0.047865 0.998731 -0.000057 -0.000284 1.000000 -0.001329 0.011692 0.999931 0.004418 0.033338 0.999434 
-0.000075 -0.000009 1.000000 0.001068 0.000321 0.999999 -0.016568 0.050635 0.998580 0.000138 0.000688 1.000000 -0.001508 0.013265 0.999911 0.004605 0.034721 0.999386 
-0.000081 -0.000009 1.000000 0.001585 0.000477 0.999999 -0.017353 0.053024 0.998442 0.000283 0.001411 0.999999 -0.001659 0.014595 0.999892 0.004769 0.035955 0.999342 
-0.000087 -0.000010 1.000000 0.001782 0.000536 0.999998 -0.017956 0.054882 0.998331 0.000351 0.001747 0.999998 -0.001787 0.015724 0.999875 0.004894 0.036831 0.999310 
-0.000093 -0.000011 1.000000 0.001687 0.000507 0.999998 -0.018373 0.056154 0.998253 0.000357 0.001774 0.999998 -0.001876 0.016504 0.999862 0.004986 0.037492 0.999285 
-0.000100 -0.000012 1.000000 0.001377 0.000414 0.999999 -0.018627 0.056921 0.998205 0.000312 0.001553 0.999999 -0.001929 0.016968 0.999854 0.005048 0.037947 0.999267 
-0.000109 -0.000013 1.000000 0.000828 0.000249 1.000000 -0.018692 0.057104 0.998193 0.000208 0.001032 0.999999 -0.001939 0.017060 0.999853 0.005073 0.038137 0.999260 
-0.000121 -0.000014 1.000000 0.000200 0.000060 1.000000 -0.018651 0.056965 0.998202 0.000077 0.000384 1.000000 -0.001910 0.016804 0.999857 0.005094 0.038284 0.999254 
-0.000131 -0.000015 1.000000 0.000137 0.000041 1.000000 -0.018520 0.056559 0.998227 0.000078 0.000387 1.000000 -0.001848 0.016254 0.999866 0.005121 0.038484 0.999246 
-0.000141 -0.000016 1.000000 0.000080 0.000024 1.000000 -0.018309 0.055912 0.998268 0.000077 0.000382 1.000000 -0.001754 0.015433 0.999879 0.005147 0.038684 0.999238 
-0.000143 -0.000017 1.000000 0.000012 0.000004 1.000000 -0.017977 0.054871 0.998332 0.000080 0.000398 1.000000 -0.001634 0.014374 0.999895 0.005161 0.038795 0.999234 
-0.000141 -0.000016 1.000000 -0.000046 -0.000014 1.000000 -0.017621 0.053767 0.998398 0.000078 0.000390 1.000000 -0.001506 0.013248 0.999911 0.005168 0.038861 0.999231 
-0.000142 -0.000016 1.000000 -0.000089 -0.000027 1.000000 -0.017269 0.052693 0.998461 0.000072 0.000355 1.000000 -0.001403 0.012338 0.999923 0.005145 0.038692 0.999238 
-0.000144 -0.000017 1.000000 -0.000130 -0.000039 1.000000 -0.016888 0.051531 0.998529 0.000065 0.000321 1.000000 -0.001305 0.011476 0.999933 0.005104 0.038391 0.999250 
-0.000147 -0.000017 1.000000 -0.000168 -0.000051 1.000000 -0.016485 0.050302 0.998598 0.000057 0.000285 1.000000 -0.001228 0.010801 0.999941 0.005031 0.037850 0.999271 
-0.000149 -0.000017 1.000000 -0.000204 -0.000061 1.000000 -0.016066 0.049024 0.998668 0.000050 0.000247 1.000000 -0.001165 0.010246 0.999947 0.004936 0.037152 0.999297 
-0.000150 -0.000017 1.000000 -0.000242 -0.000073 1.000000 -0.015561 0.047475 0.998751 0.000044 0.000220 1.000000 -0.001106 0.009727 0.999952 0.004807 0.036188 0.999333 
-0.000149 -0.000017 1.000000 -0.000271 -0.000082 1.000000 -0.014990 0.045736 0.998841 0.000036 0.000178 1.000000 -0.001042 0.009163 0.999957 0.004654 0.035053 0.999375 
-0.000147 -0.000017 1.000000 -0.000273 -0.000082 1.000000 -0.014389 0.043901 0.998932 0.000032 0.000159 1.000000 -0.000972 0.008555 0.999963 0.004494 0.033860 0.999416 
-0.000144 -0.000017 1.000000 -0.000265 -0.000080 1.000000 -0.013820 0.042165 0.999015 0.000030 0.000149 1.000000 -0.000898 0.007899 0.999968 0.004352 0.032801 0.999452 
-0.000142 -0.000016 1.000000 -0.000258 -0.000078 1.000000 -0.013293 0.040556 0.999089 0.000028 0.000137 1.000000 -0.000826 0.007265 0.999973 0.004223 0.031842 0.999484 
-0.000139 -0.000016 1.000000 -0.000251 -0.000076 1.000000 -0.012802 0.039060 0.999155 0.000025 0.000126 1.000000 -0.000758 0.006664 0.999978 0.004105 0.030959 0.999512 
-0.000137 -0.000016 1.000000 -0.000244 -0.000074 1.000000 -0.012351 0.037683 0.999213 0.000023 0.000114 1.000000 -0.000694 0.006105 0.999981 0.003996 0.030150 0.999537 
-0.000134 -0.000015 1.000000 -0.000237 -0.000071 1.000000 -0.011952 0.036467 0.999263 0.000021 0.000104 1.000000 -0.000637 0.005606 0.999984 0.003901 0.029439 0.999559 
-0.000131 -0.000015 1.000000 -0.000226 -0.000068 1.000000 -0.011605 0.035408 0.999306 0.000019 0.000095 1.000000 -0.000580 0.005098 0.999987 0.003827 0.028882 0.999576 
-0.000128 -0.000015 1.000000 -0.000214 -0.000064 1.000000 -0.011332 0.034575 0.999338 0.000018 0.000088 1.000000 -0.000507 0.004460 0.999990 0.003796 0.028654 0.999582 
-0.000126 -0.000015 1.000000 -0.000209 -0.000063 1.000000 -0.011066 0.033763 0.999369 0.000015 0.000075 1.000000 -0.000449 0.003952 0.999992 0.003752 0.028330 0.999592 
-0.000123 -0.000014 1.000000 -0.000204 -0.000061 1.000000 -0.010823 0.033019 0.999396 0.000013 0.000062 1.000000 -0.000413 0.003632 0.999993 0.003695 0.027902 0.999604 
-0.000121 -0.000014 1.000000 -0.000201 -0.000060 1.000000 -0.010619 0.032398 0.999419 0.000010 0.000049 1.000000 -0.000388 0.003413 0.999994 0.003641 0.027498 0.999615 
-0.000118 -0.000014 1.000000 -0.000196 -0.000059 1.000000 -0.010460 0.031913 0.999436 0.000008 0.000038 1.000000 -0.000370 0.003252 0.999995 0.003598 0.027173 0.999624 
-0.000114 -0.000013 1.000000 -0.000194 -0.000059 1.000000 -0.010348 0.031572 0.999448 0.000005 0.000027 1.000000 -0.000357 0.003139 0.999995 0.003567 0.026941 0.999631 
-0.000111 -0.000013 1.000000 -0.000193 -0.000058 1.000000 -0.010272 0.031340 0.999456 0.000003 0.000017 1.000000 -0.000346 0.003040 0.999995 0.003549 0.026803 0.999634 
-0.000107 -0.000012 1.000000 -0.000192 -0.000058 1.000000 -0.010226 0.031198 0.999461 0.000002 0.000010 1.000000 -0.000334 0.002939 0.999996 0.003542 0.026757 0.999636 
-0.000101 -0.000012 1.000000 -0.000192 -0.000058 1.000000 -0.010197 0.031109 0.999464 0.000001 0.000005 1.000000 -0.000326 0.002871 0.999996 0.003540 0.026735 0.999636 
-0.000097 -0.000011 1.000000 -0.000191 -0.000058 1.000000 -0.010182 0.031065 0.999465 0.000000 0.000001 1.000000 -0.000323 0.002838 0.999996 0.003538 0.026725 0.999637 
-0.000093 -0.000011 1.000000 -0.000192 -0.000058 1.000000 -0.010180 0.031057 0.999466 -0.000000 -0.000001 1.000000 -0.000322 0.002832 0.999996 0.003538 0.026725 0.999637 
-0.000091 -0.000011 1.000000 -0.000192 -0.000058 1.000000 -0.010181 0.031061 0.999466 0.000000 0.000001 1.000000 -0.000323 0.002838 0.999996 0.003539 0.026729 0.999636 
-0.000090 -0.000010 1.000000 -0.000191 -0.000058 1.000000 -0.010182 0.031064 0.999466 0.000001 0.000003 1.000000 -0.000323 0.002842 0.999996 0.003539 0.026733 0.999636 
-0.000088 -0.000010 1.000000 -0.000191 -0.000058 1.000000 -0.010183 0.031067 0.999465 0.000001 0.000005 1.000000 -0.000324 0.002847 0.999996 0.003540 0.026737 0.999636 
-0.000087 -0.000010 1.000000 -0.000191 -0.000058 1.000000 -0.010184 0.031070 0.999465 0.000001 0.000007 1.000000 -0.000324 0.002851 0.999996 0.003540 0.026740 0.999636 
-0.000085 -0.000010 1.000000 -0.000191 -0.000058 1.000000 -0.010185 0.031073 0.999465 0.000002 0.000008 1.000000 -0.000325 0.002856 0.999996 0.003541 0.026743 0.999636 
-0.000084 -0.000010 1.000000 -0.000191 -0.000058 1.000000 -0.010186 0.031076 0.999465 0.000002 0.000009 1.000000 -0.000325 0.002860 0.999996 0.003541 0.026745 0.999636 
-0.000083 -0.000010 1.000000 -0.000192 -0.000058 1.000000 -0.010187 0.031079 0.999465 0.000002 0.000010 1.000000 -0.000326 0.002864 0.999996 0.003541 0.026747 0.999636 
-0.000082 -0.000009 1.000000 -0.000192 -0.000058 1.000000 -0.010188 0.031082 0.999465 0.000002 0.000011 1.000000 -0.000326 0.002869 0.999996 0.003542 0.026749 0.999636 
-0.000081 -0.000009 1.000000 -0.000192 -0.000058 1.000000 -0.010189 0.031085 0.999465 0.000002 0.000012 1.000000 -0.000327 0.002873 0.999996 0.003542 0.026751 0.999636 
-0.000080 -0.000009 1.000000 -0.000192 -0.000058 1.000000 -0.010191 0.031088 0.999465 0.000003 0.000013 1.000000 -0.000327 0.002877 0.999996 0.003542 0.026752 0.999636 
-0.000079 -0.000009 1.000000 -0.000192 -0.000058 1.000000 -0.010192 0.031091 0.999465 0.000003 0.000014 1.000000 -0.000328 0.002882 0.999996 0.003542 0.026753 0.999636 
-0.000079 -0.000009 1.000000 -0.000192 -0.000058 1.000000 -0.010193 0.031095 0.999464 0.000003 0.000014 1.000000 -0.000328 0.002887 0.999996 0.003542 0.026753 0.999636 
-0.000078 -0.000009 1.000000 -0.000192 -0.000058 1.000000 -0.010194 0.031099 0.999464 0.000003 0.000015 1.000000 -0.000329 0.002893 0.999996 0.003542 0.026753 0.999636 
-0.000078 -0.000009 1.000000 -0.000192 -0.000058 1.000000 -0.010196 0.031103 0.999464 0.000003 0.000016 1.000000 -0.000330 0.002898 0.999996 0.003542 0.026753 0.999636 
-0.000077 -0.000009 1.000000 -0.000192 -0.000058 1.000000 -0.010197 0.031107 0.999464 0.000003 0.000016 1.000000 -0.000330 0.002904 0.999996 0.003542 0.026753 0.999636 
-0.000077 -0.000009 1.000000 -0.000192 -0.000058 1.000000 -0.010198 0.031111 0.999464 0.000003 0.000017 1.000000 -0.000331 0.002911 0.999996 0.003542 0.026751 0.999636 
-0.000077 -0.000009 1.000000 -0.000192 -0.000058 1.000000 -0.010200 0.031115 0.999464 0.000003 0.000017 1.000000 -0.000332 0.002918 0.999996 0.003542 0.026748 0.999636 
-0.000078 -0.000009 1.000000 -0.000193 -0.000058 1.000000 -0.010201 0.031118 0.999464 0.000003 0.000017 1.000000 -0.000333 0.002926 0.999996 0.003542 0.026745 0.999636 
-0.000078 -0.000009 1.000000 -0.000192 -0.000058 1.000000 -0.010202 0.031122 0.999464 0.000004 0.000018 1.000000 -0.000334 0.002935 0.999996 0.003541 0.026741 0.999636 
-0.000079 -0.000009 1.000000 -0.000192 -0.000058 1.000000 -0.010204 0.031127 0.999463 0.000004 0.000018 1.000000 -0.000335 0.002943 0.999996 0.003540 0.026737 0.999636 
-0.000079 -0.000009 1.000000 -0.000192 -0.000058 1.000000 -0.010205 0.031131 0.999463 0.000004 0.000018 1.000000 -0.000336 0.002953 0.999996 0.003540 0.026732 0.999636 
-0.000080 -0.000009 1.000000 -0.000192 -0.000058 1.000000 -0.010207 0.031136 0.999463 0.000004 0.000019 1.000000 -0.000337 0.002964 0.999996 0.003539 0.026726 0.999637 
-0.000081 -0.000009 1.000000 -0.000192 -0.000058 1.000000 -0.010208 0.031139 0.999463 0.000004 0.000019 1.000000 -0.000339 0.002978 0.999996 0.003538 0.026715 0.999637 
-0.000083 -0.000010 1.000000 -0.000192 -0.000058 1.000000 -0.010208 0.031138 0.999463 0.000004 0.000020 1.000000 -0.000341 0.003003 0.999995 0.003535 0.026691 0.999637 
-0.000084 -0.000010 1.000000 -0.000192 -0.000058 1.000000 -0.010206 0.031132 0.999463 0.000004 0.000021 1.000000 -0.000345 0.003038 0.999995 0.003529 0.026652 0.999639 
-0.000086 -0.000010 1.000000 -0.000192 -0.000058 1.000000 -0.010202 0.031119 0.999464 0.000004 0.000021 1.000000 -0.000351 0.003088 0.999995 0.003522 0.026593 0.999640 
-0.000087 -0.000010 1.000000 -0.000192 -0.000058 1.000000 -0.010196 0.031101 0.999464 0.000004 0.000022 1.000000 -0.000359 0.003155 0.999995 0.003511 0.026514 0.999642 
-0.000089 -0.000010 1.000000 -0.000192 -0.000058 1.000000 -0.010189 0.031080 0.999465 0.000004 0.000022 1.000000 -0.000368 0.003239 0.999995 0.003498 0.026417 0.999645 
-0.000089 -0.000010 1.000000 -0.000192 -0.000058 1.000000 -0.010180 0.031054 0.999466 0.000004 0.000022 1.000000 -0.000379 0.003333 0.999994 0.003484 0.026307 0.999648 
-0.000090 -0.000010 1.000000 -0.000191 -0.000058 1.000000 -0.010171 0.031025 0.999467 0.000004 0.000022 1.000000 -0.000390 0.003430 0.999994 0.003468 0.026190 0.999651 
-0.000090 -0.000010 1.000000 -0.000192 -0.000058 1.000000 -0.010161 0.030995 0.999468 0.000004 0.000022 1.000000 -0.000401 0.003529 0.999994 0.003452 0.026072 0.999654 
-0.000090 -0.000010 1.000000 -0.000191 -0.000058 1.000000 -0.010151 0.030964 0.999469 0.000004 0.000022 1.000000 -0.000412 0.003627 0.999993 0.003437 0.025953 0.999657 
-0.000090 -0.000010 1.000000 -0.000191 -0.000058 1.000000 -0.010141 0.030934 0.999470 0.000004 0.000021 1.000000 -0.000423 0.003722 0.999993 0.003421 0.025838 0.999660 
-0.000089 -0.000010 1.000000 -0.000191 -0.000057 1.000000 -0.010132 0.030906 0.999471 0.000004 0.000021 1.000000 -0.000434 0.003813 0.999993 0.003407 0.025729 0.999663 
-0.000089 -0.000010 1.000000 -0.000190 -0.000057 1.000000 -0.010124 0.030880 0.999472 0.000004 0.000020 1.000000 -0.000443 0.003898 0.999992 0.003393 0.025627 0.999666 
-0.000089 -0.000010 1.000000 -0.000190 -0.000057 1.000000 -0.010116 0.030856 0.999473 0.000004 0.000020 1.000000 -0.000452 0.003979 0.999992 0.003381 0.025531 0.999668 
-0.000088 -0.000010 1.000000 -0.000191 -0.000058 1.000000 -0.010109 0.030835 0.999473 0.000004 0.000019 1.000000 -0.000461 0.004054 0.999992 0.003369 0.025444 0.999671 
-0.000088 -0.000010 1.000000 -0.000191 -0.000057 1.000000 -0.010103 0.030815 0.999474 0.000004 0.000019 1.000000 -0.000469 0.004128 0.999991 0.003358 0.025359 0.999673 
-0.000088 -0.000010 1.000000 -0.000190 -0.000057 1.000000 -0.010097 0.030798 0.999475 0.000004 0.000018 1.000000 -0.000477 0.004197 0.999991 0.003347 0.025278 0.999675 
-0.000088 -0.000010 1.000000 -0.000190 -0.000057 1.000000 -0.010092 0.030782 0.999475 0.000004 0.000018 1.000000 -0.000485 0.004267 0.999991 0.003337 0.025200 0.999677 
-0.000088 -0.000010 1.000000 -0.000190 -0.000057 1.000000 -0.010087 0.030768 0.999476 0.000004 0.000018 1.000000 -0.000493 0.004336 0.999990 0.003327 0.025123 0.999679 
-0.000089 -0.000010 1.000000 -0.000190 -0.000057 1.000000 -0.010083 0.030754 0.999476 0.000004 0.000018 1.000000 -0.000501 0.004405 0.999990 0.003316 0.025046 0.999681 
-0.000089 -0.000010 1.000000 -0.000190 -0.000057 1.000000 -0.010079 0.030741 0.999477 0.000003 0.000017 1.000000 -0.000509 0.004475 0.999990 0.003306 0.024971 0.999683 
-0.000090 -0.000010 1.000000 -0.000189 -0.000057 1.000000 -0.010074 0.030728 0.999477 0.000004 0.000018 1.000000 -0.000517 0.004545 0.999990 0.003296 0.024893 0.999685 
-0.000090 -0.000010 1.000000 -0.000190 -0.000057 1.000000 -0.010071 0.030716 0.999477 0.000003 0.000017 1.000000 -0.000525 0.004616 0.999989 0.003286 0.024817 0.999687 
-0.000091 -0.000010 1.000000 -0.000190 -0.000057 1.000000 -0.010067 0.030703 0.999478 0.000003 0.000017 1.000000 -0.000533 0.004689 0.999989 0.003276 0.024739 0.999689 
-0.000091 -0.000011 1.000000 -0.000189 -0.000057 1.000000 -0.010063 0.030691 0.999478 0.000003 0.000017 1.000000 -0.000541 0.004763 0.999989 0.003265 0.024659 0.999691 
-0.000091 -0.000011 1.000000 -0.000190 -0.000057 1.000000 -0.010059 0.030679 0.999479 0.000003 0.000017 1.000000 -0.000550 0.004836 0.999988 0.003255 0.024580 0.999693 
-0.000092 -0.000011 1.000000 -0.000190 -0.000057 1.000000 -0.010055 0.030666 0.999479 0.000003 0.000016 1.000000 -0.000558 0.004911 0.999988 0.003244 0.024500 0.999695 
-0.000092 -0.000011 1.000000 -0.000189 -0.000057 1.000000 -0.010050 0.030653 0.999480 0.000003 0.000017 1.000000 -0.000567 0.004986 0.999987 0.003233 0.024419 0.999697 
-0.000092 -0.000011 1.000000 -0.000190 -0.000057 1.000000 -0.010046 0.030641 0.999480 0.000003 0.000016 1.000000 -0.000575 0.005061 0.999987 0.003223 0.024339 0.999699 
-0.000093 -0.000011 1.000000 -0.000189 -0.000057 1.000000 -0.010043 0.030629 0.999480 0.000003 0.000016 1.000000 -0.000584 0.005136 0.999987 0.003212 0.024259 0.999701 
-0.000093 -0.000011 1.000000 -0.000189 -0.000057 1.000000 -0.010039 0.030617 0.999481 0.000003 0.000016 1.000000 -0.000592 0.005209 0.999986 0.003202 0.024182 0.999702 
-0.000093 -0.000011 1.000000 -0.000190 -0.000057 1.000000 -0.010035 0.030606 0.999481 0.000003 0.000015 1.000000 -0.000600 0.005281 0.999986 0.003192 0.024105 0.999704 
-0.000093 -0.000011 1.000000 -0.000189 -0.000057 1.000000 -0.010032 0.030595 0.999482 0.000003 0.000016 1.000000 -0.000609 0.005353 0.999985 0.003182 0.024029 0.999706 
-0.000093 -0.000011 1.000000 -0.000189 -0.000057 1.000000 -0.010028 0.030585 0.999482 0.000003 0.000015 1.000000 -0.000617 0.005424 0.999985 0.003172 0.023956 0.999708 
-0.000093 -0.000011 1.000000 -0.000188 -0.000057 1.000000 -0.010025 0.030576 0.999482 0.000003 0.000015 1.000000 -0.000625 0.005494 0.999985 0.003162 0.023883 0.999710 
-0.000093 -0.000011 1.000000 -0.000189 -0.000057 1.000000 -0.010023 0.030567 0.999482 0.000003 0.000015 1.000000 -0.000632 0.005563 0.999984 0.003153 0.023811 0.999711 
-0.000094 -0.000011 1.000000 -0.000189 -0.000057 1.000000 -0.010020 0.030559 0.999483 0.000003 0.000014 1.000000 -0.000640 0.005632 0.999984 0.003144 0.023741 0.999713 
-0.000094 -0.000011 1.000000 -0.000188 -0.000057 1.000000 -0.010018 0.030551 0.999483 0.000003 0.000015 1.000000 -0.000648 0.005700 0.999984 0.003134 0.023671 0.999715 
-0.000094 -0.000011 1.000000 -0.000189 -0.000057 1.000000 -0.010015 0.030544 0.999483 0.000003 0.000014 1.000000 -0.000656 0.005769 0.999983 0.003125 0.023601 0.999717 
-0.000094 -0.000011 1.000000 -0.000188 -0.000057 1.000000 -0.010013 0.030536 0.999484 0.000003 0.000015 1.000000 -0.000664 0.005837 0.999983 0.003116 0.023532 0.999718 
-0.000094 -0.000011 1.000000 -0.000188 -0.000057 1.000000 -0.010011 0.030529 0.999484 0.000003 0.000014 1.000000 -0.000671 0.005905 0.999982 0.003107 0.023463 0.999720 
-0.000094 -0.000011 1.000000 -0.000189 -0.000057 1.000000 -0.010008 0.030522 0.999484 0.000003 0.000014 1.000000 -0.000679 0.005975 0.999982 0.003097 0.023393 0.999722 
-0.000095 -0.000011 1.000000 -0.000188 -0.000057 1.000000 -0.010006 0.030516 0.999484 0.000003 0.000014 1.000000 -0.000687 0.006047 0.999981 0.003088 0.023322 0.999723 
-0.000095 -0.000011 1.000000 -0.000189 -0.000057 1.000000 -0.010005 0.030511 0.999484 0.000003 0.000014 1.000000 -0.000696 0.006118 0.999981 0.003079 0.023252 0.999725 
-0.000095 -0.000011 1.000000 -0.000188 -0.000057 1.000000 -0.010003 0.030506 0.999485 0.000003 0.000014 1.000000 -0.000704 0.006190 0.999981 0.003070 0.023182 0.999727 
-0.000095 -0.000011 1.000000 -0.000189 -0.000057 1.000000 -0.010002 0.030502 0.999485 0.000003 0.000013 1.000000 -0.000712 0.006260 0.999980 0.003061 0.023115 0.999728 
-0.000095 -0.000011 1.000000 -0.000188 -0.000057 1.000000 -0.010001 0.030500 0.999485 0.000003 0.000014 1.000000 -0.000720 0.006330 0.999980 0.003052 0.023050 0.999730 
-0.000094 -0.000011 1.000000 -0.000189 -0.000057 1.000000 -0.010001 0.030498 0.999485 0.000003 0.000013 1.000000 -0.000727 0.006398 0.999979 0.003044 0.022987 0.999731 
-0.000094 -0.000011 1.000000 -0.000188 -0.000057 1.000000 -0.010000 0.030497 0.999485 0.000003 0.000013 1.000000 -0.000735 0.006464 0.999979 0.003036 0.022926 0.999733 
-0.000094 -0.000011 1.000000 -0.000188 -0.000057 1.000000 -0.010000 0.030496 0.999485 0.000003 0.000013 1.000000 -0.000742 0.006529 0.999978 0.003028 0.022866 0.999734 
-0.000093 -0.000011 1.000000 -0.000189 -0.000057 1.000000 -0.010000 0.030496 0.999485 0.000002 0.000012 1.000000 -0.000750 0.006595 0.999978 0.003020 0.022807 0.999735 
-0.000093 -0.000011 1.000000 -0.000188 -0.000057 1.000000 -0.010000 0.030496 0.999485 0.000003 0.000013 1.000000 -0.000757 0.006661 0.999978 0.003012 0.022747 0.999737 
-0.000093 -0.000011 1.000000 -0.000188 -0.000057 1.000000 -0.010001 0.030496 0.999485 0.000003 0.000013 1.000000 -0.000765 0.006728 0.999977 0.003004 0.022687 0.999738 
-0.000093 -0.000011 1.000000 -0.000189 -0.000057 1.000000 -0.010001 0.030497 0.999485 0.000002 0.000012 1.000000 -0.000772 0.006794 0.999977 0.002996 0.022629 0.999739 
-0.000092 -0.000011 1.000000 -0.000188 -0.000057 1.000000 -0.010001 0.030497 0.999485 0.000002 0.000012 1.000000 -0.000780 0.006858 0.999976 0.002989 0.022571 0.999741 
-0.000092 -0.000011 1.000000 -0.000188 -0.000057 1.000000 -0.010001 0.030497 0.999485 0.000003 0.000012 1.000000 -0.000787 0.006922 0.999976 0.002981 0.022513 0.999742 
-0.000092 -0.000011 1.000000 -0.000188 -0.000057 1.000000 -0.010001 0.030497 0.999485 0.000003 0.000013 1.000000 -0.000794 0.006984 0.999975 0.002973 0.022457 0.999743 
-0.000092 -0.000011 1.000000 -0.000189 -0.000057 1.000000 -0.010001 0.030496 0.999485 0.000002 0.000012 1.000000 -0.000801 0.007046 0.999975 0.002966 0.022401 0.999745 
-0.000092 -0.000011 1.000000 -0.000189 -0.000057 1.000000 -0.010000 0.030494 0.999485 0.000002 0.000012 1.000000 -0.000808 0.007106 0.999974 0.002959 0.022345 0.999746 
-0.000092 -0.000011 1.000000 -0.000189 -0.000057 1.000000 -0.009999 0.030490 0.999485 0.000003 0.000013 1.000000 -0.000814 0.007164 0.999974 0.002951 0.022289 0.999747 
-0.000092 -0.000011 1.000000 -0.000188 -0.000057 1.000000 -0.009997 0.030485 0.999485 0.000003 0.000013 1.000000 -0.000821 0.007219 0.999974 0.002944 0.022234 0.999748 
-0.000092 -0.000011 1.000000 -0.000188 -0.000057 1.000000 -0.009997 0.030483 0.999485 0.000003 0.000013 1.000000 -0.000827 0.007274 0.999973 0.002937 0.022183 0.999750 
-0.000092 -0.000011 1.000000 -0.000188 -0.000057 1.000000 -0.010004 0.030504 0.999485 0.000003 0.000013 1.000000 -0.000834 0.007334 0.999973 0.002933 0.022148 0.999750 
-0.000090 -0.000010 1.000000 -0.000188 -0.000057 1.000000 -0.010006 0.030500 0.999485 0.000007 0.000033 1.000000 -0.000850 0.007473 0.999972 0.002922 0.022053 0.999753 
-0.000090 -0.000010 1.000000 -0.000188 -0.000057 1.000000 -0.010019 0.030538 0.999483 0.000006 0.000031 1.000000 -0.000855 0.007519 0.999971 0.002921 0.022045 0.999753 
-0.000090 -0.000010 1.000000 -0.000188 -0.000057 1.000000 -0.010031 0.030577 0.999482 0.000006 0.000030 1.000000 -0.000861 0.007567 0.999971 0.002920 0.022036 0.999753 
-0.000090 -0.000010 1.000000 -0.000190 -0.000057 1.000000 -0.010044 0.030613 0.999481 0.000006 0.000028 1.000000 -0.000867 0.007617 0.999971 0.002918 0.022024 0.999753 
-0.000090 -0.000010 1.000000 -0.000189 -0.000057 1.000000 -0.010055 0.030648 0.999480 0.000005 0.000026 1.000000 -0.000872 0.007668 0.999970 0.002916 0.022008 0.999754 
-0.000087 -0.000010 1.000000 -0.000189 -0.000057 1.000000 -0.010057 0.030644 0.999480 0.000010 0.000048 1.000000 -0.000889 0.007811 0.999969 0.002906 0.021912 0.999756 
-0.000088 -0.000010 1.000000 -0.000200 -0.000060 1.000000 -0.010028 0.030540 0.999483 0.000017 0.000087 1.000000 -0.000899 0.007898 0.999968 0.002892 0.021808 0.999758 
-0.000088 -0.000010 1.000000 -0.000190 -0.000057 1.000000 -0.010048 0.030601 0.999481 0.000017 0.000086 1.000000 -0.000905 0.007948 0.999968 0.002892 0.021806 0.999758 
-0.000088 -0.000010 1.000000 -0.000189 -0.000057 1.000000 -0.010063 0.030645 0.999480 0.000016 0.000080 1.000000 -0.000909 0.007987 0.999968 0.002891 0.021802 0.999758 
-0.000088 -0.000010 1.000000 -0.000190 -0.000057 1.000000 -0.010074 0.030679 0.999479 0.000015 0.000073 1.000000 -0.000914 0.008023 0.999967 0.002890 0.021793 0.999758 
-0.000088 -0.000010 1.000000 -0.000189 -0.000057 1.000000 -0.010084 0.030709 0.999478 0.000014 0.000067 1.000000 -0.000918 0.008062 0.999967 0.002888 0.021779 0.999759 
-0.000088 -0.000010 1.000000 -0.000190 -0.000057 1.000000 -0.010093 0.030737 0.999477 0.000012 0.000061 1.000000 -0.000923 0.008104 0.999967 0.002886 0.021760 0.999759 
-0.000084 -0.000010 1.000000 -0.000189 -0.000057 1.000000 -0.010094 0.030729 0.999477 0.000016 0.000080 1.000000 -0.000939 0.008244 0.999966 0.002875 0.021659 0.999761 
-0.000084 -0.000010 1.000000 -0.000190 -0.000057 1.000000 -0.010101 0.030751 0.999476 0.000015 0.000073 1.000000 -0.000943 0.008278 0.999965 0.002872 0.021640 0.999762 
-0.000084 -0.000010 1.000000 -0.000190 -0.000058 1.000000 -0.010108 0.030770 0.999475 0.000013 0.000066 1.000000 -0.000947 0.008312 0.999965 0.002869 0.021619 0.999762 
-0.000084 -0.000010 1.000000 -0.000190 -0.000057 1.000000 -0.010114 0.030788 0.999475 0.000012 0.000061 1.000000 -0.000951 0.008347 0.999965 0.002866 0.021597 0.999763 
-0.000084 -0.000010 1.000000 -0.000190 -0.000057 1.000000 -0.010121 0.030809 0.999474 0.000011 0.000055 1.000000 -0.000955 0.008384 0.999964 0.002864 0.021577 0.999763 
-0.000084 -0.000010 1.000000 -0.000191 -0.000058 1.000000 -0.010129 0.030832 0.999473 0.000010 0.000050 1.000000 -0.000960 0.008426 0.999964 0.002861 0.021555 0.999764 
-0.000083 -0.000010 1.000000 -0.000191 -0.000058 1.000000 -0.010136 0.030856 0.999472 0.000009 0.000045 1.000000 -0.000965 0.008469 0.999964 0.002858 0.021533 0.999764 
-0.000091 -0.000011 1.000000 -0.000190 -0.000057 1.000000 -0.010137 0.030848 0.999473 0.000010 0.000048 1.000000 -0.000974 0.008547 0.999963 0.002849 0.021451 0.999766 
-0.000087 -0.000010 1.000000 -0.000190 -0.000057 1.000000 -0.010136 0.030835 0.999473 0.000014 0.000069 1.000000 -0.000991 0.008693 0.999962 0.002837 0.021345 0.999768 
-0.000083 -0.000010 1.000000 -0.000190 -0.000058 1.000000 -0.010135 0.030820 0.999474 0.000018 0.000088 1.000000 -0.001007 0.008819 0.999961 0.002827 0.021252 0.999770 
-0.000079 -0.000009 1.000000 -0.000190 -0.000058 1.000000 -0.010132 0.030801 0.999474 0.000021 0.000106 1.000000 -0.001020 0.008930 0.999960 0.002818 0.021168 0.999772 
-0.000080 -0.000009 1.000000 -0.000190 -0.000058 1.000000 -0.010134 0.030809 0.999474 0.000019 0.000096 1.000000 -0.001022 0.008943 0.999959 0.002816 0.021151 0.999772 
-0.000080 -0.000009 1.000000 -0.000190 -0.000058 1.000000 -0.010136 0.030813 0.999474 0.000018 0.000087 1.000000 -0.001022 0.008950 0.999959 0.002814 0.021136 0.999773 
-0.000079 -0.000009 1.000000 -0.000190 -0.000058 1.000000 -0.010142 0.030833 0.999473 0.000016 0.000079 1.000000 -0.001025 0.008974 0.999959 0.002812 0.021122 0.999773 
-0.000079 -0.000009 1.000000 -0.000191 -0.000058 1.000000 -0.010152 0.030862 0.999472 0.000014 0.000071 1.000000 -0.001029 0.009006 0.999959 0.002810 0.021111 0.999773 
-0.000079 -0.000009 1.000000 -0.000191 -0.000058 1.000000 -0.010164 0.030897 0.999471 0.000013 0.000065 1.000000 -0.001033 0.009044 0.999959 0.002809 0.021101 0.999773 
-0.000079 -0.000009 1.000000 -0.000191 -0.000058 1.000000 -0.010175 0.030933 0.999470 0.000012 0.000058 1.000000 -0.001038 0.009086 0.999958 0.002807 0.021089 0.999774 
