0.000543 0.001166 0.999999 0.000888 -0.001674 0.999998 0.000094 0.000004 1.000000 0.000930 -0.000461 0.999999 0.001241 0.000656 0.999999 0.000342 0.000043 1.000000 
0.000496 0.001065 0.999999 0.001017 -0.001918 0.999998 -0.000008 -0.000000 1.000000 0.000921 -0.000456 0.999999 0.000968 0.000511 0.999999 0.000390 0.000049 1.000000 
0.000037 0.000080 1.000000 0.000980 -0.001851 0.999998 0.000264 0.000010 1.000000 0.001499 -0.000743 0.999999 0.000755 0.000398 1.000000 0.000118 0.000015 1.000000 
0.000531 0.001139 0.999999 0.000924 -0.001747 0.999998 0.000278 0.000010 1.000000 0.002506 -0.001242 0.999996 0.000680 0.000358 1.000000 0.000362 0.000046 1.000000 
0.000486 0.001044 0.999999 0.000687 -0.001303 0.999999 0.000371 0.000014 1.000000 0.002320 -0.001150 0.999997 0.001232 0.000647 0.999999 0.000039 0.000005 1.000000 
0.000448 0.000961 0.999999 0.000395 -0.000750 1.000000 0.000452 0.000016 1.000000 0.002152 -0.001067 0.999997 0.001787 0.000937 0.999998 -0.000340 -0.000043 1.000000 
0.000404 0.000866 1.000000 0.000224 -0.000425 1.000000 0.000629 0.000023 1.000000 0.001912 -0.000948 0.999998 0.002413 0.001264 0.999996 -0.000529 -0.000067 1.000000 
0.000366 0.000786 1.000000 0.000117 -0.000223 1.000000 0.000982 0.000036 1.000000 0.001681 -0.000833 0.999998 0.003136 0.001641 0.999994 -0.000488 -0.000062 1.000000 
0.000341 0.000731 1.000000 -0.000273 0.000520 1.000000 0.001563 0.000057 0.999999 0.001482 -0.000735 0.999999 0.004064 0.002124 0.999989 -0.000440 -0.000056 1.000000 
0.000565 0.001211 0.999999 -0.001618 0.003091 0.999994 0.002541 0.000091 0.999997 0.000815 -0.000404 1.000000 0.005150 0.002684 0.999983 -0.000140 -0.000018 1.000000 
0.001221 0.002602 0.999996 -0.003950 0.007584 0.999963 0.003892 0.000138 0.999992 -0.000630 0.000314 1.000000 0.006547 0.003394 0.999973 0.000576 0.000073 1.000000 
0.002699 0.005700 0.999980 -0.007511 0.014539 0.999866 0.005257 0.000182 0.999986 -0.000728 0.000366 1.000000 0.008651 0.004448 0.999953 0.000517 0.000066 1.000000 
0.005161 0.010771 0.999929 -0.011465 0.022362 0.999684 0.006585 0.000223 0.999978 -0.000983 0.000501 0.999999 0.012167 0.006205 0.999907 0.000466 0.000059 1.000000 
0.007613 0.015771 0.999847 -0.014771 0.028937 0.999472 0.007444 0.000248 0.999972 -0.001393 0.000714 0.999999 0.015300 0.007765 0.999853 0.000456 0.000058 1.000000 
0.009856 0.020286 0.999746 -0.017687 0.034776 0.999239 0.008185 0.000269 0.999966 -0.001773 0.000915 0.999998 0.018184 0.009190 0.999792 0.000421 0.000054 1.000000 
0.011870 0.024250 0.999635 -0.020349 0.040182 0.998985 0.008986 0.000289 0.999960 -0.002149 0.001117 0.999997 0.020964 0.010543 0.999725 0.000391 0.000050 1.000000 
0.013695 0.027762 0.999521 -0.022792 0.045227 0.998717 0.009819 0.000309 0.999952 -0.002516 0.001317 0.999996 0.023619 0.011811 0.999651 0.000365 0.000047 1.000000 
0.015352 0.030873 0.999405 -0.025031 0.049932 0.998439 0.010659 0.000328 0.999943 -0.002869 0.001513 0.999995 0.026120 0.012984 0.999574 0.000344 0.000044 1.000000 
0.016865 0.033628 0.999292 -0.027097 0.054374 0.998153 0.011549 0.000346 0.999933 -0.003199 0.001701 0.999993 0.028574 0.014108 0.999492 0.000326 0.000041 1.000000 
0.018158 0.035894 0.999191 -0.028959 0.058478 0.997869 0.012507 0.000364 0.999922 -0.003488 0.001870 0.999992 0.030916 0.015156 0.999407 0.000310 0.000039 1.000000 
0.019224 0.037690 0.999105 -0.030580 0.062141 0.997599 0.013494 0.000381 0.999909 -0.003732 0.002017 0.999991 0.033126 0.016124 0.999321 0.000296 0.000038 1.000000 
0.020111 0.039140 0.999031 -0.031946 0.065290 0.997355 0.014427 0.000397 0.999896 -0.003938 0.002144 0.999990 0.035156 0.017001 0.999237 0.000283 0.000036 1.000000 
0.020855 0.040348 0.998968 -0.033047 0.067850 0.997148 0.015244 0.000410 0.999884 -0.004113 0.002252 0.999989 0.036996 0.017797 0.999157 0.000271 0.000035 1.000000 
0.021471 0.041371 0.998913 -0.033871 0.069751 0.996989 0.015901 0.000421 0.999873 -0.004259 0.002341 0.999988 0.038627 0.018514 0.999082 0.000261 0.000033 1.000000 
0.021916 0.042144 0.998871 -0.034415 0.070961 0.996885 0.016417 0.000431 0.999865 -0.004362 0.002402 0.999988 0.040031 0.019154 0.999015 0.000252 0.000032 1.000000 
0.022258 0.042779 0.998837 -0.034702 0.071547 0.996833 0.016719 0.000438 0.999860 -0.004414 0.002432 0.999987 0.041097 0.019659 0.998962 0.000242 0.000031 1.000000 
0.022402 0.043052 0.998822 -0.034813 0.071762 0.996814 0.016828 0.000440 0.999858 -0.004447 0.002451 0.999987 0.041540 0.019872 0.998939 0.000233 0.000030 1.000000 
0.022349 0.042951 0.998827 -0.034759 0.071651 0.996824 0.016833 0.000441 0.999858 -0.004385 0.002416 0.999987 0.041506 0.019857 0.998941 0.000220 0.000028 1.000000 
0.022132 0.042537 0.998850 -0.034552 0.071226 0.996862 0.016861 0.000442 0.999858 -0.004165 0.002295 0.999989 0.041318 0.019768 0.998950 0.000201 0.000026 1.000000 
0.021744 0.041795 0.998890 -0.034208 0.070517 0.996924 0.016901 0.000443 0.999857 -0.003883 0.002140 0.999990 0.040972 0.019606 0.998968 0.000181 0.000023 1.000000 
0.021189 0.040733 0.998945 -0.033727 0.069528 0.997010 0.016943 0.000444 0.999856 -0.003586 0.001975 0.999992 0.040471 0.019370 0.998993 0.000161 0.000021 1.000000 
0.020493 0.039400 0.999013 -0.033102 0.068240 0.997120 0.016964 0.000446 0.999856 -0.003279 0.001807 0.999993 0.039828 0.019069 0.999025 0.000143 0.000018 1.000000 
0.019668 0.037823 0.999091 -0.032326 0.066633 0.997254 0.016956 0.000447 0.999856 -0.002955 0.001628 0.999994 0.039059 0.018709 0.999062 0.000125 0.000016 1.000000 
0.018721 0.036026 0.999175 -0.031376 0.064653 0.997414 0.016897 0.000447 0.999857 -0.002610 0.001437 0.999996 0.038156 0.018290 0.999104 0.000108 0.000014 1.000000 
0.017652 0.034013 0.999265 -0.030228 0.062234 0.997604 0.016728 0.000445 0.999860 -0.002302 0.001266 0.999997 0.037059 0.017789 0.999155 0.000091 0.000012 1.000000 
0.016442 0.031701 0.999362 -0.028967 0.059594 0.997802 0.016530 0.000442 0.999863 -0.002127 0.001169 0.999997 0.035810 0.017211 0.999210 0.000081 0.000010 1.000000 
0.015015 0.028954 0.999468 -0.027619 0.056838 0.998001 0.016447 0.000441 0.999865 -0.001942 0.001067 0.999998 0.034489 0.016581 0.999268 0.000072 0.000009 1.000000 
0.013429 0.025896 0.999574 -0.026086 0.053700 0.998216 0.016305 0.000438 0.999867 -0.001748 0.000961 0.999998 0.032991 0.015865 0.999330 0.000042 0.000005 1.000000 
0.011642 0.022450 0.999680 -0.024421 0.050309 0.998435 0.016124 0.000434 0.999870 -0.001536 0.000844 0.999998 0.031112 0.014961 0.999404 0.000035 0.000004 1.000000 
0.009659 0.018627 0.999780 -0.022576 0.046543 0.998661 0.015882 0.000428 0.999874 -0.001304 0.000716 0.999999 0.028942 0.013916 0.999484 0.000024 0.000003 1.000000 
0.007500 0.014463 0.999867 -0.020565 0.042437 0.998887 0.015528 0.000419 0.999879 -0.001051 0.000577 0.999999 0.026347 0.012666 0.999573 0.000016 0.000002 1.000000 
0.005221 0.010071 0.999936 -0.018376 0.037947 0.999111 0.015064 0.000407 0.999886 -0.000778 0.000428 1.000000 0.023481 0.011288 0.999661 0.000007 0.000001 1.000000 
0.002950 0.005703 0.999979 -0.015905 0.032810 0.999335 0.014283 0.000388 0.999898 -0.000505 0.000277 1.000000 0.020260 0.009757 0.999747 -0.000003 -0.000000 1.000000 
0.000684 0.001327 0.999999 -0.013189 0.027130 0.999545 0.013245 0.000363 0.999912 -0.000291 0.000159 1.000000 0.016791 0.008114 0.999826 -0.000020 -0.000003 1.000000 
0.001546 0.003011 0.999994 -0.010456 0.021428 0.999716 0.011015 0.000304 0.999939 0.000408 -0.000222 1.000000 0.013545 0.006574 0.999887 0.001407 0.000178 0.999999 
0.001520 0.002960 0.999994 -0.007730 0.015758 0.999846 0.008183 0.000231 0.999966 0.000506 -0.000276 1.000000 0.010180 0.004969 0.999936 0.001343 0.000169 0.999999 
0.000642 0.001251 0.999999 -0.005183 0.010525 0.999931 0.006221 0.000178 0.999981 0.002354 -0.001280 0.999996 0.007165 0.003512 0.999968 0.000588 0.000074 1.000000 
0.000366 0.000714 1.000000 -0.002710 0.005489 0.999981 0.003729 0.000108 0.999993 0.002723 -0.001480 0.999995 0.003966 0.001949 0.999990 0.000332 0.000042 1.000000 
0.000257 0.000501 1.000000 -0.000423 0.000854 1.000000 0.001242 0.000036 0.999999 0.002929 -0.001592 0.999994 0.000763 0.000376 1.000000 0.000182 0.000023 1.000000 
0.000225 0.000439 1.000000 0.000372 -0.000751 1.000000 0.000709 0.000021 1.000000 0.003775 -0.002049 0.999991 0.000864 0.000427 1.000000 -0.000353 -0.000044 1.000000 
0.000133 0.000259 1.000000 0.000463 -0.000932 0.999999 0.000663 0.000019 1.000000 0.005552 -0.003008 0.999980 0.000823 0.000407 1.000000 -0.001054 -0.000132 0.999999 
0.000013 0.000026 1.000000 0.000664 -0.001337 0.999999 0.000595 0.000017 1.000000 0.007055 -0.003819 0.999968 0.001039 0.000514 0.999999 -0.001777 -0.000222 0.999998 
-0.000015 -0.000029 1.000000 0.001132 -0.002281 0.999997 0.000554 0.000016 1.000000 0.009244 -0.005000 0.999945 0.000957 0.000473 0.999999 -0.002259 -0.000282 0.999997 
-0.000019 -0.000038 1.000000 0.002326 -0.004686 0.999986 0.000505 0.000014 1.000000 0.011641 -0.006293 0.999912 0.000866 0.000428 1.000000 -0.002284 -0.000285 0.999997 
-0.000027 -0.000053 1.000000 0.004272 -0.008588 0.999954 0.000465 0.000013 1.000000 0.014077 -0.007587 0.999872 0.000803 0.000397 1.000000 -0.001802 -0.000225 0.999998 
-0.000034 -0.000066 1.000000 0.006402 -0.012812 0.999897 0.000430 0.000012 1.000000 0.015937 -0.008543 0.999836 0.000750 0.000373 1.000000 -0.000994 -0.000123 0.999999 
-0.000039 -0.000077 1.000000 0.008353 -0.016640 0.999827 0.000401 0.000012 1.000000 0.016957 -0.009044 0.999815 0.000704 0.000352 1.000000 -0.000020 -0.000002 1.000000 
-0.000043 -0.000086 1.000000 0.010023 -0.019888 0.999752 0.000376 0.000011 1.000000 0.017722 -0.009410 0.999799 0.000662 0.000332 1.000000 0.000847 0.000104 1.000000 
-0.000047 -0.000095 1.000000 0.011428 -0.022589 0.999680 0.000354 0.000010 1.000000 0.018259 -0.009653 0.999787 0.000623 0.000314 1.000000 0.001606 0.000197 0.999999 
-0.000051 -0.000103 1.000000 0.012527 -0.024677 0.999617 0.000334 0.000010 1.000000 0.018784 -0.009894 0.999775 0.000584 0.000295 1.000000 0.002157 0.000263 0.999998 
-0.000055 -0.000112 1.000000 0.013366 -0.026253 0.999566 0.000315 0.000009 1.000000 0.019221 -0.010094 0.999764 0.000548 0.000278 1.000000 0.002559 0.000311 0.999997 
-0.000060 -0.000121 1.000000 0.013848 -0.027155 0.999535 0.000298 0.000009 1.000000 0.019545 -0.010244 0.999756 0.000511 0.000259 1.000000 0.002762 0.000335 0.999996 
-0.000062 -0.000125 1.000000 0.013860 -0.027177 0.999535 0.000282 0.000008 1.000000 0.019528 -0.010235 0.999757 0.000476 0.000241 1.000000 0.002771 0.000337 0.999996 
-0.000051 -0.000104 1.000000 0.013701 -0.026865 0.999545 0.000265 0.000008 1.000000 0.019218 -0.010072 0.999765 0.000438 0.000222 1.000000 0.002779 0.000338 0.999996 
-0.000042 -0.000085 1.000000 0.013393 -0.026262 0.999565 0.000252 0.000007 1.000000 0.018649 -0.009774 0.999778 0.000435 0.000221 1.000000 0.002761 0.000335 0.999996 
0.000005 0.000010 1.000000 0.012924 -0.025340 0.999595 0.000210 0.000006 1.000000 0.017752 -0.009303 0.999799 0.000401 0.000204 1.000000 0.002765 0.000336 0.999996 
0.000000 0.000000 1.000000 0.012306 -0.024129 0.999633 0.000199 0.000006 1.000000 0.016745 -0.008775 0.999821 0.000365 0.000185 1.000000 0.002692 0.000327 0.999996 
0.000000 0.000001 1.000000 0.011542 -0.022629 0.999677 0.000192 0.000006 1.000000 0.015559 -0.008153 0.999846 0.000338 0.000172 1.000000 0.002586 0.000314 0.999997 
0.000000 0.000001 1.000000 0.010657 -0.020895 0.999725 0.000189 0.000005 1.000000 0.014195 -0.007438 0.999872 0.000353 0.000179 1.000000 0.002441 0.000296 0.999997 
-0.000001 -0.000001 1.000000 0.009624 -0.018869 0.999776 0.000184 0.000005 1.000000 0.012656 -0.006632 0.999898 0.000324 0.000164 1.000000 0.002275 0.000276 0.999997 
0.000051 0.000102 1.000000 0.008478 -0.016623 0.999826 0.000145 0.000004 1.000000 0.010861 -0.005691 0.999925 0.000295 0.000150 1.000000 0.002133 0.000258 0.999998 
0.000034 0.000068 1.000000 0.007220 -0.014160 0.999874 0.000145 0.000004 1.000000 0.009044 -0.004739 0.999948 0.000268 0.000136 1.000000 0.001901 0.000230 0.999998 
0.000021 0.000042 1.000000 0.005783 -0.011359 0.999919 0.000145 0.000004 1.000000 0.007082 -0.003711 0.999968 0.000240 0.000121 1.000000 0.001602 0.000194 0.999999 
0.000000 0.000001 1.000000 0.004427 -0.008706 0.999952 0.000139 0.000004 1.000000 0.004745 -0.002484 0.999986 0.000404 0.000205 1.000000 0.001367 0.000165 0.999999 
-0.000028 -0.000056 1.000000 0.003045 -0.005994 0.999977 0.000154 0.000004 1.000000 0.002317 -0.001211 0.999997 0.000591 0.000299 1.000000 0.001151 0.000139 0.999999 
-0.000233 -0.000474 1.000000 0.001778 -0.003503 0.999992 0.000615 0.000017 1.000000 0.003120 -0.001630 0.999994 0.000698 0.000353 1.000000 0.000324 0.000039 1.000000 
0.000193 0.000391 1.000000 0.001832 -0.003601 0.999992 0.000442 0.000012 1.000000 0.002610 -0.001364 0.999996 0.002621 0.001327 0.999996 -0.000275 -0.000033 1.000000 
0.000176 0.000358 1.000000 0.001625 -0.003195 0.999994 0.000412 0.000011 1.000000 0.002387 -0.001247 0.999996 0.002366 0.001198 0.999996 -0.000258 -0.000031 1.000000 
0.000163 0.000331 1.000000 0.001323 -0.002600 0.999996 0.000387 0.000011 1.000000 0.002160 -0.001128 0.999997 0.002134 0.001081 0.999997 -0.000310 -0.000037 1.000000 
0.000150 0.000306 1.000000 0.001090 -0.002141 0.999997 0.000352 0.000010 1.000000 0.001922 -0.001004 0.999998 0.001835 0.000930 0.999998 -0.000284 -0.000034 1.000000 
0.000141 0.000286 1.000000 0.000840 -0.001650 0.999998 0.000321 0.000009 1.000000 0.001702 -0.000889 0.999998 0.001524 0.000772 0.999999 -0.000263 -0.000031 1.000000 
0.000132 0.000269 1.000000 0.000579 -0.001138 0.999999 0.000369 0.000010 1.000000 0.001541 -0.000805 0.999998 0.001477 0.000748 0.999999 -0.000307 -0.000037 1.000000 
0.000887 0.001804 0.999998 0.000068 -0.000133 1.000000 0.000302 0.000008 1.000000 0.000919 -0.000480 0.999999 0.001600 0.000811 0.999998 0.000234 0.000028 1.000000 
0.000804 0.001636 0.999998 -0.000704 0.001382 0.999999 0.000525 0.000014 1.000000 0.000810 -0.000423 1.000000 0.002409 0.001222 0.999996 -0.000496 -0.000059 1.000000 
0.000729 0.001483 0.999999 -0.000718 0.001410 0.999999 0.000558 0.000015 1.000000 0.000705 -0.000368 1.000000 0.002338 0.001185 0.999997 -0.000467 -0.000056 1.000000 
0.000663 0.001348 0.999999 -0.000739 0.001451 0.999999 0.000503 0.000014 1.000000 0.000616 -0.000321 1.000000 0.002024 0.001026 0.999997 -0.000426 -0.000051 1.000000 
0.001219 0.002481 0.999996 -0.000763 0.001499 0.999999 0.000488 0.000013 1.000000 0.000888 -0.000463 0.999999 0.001834 0.000930 0.999998 0.000160 0.000019 1.000000 
0.001110 0.002260 0.999997 -0.000732 0.001437 0.999999 0.000466 0.000013 1.000000 0.000841 -0.000438 1.000000 0.001675 0.000849 0.999998 0.000136 0.000016 1.000000 
0.001008 0.002053 0.999997 -0.000657 0.001291 0.999999 0.000428 0.000012 1.000000 0.000804 -0.000419 1.000000 0.001520 0.000770 0.999999 0.000120 0.000014 1.000000 
0.000913 0.001859 0.999998 -0.000285 0.000559 1.000000 0.000416 0.000011 1.000000 0.000754 -0.000393 1.000000 0.002620 0.001328 0.999996 -0.000326 -0.000039 1.000000 
0.000827 0.001683 0.999998 -0.000248 0.000487 1.000000 0.000268 0.000007 1.000000 0.000719 -0.000375 1.000000 0.002102 0.001066 0.999997 -0.000298 -0.000036 1.000000 
0.000749 0.001526 0.999999 -0.000217 0.000427 1.000000 0.000201 0.000005 1.000000 0.000695 -0.000362 1.000000 0.001792 0.000909 0.999998 -0.000275 -0.000033 1.000000 
0.000678 0.001381 0.999999 -0.000163 0.000319 1.000000 0.000175 0.000005 1.000000 0.000637 -0.000332 1.000000 0.001692 0.000858 0.999998 -0.000276 -0.000033 1.000000 
0.000316 0.000644 1.000000 -0.000136 0.000266 1.000000 0.000420 0.000011 1.000000 0.001203 -0.000627 0.999999 0.001530 0.000775 0.999999 -0.000439 -0.000052 1.000000 
0.000288 0.000586 1.000000 0.000278 -0.000546 1.000000 0.000330 0.000009 1.000000 0.001142 -0.000595 0.999999 0.002152 0.001091 0.999997 -0.000622 -0.000074 1.000000 
0.000262 0.000533 1.000000 -0.000467 0.000915 0.999999 0.000550 0.000015 1.000000 0.001084 -0.000565 0.999999 0.003159 0.001603 0.999994 -0.001399 -0.000167 0.999999 
0.000238 0.000484 1.000000 -0.000336 0.000660 1.000000 0.000491 0.000014 1.000000 0.001031 -0.000538 0.999999 0.002966 0.001505 0.999994 -0.001290 -0.000154 0.999999 
0.000207 0.000422 1.000000 0.000348 -0.000682 1.000000 0.000332 0.000009 1.000000 0.000883 -0.000460 1.000000 0.003855 0.001958 0.999991 -0.001499 -0.000179 0.999999 
0.000188 0.000383 1.000000 0.000310 -0.000607 1.000000 0.000249 0.000007 1.000000 0.000865 -0.000451 1.000000 0.003342 0.001697 0.999993 -0.001371 -0.000163 0.999999 
0.000171 0.000347 1.000000 0.000275 -0.000540 1.000000 0.000236 0.000006 1.000000 0.000848 -0.000442 1.000000 0.003024 0.001535 0.999994 -0.001253 -0.000149 0.999999 
0.000155 0.000315 1.000000 0.000269 -0.000528 1.000000 0.000231 0.000006 1.000000 0.000830 -0.000433 1.000000 0.002799 0.001421 0.999995 -0.001152 -0.000137 0.999999 
0.000139 0.000284 1.000000 0.000245 -0.000480 1.000000 0.000220 0.000006 1.000000 0.000815 -0.000425 1.000000 0.002538 0.001288 0.999996 -0.001052 -0.000125 0.999999 
0.000127 0.000258 1.000000 0.000572 -0.001122 0.999999 0.000219 0.000006 1.000000 0.000812 -0.000423 1.000000 0.003101 0.001575 0.999994 -0.001147 -0.000137 0.999999 
0.000112 0.000229 1.000000 0.000519 -0.001017 0.999999 0.000210 0.000006 1.000000 0.000804 -0.000419 1.000000 0.002810 0.001427 0.999995 -0.001050 -0.000125 0.999999 
0.000740 0.001508 0.999999 0.000599 -0.001173 0.999999 0.000223 0.000006 1.000000 0.001442 -0.000751 0.999999 0.003630 0.001845 0.999992 -0.000956 -0.000114 1.000000 
0.000305 0.000621 1.000000 0.000544 -0.001066 0.999999 0.000486 0.000013 1.000000 0.001728 -0.000900 0.999998 0.003299 0.001676 0.999993 -0.001042 -0.000124 0.999999 
0.000276 0.000562 1.000000 0.000592 -0.001161 0.999999 0.000456 0.000012 1.000000 0.001621 -0.000844 0.999998 0.003227 0.001639 0.999993 -0.001003 -0.000119 0.999999 
0.000249 0.000508 1.000000 0.000879 -0.001722 0.999998 0.000423 0.000012 1.000000 0.001524 -0.000794 0.999999 0.003679 0.001870 0.999991 -0.001091 -0.000130 0.999999 
0.000217 0.000443 1.000000 0.001113 -0.002179 0.999997 0.000399 0.000011 1.000000 0.001348 -0.000702 0.999999 0.004048 0.002058 0.999990 -0.001138 -0.000135 0.999999 
0.000557 0.001137 0.999999 0.001226 -0.002401 0.999996 0.000467 0.000013 1.000000 0.001880 -0.000978 0.999998 0.004127 0.002098 0.999989 -0.000821 -0.000097 1.000000 
0.000504 0.001029 0.999999 0.001110 -0.002175 0.999997 0.000433 0.000012 1.000000 0.001759 -0.000915 0.999998 0.003736 0.001899 0.999991 -0.000750 -0.000089 1.000000 
0.000441 0.000900 0.999999 0.001288 -0.002523 0.999996 0.000389 0.000011 1.000000 0.001451 -0.000755 0.999999 0.004013 0.002040 0.999990 -0.000800 -0.000095 1.000000 
0.000399 0.000815 1.000000 0.001465 -0.002869 0.999995 0.000358 0.000010 1.000000 0.001365 -0.000710 0.999999 0.004230 0.002151 0.999989 -0.000853 -0.000101 1.000000 
0.000360 0.000736 1.000000 0.001968 -0.003850 0.999991 0.000332 0.000009 1.000000 0.001286 -0.000669 0.999999 0.005231 0.002662 0.999983 -0.001104 -0.000130 0.999999 
0.000325 0.000663 1.000000 0.001779 -0.003482 0.999992 0.000310 0.000008 1.000000 0.001215 -0.000632 0.999999 0.004735 0.002409 0.999986 -0.001006 -0.000119 0.999999 
0.000293 0.000599 1.000000 0.001614 -0.003159 0.999994 0.000290 0.000008 1.000000 0.001145 -0.000596 0.999999 0.004291 0.002183 0.999988 -0.000916 -0.000108 1.000000 
0.000265 0.000541 1.000000 0.001464 -0.002867 0.999995 0.000272 0.000007 1.000000 0.001081 -0.000562 0.999999 0.003892 0.001979 0.999990 -0.000833 -0.000098 1.000000 
0.000241 0.000492 1.000000 0.001353 -0.002650 0.999996 0.000260 0.000007 1.000000 0.001022 -0.000531 0.999999 0.003586 0.001823 0.999992 -0.000765 -0.000090 1.000000 
0.000218 0.000446 1.000000 0.001229 -0.002407 0.999996 0.000244 0.000007 1.000000 0.000965 -0.000502 0.999999 0.003252 0.001653 0.999993 -0.000695 -0.000082 1.000000 
0.000198 0.000403 1.000000 0.001440 -0.002820 0.999995 0.000238 0.000006 1.000000 0.000917 -0.000477 0.999999 0.003682 0.001872 0.999991 -0.000798 -0.000094 1.000000 
0.000179 0.000366 1.000000 0.001307 -0.002560 0.999996 0.000225 0.000006 1.000000 0.000870 -0.000452 1.000000 0.003339 0.001697 0.999993 -0.000724 -0.000085 1.000000 
0.000162 0.000331 1.000000 0.001187 -0.002324 0.999997 0.000212 0.000006 1.000000 0.000821 -0.000427 1.000000 0.003029 0.001539 0.999994 -0.000657 -0.000077 1.000000 
0.000153 0.000313 1.000000 0.001081 -0.002119 0.999997 0.000201 0.000005 1.000000 0.000764 -0.000397 1.000000 0.002763 0.001404 0.999995 -0.000588 -0.000069 1.000000 
0.000386 0.000788 1.000000 0.001042 -0.002041 0.999997 0.000401 0.000011 1.000000 0.001603 -0.000833 0.999998 0.002621 0.001332 0.999996 -0.000307 -0.000036 1.000000 
0.000349 0.000714 1.000000 0.001127 -0.002208 0.999997 0.000371 0.000010 1.000000 0.001505 -0.000782 0.999999 0.002766 0.001406 0.999995 -0.000374 -0.000044 1.000000 
0.000315 0.000644 1.000000 0.001025 -0.002009 0.999997 0.000345 0.000009 1.000000 0.001408 -0.000732 0.999999 0.002510 0.001275 0.999996 -0.000342 -0.000040 1.000000 
0.000284 0.000580 1.000000 0.001454 -0.002848 0.999995 0.000320 0.000008 1.000000 0.001316 -0.000684 0.999999 0.003412 0.001735 0.999993 -0.000575 -0.000068 1.000000 
0.000343 0.000700 1.000000 0.001373 -0.002689 0.999995 0.000314 0.000008 1.000000 0.001418 -0.000737 0.999999 0.003197 0.001625 0.999994 -0.000492 -0.000058 1.000000 
0.000310 0.000633 1.000000 0.001589 -0.003111 0.999994 0.000302 0.000008 1.000000 0.001331 -0.000692 0.999999 0.003671 0.001867 0.999992 -0.000624 -0.000073 1.000000 
0.000280 0.000572 1.000000 0.001741 -0.003407 0.999993 0.000280 0.000007 1.000000 0.001253 -0.000651 0.999999 0.003970 0.002020 0.999990 -0.000718 -0.000084 1.000000 
0.000252 0.000516 1.000000 0.001617 -0.003162 0.999994 0.000303 0.000008 1.000000 0.001148 -0.000597 0.999999 0.005121 0.002608 0.999983 -0.001393 -0.000163 0.999999 
0.000227 0.000464 1.000000 0.001469 -0.002873 0.999995 0.000247 0.000007 1.000000 0.001067 -0.000554 0.999999 0.004560 0.002322 0.999987 -0.001264 -0.000148 0.999999 
0.000204 0.000417 1.000000 0.001715 -0.003353 0.999993 0.000238 0.000006 1.000000 0.001005 -0.000522 0.999999 0.004978 0.002536 0.999984 -0.001339 -0.000157 0.999999 
0.000183 0.000374 1.000000 0.001560 -0.003050 0.999994 0.000225 0.000006 1.000000 0.000948 -0.000493 0.999999 0.004515 0.002299 0.999987 -0.001214 -0.000142 0.999999 
0.000164 0.000335 1.000000 0.001418 -0.002773 0.999995 0.000212 0.000006 1.000000 0.000886 -0.000460 1.000000 0.004093 0.002083 0.999989 -0.001098 -0.000128 0.999999 
0.000147 0.000301 1.000000 0.001450 -0.002837 0.999995 0.000207 0.000005 1.000000 0.000831 -0.000432 1.000000 0.004091 0.002082 0.999989 -0.001080 -0.000126 0.999999 
0.000131 0.000269 1.000000 0.001358 -0.002658 0.999996 0.000202 0.000005 1.000000 0.000779 -0.000405 1.000000 0.003784 0.001926 0.999991 -0.000982 -0.000115 1.000000 
0.000117 0.000239 1.000000 0.001239 -0.002426 0.999996 0.000191 0.000005 1.000000 0.000730 -0.000379 1.000000 0.003435 0.001748 0.999993 -0.000887 -0.000104 1.000000 
0.000106 0.000216 1.000000 0.001205 -0.002358 0.999996 0.000182 0.000005 1.000000 0.000683 -0.000355 1.000000 0.003273 0.001665 0.999993 -0.000831 -0.000097 1.000000 
0.000097 0.000198 1.000000 0.001128 -0.002209 0.999997 0.000179 0.000005 1.000000 0.000637 -0.000331 1.000000 0.003037 0.001545 0.999994 -0.000753 -0.000088 1.000000 
0.000088 0.000181 1.000000 0.001160 -0.002272 0.999997 0.000160 0.000004 1.000000 0.000594 -0.000309 1.000000 0.003008 0.001530 0.999994 -0.000735 -0.000086 1.000000 
0.000080 0.000164 1.000000 0.001604 -0.003138 0.999994 0.000146 0.000004 1.000000 0.000556 -0.000289 1.000000 0.003919 0.001995 0.999990 -0.000941 -0.000110 1.000000 
0.000072 0.000147 1.000000 0.001490 -0.002915 0.999995 0.000143 0.000004 1.000000 0.000516 -0.000268 1.000000 0.003615 0.001839 0.999992 -0.000852 -0.000099 1.000000 
0.000066 0.000134 1.000000 0.001382 -0.002704 0.999995 0.000140 0.000004 1.000000 0.000474 -0.000246 1.000000 0.003336 0.001697 0.999993 -0.000771 -0.000090 1.000000 
0.000059 0.000120 1.000000 0.001698 -0.003323 0.999993 0.000130 0.000003 1.000000 0.000437 -0.000227 1.000000 0.003983 0.002027 0.999990 -0.000913 -0.000106 1.000000 
0.000053 0.000108 1.000000 0.001555 -0.003044 0.999994 0.000128 0.000003 1.000000 0.000401 -0.000208 1.000000 0.003637 0.001851 0.999992 -0.000819 -0.000095 1.000000 
0.000051 0.000104 1.000000 0.000977 -0.001911 0.999998 0.000231 0.000006 1.000000 0.000351 -0.000182 1.000000 0.004015 0.002044 0.999990 -0.001270 -0.000148 0.999999 
0.000046 0.000095 1.000000 0.000913 -0.001786 0.999998 0.000161 0.000004 1.000000 0.000315 -0.000164 1.000000 0.003526 0.001794 0.999992 -0.001133 -0.000132 0.999999 
0.000042 0.000086 1.000000 0.000848 -0.001660 0.999998 0.000142 0.000004 1.000000 0.000282 -0.000146 1.000000 0.003187 0.001621 0.999994 -0.001012 -0.000118 0.999999 
0.000038 0.000078 1.000000 0.000828 -0.001621 0.999998 0.000132 0.000003 1.000000 0.000258 -0.000134 1.000000 0.002914 0.001482 0.999995 -0.000887 -0.000103 1.000000 
0.000034 0.000070 1.000000 0.000927 -0.001814 0.999998 0.000127 0.000003 1.000000 0.000239 -0.000124 1.000000 0.003011 0.001532 0.999994 -0.000877 -0.000102 1.000000 
0.000011 0.000023 1.000000 0.000949 -0.001859 0.999998 0.000124 0.000003 1.000000 0.000118 -0.000061 1.000000 0.002960 0.001506 0.999994 -0.000819 -0.000095 1.000000 
0.000011 0.000022 1.000000 0.000884 -0.001732 0.999998 0.000153 0.000004 1.000000 0.000111 -0.000058 1.000000 0.002787 0.001418 0.999995 -0.000730 -0.000085 1.000000 
0.000010 0.000020 1.000000 0.000838 -0.001641 0.999998 0.000183 0.000005 1.000000 0.000108 -0.000056 1.000000 0.002650 0.001347 0.999996 -0.000647 -0.000075 1.000000 
0.000010 0.000020 1.000000 0.000779 -0.001526 0.999999 0.000210 0.000005 1.000000 0.000106 -0.000055 1.000000 0.002509 0.001276 0.999996 -0.000574 -0.000067 1.000000 
0.000010 0.000020 1.000000 0.000734 -0.001437 0.999999 0.000237 0.000006 1.000000 0.000108 -0.000056 1.000000 0.002389 0.001214 0.999996 -0.000504 -0.000059 1.000000 
0.000010 0.000020 1.000000 0.000697 -0.001366 0.999999 0.000267 0.000007 1.000000 0.000110 -0.000057 1.000000 0.002301 0.001169 0.999997 -0.000441 -0.000051 1.000000 
0.000010 0.000020 1.000000 0.000693 -0.001358 0.999999 0.000289 0.000007 1.000000 0.000108 -0.000056 1.000000 0.002264 0.001151 0.999997 -0.000394 -0.000046 1.000000 
0.000010 0.000020 1.000000 0.000717 -0.001405 0.999999 0.000324 0.000008 1.000000 0.000104 -0.000054 1.000000 0.002319 0.001179 0.999997 -0.000360 -0.000042 1.000000 
0.000009 0.000019 1.000000 0.000693 -0.001358 0.999999 0.000347 0.000009 1.000000 0.000101 -0.000052 1.000000 0.002256 0.001146 0.999997 -0.000309 -0.000036 1.000000 
0.000009 0.000019 1.000000 0.000689 -0.001351 0.999999 0.000377 0.000010 1.000000 0.000104 -0.000054 1.000000 0.002255 0.001146 0.999997 -0.000273 -0.000032 1.000000 
0.000001 0.000003 1.000000 0.000703 -0.001377 0.999999 0.000404 0.000010 1.000000 0.000015 -0.000008 1.000000 0.002307 0.001172 0.999997 -0.000233 -0.000027 1.000000 
0.000340 0.000695 1.000000 0.000678 -0.001329 0.999999 0.000512 0.000013 1.000000 0.000597 -0.000310 1.000000 0.002179 0.001107 0.999997 0.000134 0.000016 1.000000 
0.000309 0.000631 1.000000 0.000799 -0.001564 0.999998 0.000475 0.000012 1.000000 0.000549 -0.000285 1.000000 0.002348 0.001193 0.999997 0.000057 0.000007 1.000000 
0.000170 0.000347 1.000000 0.000834 -0.001634 0.999998 0.000461 0.000012 1.000000 0.000416 -0.000216 1.000000 0.002184 0.001110 0.999997 0.000046 0.000005 1.000000 
0.001052 0.002151 0.999997 0.000962 -0.001885 0.999998 0.000029 0.000001 1.000000 -0.001180 0.000613 0.999999 0.002227 0.001132 0.999997 0.001060 0.000123 0.999999 
0.000313 0.000639 1.000000 0.000898 -0.001760 0.999998 0.000227 0.000006 1.000000 -0.002407 0.001249 0.999996 0.002147 0.001091 0.999997 0.000937 0.000108 1.000000 
0.000519 0.001062 0.999999 0.000855 -0.001676 0.999998 0.000462 0.000012 1.000000 -0.001144 0.000594 0.999999 0.002059 0.001046 0.999997 0.001059 0.000123 0.999999 
0.000470 0.000963 0.999999 0.000821 -0.001608 0.999998 0.000468 0.000012 1.000000 -0.001026 0.000532 0.999999 0.001989 0.001011 0.999998 0.000986 0.000114 1.000000 
0.000426 0.000872 1.000000 0.000798 -0.001564 0.999998 0.000472 0.000012 1.000000 -0.000915 0.000475 0.999999 0.001926 0.000978 0.999998 0.000923 0.000107 1.000000 
0.000386 0.000789 1.000000 0.000780 -0.001529 0.999999 0.000478 0.000012 1.000000 -0.000818 0.000425 1.000000 0.001871 0.000951 0.999998 0.000869 0.000101 1.000000 
0.000351 0.000718 1.000000 0.000765 -0.001500 0.999999 0.000485 0.000012 1.000000 -0.000725 0.000376 1.000000 0.001828 0.000929 0.999998 0.000821 0.000095 1.000000 
0.000320 0.000654 1.000000 0.000771 -0.001512 0.999999 0.000489 0.000012 1.000000 -0.000642 0.000333 1.000000 0.001792 0.000910 0.999998 0.000788 0.000091 1.000000 
0.000288 0.000589 1.000000 0.000768 -0.001505 0.999999 0.000675 0.000017 1.000000 0.000619 -0.000321 1.000000 0.001761 0.000894 0.999998 0.000576 0.000067 1.000000 
0.000747 0.001528 0.999999 0.000735 -0.001441 0.999999 0.000508 0.000013 1.000000 0.000491 -0.000255 1.000000 0.001692 0.000860 0.999998 0.000919 0.000106 1.000000 
0.000677 0.001385 0.999999 0.000724 -0.001419 0.999999 0.000450 0.000011 1.000000 0.000459 -0.000238 1.000000 0.001540 0.000782 0.999999 0.000850 0.000098 1.000000 
0.000613 0.001255 0.999999 0.001127 -0.002208 0.999997 0.000358 0.000009 1.000000 0.000424 -0.000220 1.000000 0.002233 0.001135 0.999997 0.000568 0.000066 1.000000 
0.000567 0.001159 0.999999 0.001074 -0.002104 0.999997 0.000294 0.000007 1.000000 0.000372 -0.000193 1.000000 0.001980 0.001006 0.999998 0.000551 0.000064 1.000000 
0.000514 0.001050 0.999999 0.001024 -0.002006 0.999997 0.000252 0.000006 1.000000 0.000347 -0.000180 1.000000 0.001774 0.000902 0.999998 0.000521 0.000060 1.000000 
0.000465 0.000951 0.999999 0.000980 -0.001920 0.999998 0.000211 0.000005 1.000000 0.000327 -0.000170 1.000000 0.001577 0.000801 0.999998 0.000497 0.000057 1.000000 
0.000421 0.000861 1.000000 0.000941 -0.001844 0.999998 0.000173 0.000004 1.000000 0.000308 -0.000160 1.000000 0.001394 0.000708 0.999999 0.000477 0.000055 1.000000 
0.000382 0.000781 1.000000 0.000931 -0.001824 0.999998 0.000143 0.000004 1.000000 0.000292 -0.000152 1.000000 0.001275 0.000648 0.999999 0.000457 0.000053 1.000000 
0.000347 0.000710 1.000000 0.000896 -0.001757 0.999998 0.000118 0.000003 1.000000 0.000278 -0.000144 1.000000 0.001140 0.000579 0.999999 0.000440 0.000051 1.000000 
