-0.002482 -0.000048 0.999997 -0.000033 0.001395 0.999999 -0.000002 0.001340 0.999999 -0.002473 -0.000063 0.999997 
-0.002246 -0.000043 0.999997 -0.000030 0.001269 0.999999 -0.000002 0.001220 0.999999 -0.002238 -0.000057 0.999997 
-0.002032 -0.000039 0.999998 -0.000027 0.001148 0.999999 -0.000001 0.001103 0.999999 -0.002025 -0.000051 0.999998 
-0.001830 -0.000035 0.999998 -0.000024 0.001039 0.999999 -0.000001 0.000999 1.000000 -0.001824 -0.000046 0.999998 
-0.001695 -0.000033 0.999999 0.000032 -0.001332 0.999999 0.000002 -0.001370 0.999999 -0.001703 -0.000044 0.999999 
-0.001527 -0.000030 0.999999 0.000029 -0.001211 0.999999 0.000002 -0.001245 0.999999 -0.001534 -0.000039 0.999999 
-0.002459 -0.000048 0.999997 0.000052 -0.002146 0.999998 0.000004 -0.002201 0.999998 -0.002472 -0.000064 0.999997 
-0.002210 -0.000043 0.999998 0.000062 -0.002560 0.999997 0.000005 -0.002610 0.999997 -0.002226 -0.000057 0.999998 
-0.000143 -0.000003 1.000000 0.000169 -0.006977 0.999976 0.000014 -0.006981 0.999976 -0.000186 -0.000005 1.000000 
-0.000079 -0.000002 1.000000 0.000155 -0.006384 0.999980 0.000012 -0.006386 0.999980 -0.000118 -0.000003 1.000000 
-0.000038 -0.000001 1.000000 0.000150 -0.006185 0.999981 0.000012 -0.006187 0.999981 -0.000076 -0.000002 1.000000 
-0.000031 -0.000001 1.000000 0.000212 -0.008901 0.999960 0.000014 -0.008903 0.999960 -0.000085 -0.000002 1.000000 
-0.000026 -0.000001 1.000000 0.000219 -0.009305 0.999957 0.000012 -0.009306 0.999957 -0.000083 -0.000002 1.000000 
-0.000978 -0.000018 1.000000 0.000213 -0.009264 0.999957 0.000006 -0.009287 0.999957 -0.001034 -0.000026 0.999999 
-0.000465 -0.000009 1.000000 0.000204 -0.008998 0.999959 0.000003 -0.009009 0.999959 -0.000520 -0.000013 1.000000 
-0.000379 -0.000007 1.000000 0.000257 -0.011326 0.999936 0.000004 -0.011335 0.999936 -0.000448 -0.000011 1.000000 
-0.004360 0.000147 0.999990 -0.000002 -0.000080 1.000000 -0.000009 -0.000177 1.000000 -0.004361 0.000120 0.999990 
-0.000430 0.000042 1.000000 0.000103 0.001120 0.999999 0.000127 0.001108 0.999999 -0.000424 0.000038 1.000000 
-0.002318 0.000282 0.999997 -0.000869 -0.007418 0.999972 -0.001041 -0.007447 0.999972 -0.002365 0.000273 0.999997 
-0.000843 0.000102 1.000000 -0.001444 -0.012413 0.999922 -0.001722 -0.012394 0.999922 -0.000920 0.000105 1.000000 
0.012827 -0.001384 0.999917 -0.002043 -0.019696 0.999804 -0.002446 -0.019357 0.999810 0.012715 -0.001293 0.999918 
0.000603 -0.000079 1.000000 -0.000093 -0.000737 1.000000 -0.000107 -0.000721 1.000000 0.000599 -0.000074 1.000000 
-0.029859 -0.074469 0.996776 0.000131 0.000561 1.000000 -0.000092 0.000019 1.000000 -0.035630 0.044898 0.998356 0.041743 -0.015407 0.999010 -0.018929 0.024914 0.999510 
-0.036029 -0.094307 0.994891 -0.000261 -0.000959 1.000000 0.000026 -0.000007 1.000000 -0.028609 0.029294 0.999161 0.007552 -0.002671 0.999968 -0.001121 0.001239 0.999999 
-0.034754 -0.078744 0.996289 0.001993 0.005919 0.999980 0.005129 -0.001591 0.999986 -0.024632 0.024181 0.999404 0.000753 -0.000311 1.000000 0.002435 -0.002639 0.999994 
-0.036777 -0.073552 0.996613 0.007157 0.017606 0.999819 -0.004088 0.001548 0.999990 -0.023094 0.022099 0.999489 -0.006553 0.003086 0.999974 0.004165 -0.004504 0.999981 
-0.037371 -0.069532 0.996880 0.008000 0.018413 0.999798 -0.000040 0.000016 1.000000 -0.026564 0.025441 0.999323 -0.015308 0.007783 0.999853 0.003193 -0.003472 0.999989 
-0.020583 -0.035441 0.999160 0.006033 0.013886 0.999885 -0.000050 0.000020 1.000000 -0.023247 0.024010 0.999441 -0.028184 0.015521 0.999482 -0.002851 0.003287 0.999991 
0.001037 0.001640 0.999998 0.003080 0.007089 0.999970 -0.000065 0.000026 1.000000 -0.019111 0.021906 0.999577 -0.030733 0.018406 0.999358 -0.010550 0.013253 0.999857 
0.014315 0.021349 0.999670 0.000942 0.002144 0.999997 -0.000892 0.000367 1.000000 -0.016920 0.021214 0.999632 -0.029032 0.018433 0.999409 -0.015187 0.020626 0.999672 
0.018987 0.027041 0.999454 0.000821 0.001779 0.999998 -0.000419 0.000181 1.000000 -0.016428 0.021823 0.999627 -0.026976 0.017945 0.999475 -0.016413 0.023591 0.999587 
0.019984 0.027330 0.999427 0.001834 0.003741 0.999991 -0.000481 0.000221 1.000000 -0.015991 0.022122 0.999627 -0.025077 0.017387 0.999534 -0.016033 0.024071 0.999582 
0.021560 0.028527 0.999360 0.002240 0.004369 0.999988 -0.000535 0.000258 1.000000 -0.014083 0.020279 0.999695 -0.021514 0.015429 0.999649 -0.015074 0.023594 0.999608 
0.024665 0.032131 0.999179 0.001651 0.003173 0.999994 -0.000436 0.000214 1.000000 -0.010992 0.016373 0.999806 -0.016273 0.011860 0.999797 -0.014168 0.022908 0.999637 
0.025093 0.032733 0.999149 0.000968 0.001858 0.999998 -0.000316 0.000155 1.000000 -0.007788 0.011706 0.999901 -0.011934 0.008689 0.999891 -0.012341 0.020136 0.999721 
0.021324 0.028096 0.999378 0.000672 0.001290 0.999999 -0.000291 0.000143 1.000000 -0.004250 0.006299 0.999971 -0.008067 0.005818 0.999951 -0.008915 0.014373 0.999857 
0.014650 0.019585 0.999701 0.000561 0.001077 0.999999 -0.000215 0.000105 1.000000 -0.000510 0.000738 1.000000 -0.002265 0.001611 0.999996 -0.004659 0.007361 0.999962 
0.007787 0.010540 0.999914 0.000375 0.000719 1.000000 -0.000529 0.000259 1.000000 -0.000121 0.000175 1.000000 0.000196 -0.000137 1.000000 -0.002644 0.004169 0.999988 
0.003011 0.004095 0.999987 0.000044 0.000085 1.000000 -0.001890 0.000927 0.999998 -0.000033 0.000048 1.000000 -0.000297 0.000208 1.000000 -0.001342 0.002114 0.999997 
-0.000032 -0.000043 1.000000 -0.000017 -0.000033 1.000000 -0.002265 0.001111 0.999997 -0.000014 0.000020 1.000000 -0.000139 0.000097 1.000000 -0.000466 0.000734 1.000000 
-0.000026 -0.000035 1.000000 -0.000031 -0.000060 1.000000 -0.002063 0.001012 0.999997 -0.000009 0.000013 1.000000 -0.000129 0.000090 1.000000 -0.000426 0.000671 1.000000 
-0.000022 -0.000030 1.000000 -0.000053 -0.000101 1.000000 -0.001889 0.000927 0.999998 -0.000005 0.000008 1.000000 -0.000139 0.000097 1.000000 -0.000391 0.000616 1.000000 
-0.000035 -0.000047 1.000000 -0.000930 -0.001787 0.999998 -0.003100 0.001520 0.999994 0.000121 -0.000175 1.000000 -0.000330 0.000232 1.000000 -0.000740 0.001166 0.999999 
0.000042 0.000057 1.000000 -0.001110 -0.002132 0.999997 -0.002305 0.001130 0.999997 -0.000093 0.000134 1.000000 -0.001428 0.001004 0.999998 -0.000660 0.001040 0.999999 
-0.000015 -0.000020 1.000000 -0.001669 -0.003206 0.999993 -0.001797 0.000882 0.999998 -0.000508 0.000732 1.000000 -0.003271 0.002314 0.999992 -0.000756 0.001190 0.999999 
0.000035 0.000047 1.000000 -0.001343 -0.002580 0.999996 -0.002982 0.001463 0.999994 -0.000741 0.001069 0.999999 -0.004691 0.003333 0.999983 -0.000922 0.001451 0.999999 
-0.000113 -0.000150 1.000000 -0.002530 -0.004857 0.999985 -0.002289 0.001123 0.999997 -0.001001 0.001444 0.999998 -0.005977 0.004257 0.999973 -0.001067 0.001680 0.999998 
-0.000114 -0.000152 1.000000 -0.002313 -0.004442 0.999987 -0.003256 0.001597 0.999993 -0.001051 0.001517 0.999998 -0.006689 0.004779 0.999966 -0.001151 0.001812 0.999998 
-0.000102 -0.000136 1.000000 -0.002119 -0.004069 0.999989 -0.002967 0.001455 0.999995 -0.001099 0.001586 0.999998 -0.006910 0.004945 0.999964 -0.001049 0.001652 0.999998 
-0.000067 -0.000089 1.000000 -0.001561 -0.002998 0.999994 -0.004418 0.002167 0.999988 -0.001135 0.001639 0.999998 -0.007090 0.005077 0.999962 -0.001225 0.001929 0.999997 
-0.000054 -0.000071 1.000000 -0.001641 -0.003152 0.999994 -0.005252 0.002576 0.999983 -0.001069 0.001543 0.999998 -0.007041 0.005042 0.999962 -0.001378 0.002170 0.999997 
-0.000031 -0.000041 1.000000 -0.001513 -0.002906 0.999995 -0.004769 0.002339 0.999986 -0.001056 0.001525 0.999998 -0.006932 0.004966 0.999964 -0.001255 0.001976 0.999997 
-0.000027 -0.000036 1.000000 -0.001390 -0.002669 0.999995 -0.004330 0.002124 0.999988 -0.001041 0.001503 0.999998 -0.006772 0.004852 0.999965 -0.001142 0.001798 0.999998 
-0.000023 -0.000030 1.000000 -0.001310 -0.002516 0.999996 -0.003903 0.001914 0.999991 -0.001018 0.001470 0.999998 -0.006592 0.004722 0.999967 -0.001040 0.001637 0.999998 
-0.000022 -0.000029 1.000000 -0.001191 -0.002286 0.999997 -0.003544 0.001739 0.999992 -0.000994 0.001435 0.999998 -0.006376 0.004565 0.999969 -0.000944 0.001486 0.999998 
0.000007 0.000009 1.000000 -0.001145 -0.002199 0.999997 -0.004525 0.002219 0.999987 -0.000938 0.001354 0.999999 -0.006256 0.004476 0.999970 -0.001120 0.001763 0.999998 
-0.000007 -0.000009 1.000000 -0.000210 -0.000403 1.000000 -0.005398 0.002649 0.999982 -0.001059 0.001528 0.999998 -0.006207 0.004439 0.999971 -0.001164 0.001832 0.999998 
-0.000011 -0.000014 1.000000 -0.000191 -0.000367 1.000000 -0.004894 0.002401 0.999985 -0.001035 0.001493 0.999998 -0.006065 0.004334 0.999972 -0.001052 0.001656 0.999998 
-0.000011 -0.000014 1.000000 -0.000175 -0.000335 1.000000 -0.004437 0.002177 0.999988 -0.001015 0.001463 0.999998 -0.005944 0.004246 0.999973 -0.000952 0.001498 0.999998 
-0.000015 -0.000020 1.000000 -0.000114 -0.000220 1.000000 -0.005149 0.002526 0.999984 -0.000988 0.001424 0.999998 -0.005821 0.004156 0.999974 -0.001081 0.001700 0.999998 
-0.000002 -0.000003 1.000000 -0.000111 -0.000213 1.000000 -0.004667 0.002290 0.999986 -0.000959 0.001383 0.999999 -0.005641 0.004025 0.999976 -0.000985 0.001549 0.999998 
-0.000006 -0.000008 1.000000 -0.000689 -0.001322 0.999999 -0.003109 0.001527 0.999994 -0.001012 0.001459 0.999998 -0.005480 0.003909 0.999977 -0.000874 0.001375 0.999999 
0.000001 0.000001 1.000000 -0.000625 -0.001200 0.999999 -0.002827 0.001388 0.999995 -0.000984 0.001418 0.999999 -0.005346 0.003814 0.999978 -0.000796 0.001251 0.999999 
-0.000000 -0.000001 1.000000 -0.000809 -0.001552 0.999998 -0.003842 0.001885 0.999991 -0.000889 0.001281 0.999999 -0.005240 0.003737 0.999979 -0.000995 0.001564 0.999998 
0.000058 0.000078 1.000000 -0.000745 -0.001429 0.999999 -0.003492 0.001714 0.999992 -0.000876 0.001262 0.999999 -0.005157 0.003678 0.999980 -0.000924 0.001453 0.999999 
0.000072 0.000096 1.000000 0.000171 0.000328 1.000000 -0.004857 0.002387 0.999985 -0.000916 0.001320 0.999999 -0.005160 0.003680 0.999980 -0.001010 0.001589 0.999998 
0.000074 0.000099 1.000000 0.000133 0.000255 1.000000 -0.004392 0.002158 0.999988 -0.000902 0.001299 0.999999 -0.005083 0.003625 0.999981 -0.000922 0.001449 0.999999 
0.000070 0.000094 1.000000 0.000105 0.000202 1.000000 -0.003735 0.001837 0.999991 -0.000978 0.001409 0.999999 -0.005044 0.003597 0.999981 -0.000858 0.001350 0.999999 
0.000072 0.000096 1.000000 0.000090 0.000172 1.000000 -0.003395 0.001669 0.999993 -0.000955 0.001377 0.999999 -0.004971 0.003545 0.999981 -0.000783 0.001231 0.999999 
0.000071 0.000095 1.000000 0.000076 0.000146 1.000000 -0.003084 0.001517 0.999994 -0.000932 0.001343 0.999999 -0.004888 0.003486 0.999982 -0.000713 0.001121 0.999999 
0.000069 0.000092 1.000000 0.000170 0.000325 1.000000 -0.003280 0.001614 0.999993 -0.000906 0.001305 0.999999 -0.004864 0.003469 0.999982 -0.000711 0.001118 0.999999 
0.000029 0.000038 1.000000 -0.000340 -0.000651 1.000000 -0.003258 0.001603 0.999993 -0.000932 0.001342 0.999999 -0.004802 0.003424 0.999983 -0.000858 0.001350 0.999999 
0.000052 0.000069 1.000000 -0.000321 -0.000615 1.000000 -0.002963 0.001458 0.999995 -0.000917 0.001320 0.999999 -0.004769 0.003401 0.999983 -0.000790 0.001242 0.999999 
0.000053 0.000070 1.000000 -0.000377 -0.000721 1.000000 -0.003771 0.001855 0.999991 -0.000875 0.001260 0.999999 -0.004769 0.003400 0.999983 -0.000941 0.001480 0.999998 
0.000075 0.000099 1.000000 -0.000355 -0.000680 1.000000 -0.003423 0.001684 0.999993 -0.000865 0.001246 0.999999 -0.004740 0.003379 0.999983 -0.000864 0.001360 0.999999 
0.000057 0.000076 1.000000 -0.000327 -0.000625 1.000000 -0.003111 0.001530 0.999994 -0.000855 0.001232 0.999999 -0.004714 0.003361 0.999983 -0.000781 0.001228 0.999999 
0.000039 0.000052 1.000000 0.000365 0.000699 1.000000 -0.001740 0.000857 0.999998 -0.001127 0.001623 0.999998 -0.004666 0.003327 0.999984 -0.000539 0.000848 0.999999 
0.000042 0.000056 1.000000 0.000326 0.000624 1.000000 -0.001582 0.000779 0.999998 -0.001081 0.001556 0.999998 -0.004574 0.003261 0.999984 -0.000492 0.000773 1.000000 
0.000045 0.000060 1.000000 0.000290 0.000555 1.000000 -0.001442 0.000710 0.999999 -0.001038 0.001495 0.999998 -0.004491 0.003202 0.999985 -0.000449 0.000706 1.000000 
0.000049 0.000065 1.000000 0.000257 0.000492 1.000000 -0.001317 0.000648 0.999999 -0.001000 0.001440 0.999998 -0.004418 0.003150 0.999985 -0.000411 0.000646 1.000000 
0.000052 0.000069 1.000000 0.000228 0.000437 1.000000 -0.001203 0.000592 0.999999 -0.000966 0.001391 0.999999 -0.004354 0.003104 0.999986 -0.000376 0.000592 1.000000 
0.000175 0.000234 1.000000 0.000464 0.000888 0.999999 -0.003468 0.001707 0.999993 -0.000966 0.001391 0.999999 -0.004823 0.003439 0.999982 -0.000764 0.001202 0.999999 
0.000153 0.000204 1.000000 0.000463 0.000885 1.000000 -0.003229 0.001590 0.999994 -0.000971 0.001398 0.999999 -0.004898 0.003493 0.999982 -0.000700 0.001100 0.999999 
0.000144 0.000192 1.000000 0.000407 0.000778 1.000000 -0.002934 0.001445 0.999995 -0.000951 0.001369 0.999999 -0.004849 0.003458 0.999982 -0.000639 0.001004 0.999999 
0.000121 0.000161 1.000000 0.000428 0.000820 1.000000 -0.002786 0.001372 0.999995 -0.000942 0.001356 0.999999 -0.004840 0.003451 0.999982 -0.000588 0.000925 0.999999 
0.000114 0.000152 1.000000 0.000381 0.000729 1.000000 -0.002532 0.001247 0.999996 -0.000922 0.001327 0.999999 -0.004782 0.003409 0.999983 -0.000537 0.000844 1.000000 
0.000110 0.000147 1.000000 0.000339 0.000649 1.000000 -0.002304 0.001135 0.999997 -0.000903 0.001300 0.999999 -0.004726 0.003370 0.999983 -0.000490 0.000770 1.000000 
0.000105 0.000140 1.000000 0.000301 0.000575 1.000000 -0.002096 0.001032 0.999997 -0.000886 0.001276 0.999999 -0.004677 0.003335 0.999984 -0.000448 0.000704 1.000000 
0.000098 0.000130 1.000000 0.000244 0.000467 1.000000 -0.001884 0.000928 0.999998 -0.000874 0.001259 0.999999 -0.004659 0.003322 0.999984 -0.000408 0.000642 1.000000 
0.000094 0.000126 1.000000 0.000215 0.000411 1.000000 -0.001716 0.000846 0.999998 -0.000861 0.001239 0.999999 -0.004618 0.003293 0.999984 -0.000374 0.000587 1.000000 
0.000091 0.000121 1.000000 0.000187 0.000358 1.000000 -0.001566 0.000772 0.999998 -0.000848 0.001220 0.999999 -0.004581 0.003266 0.999984 -0.000343 0.000539 1.000000 
0.000066 0.000088 1.000000 0.000590 0.001128 0.999999 -0.002261 0.001115 0.999997 -0.000871 0.001254 0.999999 -0.004633 0.003303 0.999984 -0.000388 0.000611 1.000000 
0.000208 0.000277 1.000000 0.000733 0.001398 0.999999 -0.001410 0.000696 0.999999 -0.001024 0.001473 0.999998 -0.004997 0.003564 0.999981 -0.000290 0.000456 1.000000 
0.000172 0.000229 1.000000 0.000664 0.001267 0.999999 -0.004619 0.002281 0.999987 -0.001014 0.001459 0.999998 -0.005704 0.004067 0.999975 -0.000864 0.001358 0.999999 
0.000148 0.000197 1.000000 0.000545 0.001039 0.999999 -0.004243 0.002096 0.999989 -0.001036 0.001491 0.999998 -0.005882 0.004194 0.999974 -0.000800 0.001257 0.999999 
0.000146 0.000194 1.000000 0.000468 0.000892 0.999999 -0.003836 0.001895 0.999991 -0.001044 0.001502 0.999998 -0.005922 0.004223 0.999974 -0.000734 0.001153 0.999999 
0.000123 0.000164 1.000000 0.000500 0.000953 0.999999 -0.004493 0.002219 0.999987 -0.001051 0.001512 0.999998 -0.005941 0.004236 0.999973 -0.000860 0.001352 0.999999 
0.000114 0.000153 1.000000 0.000434 0.000829 1.000000 -0.004063 0.002006 0.999990 -0.001046 0.001506 0.999998 -0.005912 0.004215 0.999974 -0.000784 0.001232 0.999999 
0.000107 0.000143 1.000000 0.000368 0.000703 1.000000 -0.003674 0.001814 0.999992 -0.001035 0.001489 0.999998 -0.005846 0.004169 0.999974 -0.000716 0.001126 0.999999 
0.000101 0.000135 1.000000 0.000315 0.000601 1.000000 -0.003332 0.001645 0.999993 -0.001021 0.001470 0.999998 -0.005779 0.004120 0.999975 -0.000654 0.001029 0.999999 
0.000096 0.000129 1.000000 0.000274 0.000523 1.000000 -0.003022 0.001493 0.999994 -0.001009 0.001452 0.999998 -0.005715 0.004075 0.999975 -0.000597 0.000939 0.999999 
0.000083 0.000111 1.000000 0.000005 0.000010 1.000000 -0.003879 0.001915 0.999991 -0.001003 0.001443 0.999998 -0.006330 0.004513 0.999970 -0.000748 0.001176 0.999999 
0.000060 0.000079 1.000000 -0.000612 -0.001166 0.999999 -0.002835 0.001403 0.999995 -0.001006 0.001447 0.999998 -0.006347 0.004525 0.999970 -0.000680 0.001070 0.999999 
0.000060 0.000079 1.000000 -0.000573 -0.001091 0.999999 -0.002580 0.001277 0.999996 -0.001004 0.001444 0.999998 -0.006291 0.004486 0.999970 -0.000623 0.000979 0.999999 
0.000060 0.000079 1.000000 -0.000525 -0.001001 0.999999 -0.002347 0.001161 0.999997 -0.000999 0.001438 0.999998 -0.006216 0.004432 0.999971 -0.000568 0.000893 0.999999 
0.000043 0.000057 1.000000 -0.001153 -0.002195 0.999997 -0.002714 0.001343 0.999995 -0.000936 0.001347 0.999999 -0.006198 0.004419 0.999971 -0.000753 0.001185 0.999999 
0.000123 0.000164 1.000000 -0.001058 -0.002015 0.999997 -0.002464 0.001220 0.999996 -0.000948 0.001365 0.999999 -0.006194 0.004416 0.999971 -0.000713 0.001121 0.999999 
0.000195 0.000260 1.000000 -0.000965 -0.001838 0.999998 -0.002239 0.001108 0.999997 -0.000947 0.001362 0.999999 -0.006106 0.004353 0.999972 -0.000675 0.001062 0.999999 
0.000206 0.000275 1.000000 -0.000607 -0.001156 0.999999 -0.003348 0.001657 0.999993 -0.000956 0.001376 0.999999 -0.006045 0.004309 0.999972 -0.000838 0.001317 0.999999 
0.000216 0.000288 1.000000 -0.000302 -0.000576 1.000000 -0.002269 0.001123 0.999997 -0.001119 0.001610 0.999998 -0.006006 0.004281 0.999973 -0.000675 0.001061 0.999999 
0.000189 0.000252 1.000000 -0.000036 -0.000068 1.000000 -0.002066 0.001023 0.999997 -0.001139 0.001638 0.999998 -0.005913 0.004213 0.999974 -0.000584 0.000918 0.999999 
0.000214 0.000286 1.000000 -0.000052 -0.000100 1.000000 -0.002782 0.001378 0.999995 -0.001059 0.001523 0.999998 -0.005899 0.004203 0.999974 -0.000683 0.001074 0.999999 
0.000158 0.000212 1.000000 0.000027 0.000051 1.000000 -0.003681 0.001823 0.999992 -0.001032 0.001484 0.999998 -0.005833 0.004155 0.999974 -0.000823 0.001294 0.999999 
0.000169 0.000225 1.000000 0.000022 0.000042 1.000000 -0.003343 0.001656 0.999993 -0.001027 0.001477 0.999998 -0.005807 0.004136 0.999975 -0.000755 0.001188 0.999999 
0.000154 0.000206 1.000000 0.000014 0.000026 1.000000 -0.003034 0.001503 0.999994 -0.001018 0.001464 0.999998 -0.005764 0.004105 0.999975 -0.000686 0.001079 0.999999 
0.000143 0.000190 1.000000 -0.000145 -0.000275 1.000000 -0.003072 0.001522 0.999994 -0.000971 0.001396 0.999999 -0.005768 0.004108 0.999975 -0.000692 0.001087 0.999999 
0.000132 0.000176 1.000000 -0.000203 -0.000387 1.000000 -0.002686 0.001331 0.999996 -0.000979 0.001409 0.999999 -0.005766 0.004106 0.999975 -0.000629 0.000990 0.999999 
0.000126 0.000168 1.000000 -0.000002 -0.000004 1.000000 -0.002798 0.001387 0.999995 -0.000990 0.001424 0.999998 -0.005775 0.004113 0.999975 -0.000606 0.000953 0.999999 
0.000121 0.000162 1.000000 -0.000006 -0.000011 1.000000 -0.002543 0.001260 0.999996 -0.000982 0.001412 0.999999 -0.005718 0.004072 0.999975 -0.000553 0.000870 0.999999 
0.000117 0.000156 1.000000 -0.000011 -0.000020 1.000000 -0.002311 0.001145 0.999997 -0.000974 0.001401 0.999999 -0.005665 0.004034 0.999976 -0.000505 0.000794 1.000000 
0.000113 0.000151 1.000000 -0.000014 -0.000026 1.000000 -0.002102 0.001041 0.999997 -0.000967 0.001391 0.999999 -0.005617 0.004000 0.999976 -0.000461 0.000725 1.000000 
0.000110 0.000147 1.000000 -0.000016 -0.000030 1.000000 -0.001913 0.000948 0.999998 -0.000960 0.001381 0.999999 -0.005572 0.003968 0.999977 -0.000422 0.000663 1.000000 
0.000107 0.000142 1.000000 -0.000021 -0.000039 1.000000 -0.001742 0.000863 0.999998 -0.000954 0.001371 0.999999 -0.005532 0.003940 0.999977 -0.000386 0.000607 1.000000 
0.000086 0.000115 1.000000 0.000395 0.000751 1.000000 -0.003653 0.001810 0.999992 -0.001000 0.001438 0.999998 -0.005569 0.003966 0.999977 -0.000710 0.001116 0.999999 
0.000072 0.000096 1.000000 0.000341 0.000648 1.000000 -0.003304 0.001637 0.999993 -0.001008 0.001449 0.999998 -0.005619 0.004001 0.999976 -0.000645 0.001014 0.999999 
0.000065 0.000087 1.000000 0.000299 0.000569 1.000000 -0.002969 0.001471 0.999995 -0.001012 0.001455 0.999998 -0.005622 0.004004 0.999976 -0.000586 0.000921 0.999999 
0.000029 0.000039 1.000000 -0.000578 -0.001098 0.999999 -0.004679 0.002319 0.999986 -0.000855 0.001230 0.999999 -0.005716 0.004070 0.999975 -0.001020 0.001604 0.999998 
0.000034 0.000046 1.000000 -0.001013 -0.001925 0.999998 -0.003114 0.001545 0.999994 -0.000993 0.001428 0.999998 -0.005856 0.004170 0.999974 -0.000898 0.001412 0.999999 
0.000126 0.000168 1.000000 -0.000928 -0.001762 0.999998 -0.002826 0.001402 0.999995 -0.001004 0.001444 0.999998 -0.005894 0.004197 0.999974 -0.000847 0.001332 0.999999 
0.000229 0.000306 1.000000 -0.000843 -0.001602 0.999998 -0.002566 0.001273 0.999996 -0.001001 0.001440 0.999998 -0.005857 0.004171 0.999974 -0.000806 0.001268 0.999999 
0.000185 0.000247 1.000000 -0.000658 -0.001250 0.999999 -0.003615 0.001794 0.999992 -0.000992 0.001427 0.999998 -0.005894 0.004195 0.999974 -0.000953 0.001499 0.999998 
0.000259 0.000347 1.000000 -0.000596 -0.001132 0.999999 -0.003279 0.001627 0.999993 -0.000986 0.001418 0.999999 -0.005829 0.004149 0.999974 -0.000894 0.001406 0.999999 
0.000338 0.000452 1.000000 -0.000541 -0.001027 0.999999 -0.002975 0.001476 0.999994 -0.000974 0.001400 0.999999 -0.005735 0.004082 0.999975 -0.000843 0.001327 0.999999 
0.000373 0.000498 1.000000 -0.000111 -0.000211 1.000000 -0.003447 0.001711 0.999993 -0.000981 0.001411 0.999999 -0.005695 0.004053 0.999976 -0.000855 0.001344 0.999999 
0.000343 0.000458 1.000000 -0.000100 -0.000190 1.000000 -0.003125 0.001551 0.999994 -0.000977 0.001406 0.999999 -0.005656 0.004025 0.999976 -0.000777 0.001222 0.999999 
0.000334 0.000446 1.000000 -0.000094 -0.000178 1.000000 -0.002837 0.001408 0.999995 -0.000965 0.001388 0.999999 -0.005580 0.003971 0.999977 -0.000712 0.001120 0.999999 
0.000346 0.000463 1.000000 -0.000090 -0.000170 1.000000 -0.002577 0.001279 0.999996 -0.000953 0.001370 0.999999 -0.005507 0.003919 0.999977 -0.000661 0.001039 0.999999 
0.000270 0.000361 1.000000 0.000296 0.000561 1.000000 -0.003985 0.001982 0.999990 -0.001034 0.001486 0.999998 -0.006220 0.004426 0.999971 -0.000797 0.001253 0.999999 
0.000235 0.000314 1.000000 0.000229 0.000433 1.000000 -0.003769 0.001875 0.999991 -0.001105 0.001587 0.999998 -0.006272 0.004463 0.999970 -0.000809 0.001271 0.999999 
0.000216 0.000288 1.000000 0.000201 0.000382 1.000000 -0.003424 0.001703 0.999993 -0.001111 0.001596 0.999998 -0.006302 0.004485 0.999970 -0.000737 0.001159 0.999999 
0.000195 0.000260 1.000000 0.000176 0.000333 1.000000 -0.003109 0.001547 0.999994 -0.001106 0.001589 0.999998 -0.006274 0.004464 0.999970 -0.000670 0.001054 0.999999 
0.000178 0.000238 1.000000 -0.000287 -0.000543 1.000000 -0.004186 0.002082 0.999989 -0.001010 0.001451 0.999998 -0.006342 0.004513 0.999970 -0.000923 0.001451 0.999999 
0.000210 0.000280 1.000000 -0.000248 -0.000471 1.000000 -0.003770 0.001875 0.999991 -0.001036 0.001489 0.999998 -0.006379 0.004540 0.999969 -0.000851 0.001339 0.999999 
0.000386 0.000515 1.000000 0.000776 0.001469 0.999999 -0.005055 0.002515 0.999984 -0.001231 0.001769 0.999998 -0.006915 0.004923 0.999964 -0.000998 0.001568 0.999998 
0.000547 0.000730 1.000000 0.000894 0.001692 0.999998 -0.003788 0.001886 0.999991 -0.001414 0.002030 0.999997 -0.007380 0.005257 0.999959 -0.000833 0.001309 0.999999 
0.000501 0.000669 1.000000 0.000803 0.001520 0.999999 -0.003440 0.001712 0.999993 -0.001403 0.002015 0.999997 -0.007378 0.005256 0.999959 -0.000760 0.001194 0.999999 
0.000631 0.000842 0.999999 0.000317 0.000600 1.000000 -0.003618 0.001801 0.999992 -0.001418 0.002037 0.999997 -0.007692 0.005481 0.999955 -0.000931 0.001463 0.999998 
0.000609 0.000813 0.999999 0.000630 0.001192 0.999999 -0.004873 0.002428 0.999985 -0.001407 0.002022 0.999997 -0.008284 0.005904 0.999948 -0.001012 0.001591 0.999998 
0.000548 0.000731 1.000000 0.000610 0.001154 0.999999 -0.005341 0.002660 0.999982 -0.001429 0.002053 0.999997 -0.008366 0.005962 0.999947 -0.001103 0.001734 0.999998 
0.000498 0.000664 1.000000 0.000540 0.001021 0.999999 -0.004840 0.002411 0.999985 -0.001449 0.002082 0.999997 -0.008449 0.006021 0.999946 -0.001003 0.001577 0.999998 
0.000453 0.000604 1.000000 0.000475 0.000899 0.999999 -0.004387 0.002185 0.999988 -0.001456 0.002092 0.999997 -0.008465 0.006033 0.999946 -0.000913 0.001436 0.999999 
0.000416 0.000555 1.000000 0.000422 0.000799 1.000000 -0.003985 0.001985 0.999990 -0.001448 0.002080 0.999997 -0.008407 0.005991 0.999947 -0.000832 0.001308 0.999999 
0.000383 0.000511 1.000000 0.000377 0.000713 1.000000 -0.003621 0.001804 0.999992 -0.001439 0.002067 0.999997 -0.008343 0.005946 0.999948 -0.000758 0.001191 0.999999 
0.000338 0.000451 1.000000 0.000776 0.001468 0.999999 -0.003136 0.001563 0.999994 -0.001605 0.002305 0.999996 -0.008262 0.005889 0.999949 -0.000688 0.001081 0.999999 
0.000313 0.000418 1.000000 0.000694 0.001313 0.999999 -0.002851 0.001421 0.999995 -0.001578 0.002266 0.999996 -0.008198 0.005844 0.999949 -0.000628 0.000986 0.999999 
0.000291 0.000388 1.000000 0.000621 0.001174 0.999999 -0.002593 0.001292 0.999996 -0.001554 0.002231 0.999996 -0.008141 0.005803 0.999950 -0.000573 0.000901 0.999999 
0.000439 0.000585 1.000000 0.000061 0.000115 1.000000 -0.003213 0.001601 0.999994 -0.001446 0.002077 0.999997 -0.008315 0.005929 0.999948 -0.000781 0.001227 0.999999 
0.000382 0.000509 1.000000 0.000310 0.000587 1.000000 -0.004181 0.002084 0.999989 -0.001459 0.002095 0.999997 -0.008348 0.005953 0.999947 -0.000909 0.001429 0.999999 
0.000354 0.000472 1.000000 0.000274 0.000518 1.000000 -0.003800 0.001894 0.999991 -0.001460 0.002098 0.999997 -0.008354 0.005957 0.999947 -0.000829 0.001304 0.999999 
0.000584 0.000778 1.000000 -0.000088 -0.000166 1.000000 -0.004856 0.002420 0.999985 -0.001339 0.001923 0.999997 -0.008843 0.006310 0.999941 -0.001045 0.001643 0.999998 
0.000548 0.000730 1.000000 -0.000089 -0.000168 1.000000 -0.004402 0.002193 0.999988 -0.001364 0.001959 0.999997 -0.008868 0.006328 0.999941 -0.000955 0.001502 0.999998 
0.000514 0.000685 1.000000 -0.000091 -0.000172 1.000000 -0.003994 0.001990 0.999990 -0.001381 0.001984 0.999997 -0.008861 0.006323 0.999941 -0.000874 0.001374 0.999999 
0.000477 0.000635 1.000000 -0.000090 -0.000171 1.000000 -0.003625 0.001806 0.999992 -0.001388 0.001994 0.999997 -0.008814 0.006290 0.999941 -0.000796 0.001252 0.999999 
0.000449 0.000598 1.000000 0.000020 0.000039 1.000000 -0.004356 0.002170 0.999988 -0.001440 0.002069 0.999997 -0.009239 0.006594 0.999936 -0.000894 0.001406 0.999999 
0.000533 0.000709 1.000000 -0.000388 -0.000734 1.000000 -0.005510 0.002745 0.999981 -0.001365 0.001962 0.999997 -0.009349 0.006674 0.999934 -0.001192 0.001875 0.999998 
0.000502 0.000669 1.000000 -0.000843 -0.001594 0.999998 -0.004060 0.002023 0.999990 -0.001463 0.002104 0.999997 -0.009354 0.006678 0.999934 -0.001075 0.001690 0.999998 
0.000563 0.000750 1.000000 -0.000774 -0.001464 0.999999 -0.003687 0.001837 0.999992 -0.001484 0.002133 0.999997 -0.009371 0.006691 0.999934 -0.001012 0.001591 0.999998 
0.000521 0.000694 1.000000 -0.001529 -0.002893 0.999995 -0.005554 0.002766 0.999981 -0.001422 0.002045 0.999997 -0.009622 0.006868 0.999930 -0.001502 0.002362 0.999996 
0.000566 0.000753 1.000000 -0.001402 -0.002652 0.999996 -0.005021 0.002501 0.999984 -0.001430 0.002057 0.999997 -0.009514 0.006791 0.999932 -0.001393 0.002191 0.999997 
0.000721 0.000961 0.999999 -0.001273 -0.002409 0.999996 -0.004552 0.002267 0.999987 -0.001466 0.002107 0.999997 -0.009564 0.006826 0.999931 -0.001331 0.002094 0.999997 
0.000782 0.001042 0.999999 -0.001276 -0.002413 0.999996 -0.004818 0.002400 0.999986 -0.001431 0.002057 0.999997 -0.009593 0.006845 0.999931 -0.001374 0.002161 0.999997 
0.000911 0.001214 0.999999 -0.001162 -0.002197 0.999997 -0.004369 0.002177 0.999988 -0.001449 0.002084 0.999997 -0.009546 0.006813 0.999931 -0.001312 0.002064 0.999997 
0.001050 0.001398 0.999998 -0.001055 -0.001996 0.999997 -0.003962 0.001974 0.999990 -0.001452 0.002088 0.999997 -0.009428 0.006729 0.999933 -0.001262 0.001986 0.999997 
0.000906 0.001207 0.999999 -0.000149 -0.000281 1.000000 -0.005632 0.002806 0.999980 -0.001605 0.002306 0.999996 -0.009570 0.006825 0.999931 -0.001443 0.002269 0.999996 
0.000978 0.001304 0.999999 -0.000132 -0.000250 1.000000 -0.005103 0.002543 0.999984 -0.001608 0.002311 0.999996 -0.009524 0.006792 0.999932 -0.001359 0.002137 0.999997 
0.001021 0.001362 0.999999 -0.000120 -0.000226 1.000000 -0.004625 0.002305 0.999987 -0.001597 0.002294 0.999996 -0.009410 0.006710 0.999933 -0.001275 0.002006 0.999997 
0.001050 0.001400 0.999998 -0.000114 -0.000216 1.000000 -0.004192 0.002089 0.999989 -0.001585 0.002278 0.999996 -0.009305 0.006635 0.999935 -0.001197 0.001883 0.999998 
0.000986 0.001314 0.999999 -0.000047 -0.000088 1.000000 -0.004070 0.002028 0.999990 -0.001590 0.002285 0.999996 -0.009359 0.006673 0.999934 -0.001129 0.001776 0.999998 
0.000905 0.001206 0.999999 -0.000050 -0.000095 1.000000 -0.003692 0.001840 0.999991 -0.001599 0.002297 0.999996 -0.009394 0.006697 0.999933 -0.001027 0.001614 0.999998 
0.000895 0.001193 0.999999 -0.000029 -0.000054 1.000000 -0.003364 0.001677 0.999993 -0.001596 0.002293 0.999996 -0.009322 0.006645 0.999934 -0.000957 0.001504 0.999998 
0.000892 0.001190 0.999999 -0.000029 -0.000055 1.000000 -0.003054 0.001522 0.999994 -0.001590 0.002284 0.999996 -0.009259 0.006601 0.999935 -0.000894 0.001406 0.999999 
0.000852 0.001137 0.999999 0.000293 0.000554 1.000000 -0.001770 0.000883 0.999998 -0.001793 0.002575 0.999995 -0.009215 0.006570 0.999936 -0.000702 0.001104 0.999999 
0.000779 0.001039 0.999999 0.000263 0.000496 1.000000 -0.001612 0.000804 0.999998 -0.001765 0.002534 0.999995 -0.009146 0.006519 0.999937 -0.000640 0.001005 0.999999 
0.000706 0.000942 0.999999 0.000233 0.000441 1.000000 -0.001470 0.000733 0.999999 -0.001740 0.002498 0.999995 -0.009089 0.006478 0.999938 -0.000582 0.000914 0.999999 
0.000491 0.000655 1.000000 0.000816 0.001541 0.999998 -0.004466 0.002229 0.999988 -0.001657 0.002379 0.999996 -0.009270 0.006605 0.999935 -0.000902 0.001418 0.999999 
0.000318 0.000425 1.000000 0.001408 0.002658 0.999995 -0.002907 0.001451 0.999995 -0.001953 0.002802 0.999994 -0.009285 0.006619 0.999935 -0.000609 0.000956 0.999999 
0.000318 0.000424 1.000000 0.001559 0.002943 0.999994 -0.003394 0.001695 0.999993 -0.001970 0.002826 0.999994 -0.009561 0.006820 0.999931 -0.000645 0.001014 0.999999 
0.000282 0.000376 1.000000 0.001371 0.002586 0.999996 -0.003613 0.001805 0.999992 -0.001897 0.002722 0.999994 -0.009543 0.006806 0.999931 -0.000671 0.001054 0.999999 
0.000259 0.000345 1.000000 0.001226 0.002313 0.999997 -0.003272 0.001634 0.999993 -0.001868 0.002680 0.999995 -0.009491 0.006769 0.999932 -0.000612 0.000962 0.999999 
0.000238 0.000317 1.000000 0.001094 0.002064 0.999997 -0.002962 0.001480 0.999995 -0.001840 0.002640 0.999995 -0.009431 0.006726 0.999933 -0.000559 0.000879 0.999999 
0.000221 0.000295 1.000000 0.000977 0.001843 0.999998 -0.002687 0.001342 0.999995 -0.001812 0.002600 0.999995 -0.009374 0.006686 0.999934 -0.000511 0.000803 1.000000 
0.000202 0.000269 1.000000 0.000808 0.001525 0.999999 -0.002820 0.001409 0.999995 -0.001828 0.002623 0.999995 -0.009296 0.006630 0.999935 -0.000602 0.000946 0.999999 
0.000188 0.000251 1.000000 0.000728 0.001373 0.999999 -0.002562 0.001280 0.999996 -0.001802 0.002586 0.999995 -0.009249 0.006597 0.999935 -0.000549 0.000863 0.999999 
0.000176 0.000234 1.000000 0.000654 0.001233 0.999999 -0.002329 0.001164 0.999997 -0.001775 0.002547 0.999995 -0.009190 0.006555 0.999936 -0.000501 0.000787 1.000000 
0.000162 0.000216 1.000000 0.000588 0.001110 0.999999 -0.002118 0.001058 0.999997 -0.001751 0.002512 0.999995 -0.009138 0.006517 0.999937 -0.000456 0.000717 1.000000 
0.000368 0.000491 1.000000 0.001114 0.002101 0.999997 -0.003788 0.001893 0.999991 -0.001774 0.002544 0.999995 -0.009768 0.006970 0.999928 -0.000665 0.001045 0.999999 
0.000337 0.000449 1.000000 0.000994 0.001875 0.999998 -0.003425 0.001712 0.999993 -0.001778 0.002551 0.999995 -0.009807 0.006998 0.999927 -0.000607 0.000953 0.999999 
0.000307 0.000409 1.000000 0.000884 0.001668 0.999998 -0.003100 0.001549 0.999994 -0.001770 0.002540 0.999995 -0.009782 0.006980 0.999928 -0.000554 0.000870 0.999999 
0.000350 0.000466 1.000000 0.000986 0.001860 0.999998 -0.004407 0.002203 0.999988 -0.001737 0.002493 0.999995 -0.010060 0.007180 0.999924 -0.000750 0.001178 0.999999 
0.000321 0.000428 1.000000 0.000879 0.001658 0.999998 -0.003988 0.001993 0.999990 -0.001750 0.002511 0.999995 -0.010104 0.007211 0.999923 -0.000683 0.001074 0.999999 
