-0.001563 -0.000028 0.999999 -0.000030 0.001339 0.999999 0.000000 0.001304 0.999999 -0.001555 -0.000037 0.999999 
-0.000954 -0.000017 1.000000 -0.000034 0.001510 0.999999 0.000000 0.001489 0.999999 -0.000945 -0.000023 1.000000 
-0.000504 -0.000009 1.000000 -0.000075 0.003399 0.999994 0.000001 0.003388 0.999994 -0.000483 -0.000011 1.000000 
-0.000453 -0.000008 1.000000 -0.000068 0.003071 0.999995 0.000001 0.003061 0.999995 -0.000434 -0.000010 1.000000 
-0.000401 -0.000007 1.000000 -0.000061 0.002781 0.999996 0.000001 0.002773 0.999996 -0.000384 -0.000009 1.000000 
0.000488 0.000009 1.000000 -0.000033 0.001486 0.999999 0.000000 0.001497 0.999999 0.000497 0.000012 1.000000 
-0.003897 -0.000072 0.999992 0.000054 -0.002376 0.999997 0.000001 -0.002463 0.999997 -0.003911 -0.000096 0.999992 
-0.003429 -0.000063 0.999994 0.000053 -0.002316 0.999997 0.000001 -0.002393 0.999997 -0.003443 -0.000085 0.999994 
-0.001651 -0.000030 0.999999 0.000093 -0.004077 0.999992 0.000002 -0.004114 0.999992 -0.001675 -0.000041 0.999999 
-0.000568 -0.000010 1.000000 0.000115 -0.005032 0.999987 0.000003 -0.005045 0.999987 -0.000598 -0.000015 1.000000 
-0.002878 -0.000052 0.999996 0.000301 -0.013486 0.999909 0.000000 -0.013552 0.999908 -0.002960 -0.000071 0.999996 
-0.002587 -0.000046 0.999997 0.000291 -0.013038 0.999915 0.000001 -0.013097 0.999914 -0.002666 -0.000064 0.999996 
-0.002320 -0.000042 0.999997 0.000267 -0.011948 0.999929 0.000000 -0.012001 0.999928 -0.002393 -0.000058 0.999997 
-0.002069 -0.000037 0.999998 0.000246 -0.011027 0.999939 0.000000 -0.011074 0.999939 -0.002136 -0.000051 0.999998 
-0.001840 -0.000033 0.999998 0.000260 -0.011656 0.999932 0.000000 -0.011699 0.999932 -0.001911 -0.000046 0.999998 
-0.001637 -0.000029 0.999999 0.000401 -0.017927 0.999839 0.000001 -0.017965 0.999839 -0.001747 -0.000042 0.999998 
-0.007065 0.000238 0.999975 -0.000149 -0.005080 0.999987 -0.000270 -0.005232 0.999986 -0.007098 0.000196 0.999975 
-0.002318 0.000204 0.999997 -0.000271 -0.003253 0.999995 -0.000349 -0.003297 0.999995 -0.002339 0.000191 0.999997 
-0.000454 0.000050 1.000000 -0.001579 -0.014970 0.999887 -0.001913 -0.014939 0.999887 -0.000546 0.000057 1.000000 
-0.000367 0.000042 1.000000 -0.002202 -0.020166 0.999794 -0.002652 -0.020117 0.999794 -0.000491 0.000053 1.000000 
-0.000236 0.000027 1.000000 -0.000836 -0.007705 0.999970 -0.001008 -0.007688 0.999970 -0.000284 0.000030 1.000000 
-0.001748 0.000230 0.999998 0.000285 0.002242 0.999997 0.000330 0.002196 0.999998 -0.001736 0.000218 0.999998 
0.000307 -0.000057 1.000000 -0.000391 -0.002141 0.999998 -0.000437 -0.002125 0.999998 0.000294 -0.000053 1.000000 
0.002457 -0.000496 0.999997 -0.054591 -0.080867 0.995229 -0.026190 0.033099 0.999109 -0.001844 -0.008114 0.999965 -0.007892 0.005065 0.999956 0.001444 -0.001847 0.999997 
0.003075 -0.000587 0.999995 -0.037463 -0.052873 0.997898 -0.016860 0.022028 0.999615 -0.001201 -0.005557 0.999984 -0.007255 0.004888 0.999962 0.001840 -0.002413 0.999995 
-0.000791 0.000139 1.000000 -0.019920 -0.027319 0.999428 -0.008560 0.011899 0.999893 -0.000880 -0.004378 0.999990 -0.007076 0.004906 0.999963 0.000635 -0.000880 0.999999 
-0.000275 0.000046 1.000000 -0.012481 -0.017202 0.999774 -0.005824 0.008157 0.999950 -0.000289 -0.001507 0.999999 -0.006847 0.004723 0.999965 0.000665 -0.000928 0.999999 
-0.000059 0.000010 1.000000 -0.009856 -0.013754 0.999857 -0.005419 0.007592 0.999956 -0.000029 -0.000158 1.000000 -0.008963 0.006104 0.999941 0.000656 -0.000916 0.999999 
-0.000056 0.000009 1.000000 -0.010571 -0.014867 0.999834 -0.006933 0.009708 0.999929 -0.000018 -0.000097 1.000000 -0.014508 0.009806 0.999847 0.000597 -0.000834 0.999999 
-0.000071 0.000011 1.000000 -0.012392 -0.017518 0.999770 -0.008824 0.012353 0.999885 -0.000011 -0.000058 1.000000 -0.019555 0.013153 0.999722 0.000539 -0.000753 1.000000 
-0.000094 0.000015 1.000000 -0.013480 -0.019143 0.999726 -0.010079 0.014106 0.999850 -0.000002 -0.000012 1.000000 -0.023018 0.015415 0.999616 0.000479 -0.000669 1.000000 
-0.003463 0.000554 0.999994 -0.013808 -0.019670 0.999711 -0.010287 0.014413 0.999843 -0.000366 -0.001983 0.999998 -0.024366 0.016268 0.999571 -0.000523 0.000731 1.000000 
-0.000763 0.000121 1.000000 -0.013878 -0.019789 0.999708 -0.010759 0.015099 0.999828 -0.001330 -0.007250 0.999973 -0.025007 0.016680 0.999548 -0.001042 0.001459 0.999998 
-0.003330 0.000526 0.999994 -0.013878 -0.019826 0.999707 -0.010919 0.015331 0.999823 -0.000924 -0.005056 0.999987 -0.025551 0.017010 0.999529 -0.001396 0.001956 0.999997 
-0.007151 0.001129 0.999974 -0.013507 -0.019323 0.999722 -0.010690 0.015020 0.999830 -0.000514 -0.002814 0.999996 -0.025463 0.016929 0.999532 -0.001970 0.002763 0.999994 
-0.006848 0.001081 0.999976 -0.013096 -0.018710 0.999739 -0.010527 0.014798 0.999835 -0.000449 -0.002462 0.999997 -0.025547 0.017005 0.999529 -0.001848 0.002592 0.999995 
-0.006646 0.001046 0.999977 -0.012537 -0.017904 0.999761 -0.010173 0.014309 0.999846 -0.000609 -0.003345 0.999994 -0.025332 0.016869 0.999537 -0.001889 0.002652 0.999995 
-0.006017 0.000947 0.999981 -0.012031 -0.017169 0.999780 -0.009905 0.013934 0.999854 -0.000540 -0.002968 0.999995 -0.024907 0.016597 0.999552 -0.001709 0.002398 0.999996 
-0.008320 0.001308 0.999965 -0.011361 -0.016211 0.999804 -0.009518 0.013396 0.999865 -0.000278 -0.001526 0.999999 -0.024494 0.016321 0.999567 -0.002063 0.002897 0.999994 
-0.007231 0.001137 0.999973 -0.010438 -0.014902 0.999834 -0.009126 0.012845 0.999876 -0.000157 -0.000865 1.000000 -0.023860 0.015889 0.999589 -0.001813 0.002547 0.999995 
-0.006543 0.001029 0.999978 -0.009579 -0.013683 0.999861 -0.008616 0.012128 0.999889 -0.000132 -0.000727 1.000000 -0.023041 0.015333 0.999617 -0.001645 0.002311 0.999996 
-0.005934 0.000933 0.999982 -0.008797 -0.012573 0.999882 -0.008098 0.011397 0.999902 -0.000111 -0.000608 1.000000 -0.022066 0.014674 0.999649 -0.001487 0.002089 0.999997 
-0.006460 0.001012 0.999979 -0.007878 -0.011272 0.999905 -0.007690 0.010832 0.999912 -0.000058 -0.000320 1.000000 -0.021269 0.014126 0.999674 -0.001737 0.002443 0.999996 
-0.005849 0.000916 0.999982 -0.007049 -0.010096 0.999924 -0.007152 0.010076 0.999924 -0.000044 -0.000245 1.000000 -0.020395 0.013530 0.999700 -0.001569 0.002207 0.999996 
-0.009075 0.001413 0.999958 -0.006469 -0.009284 0.999936 -0.006476 0.009134 0.999937 -0.000233 -0.001292 0.999999 -0.020296 0.013437 0.999704 -0.002185 0.003077 0.999993 
-0.006629 0.001030 0.999977 -0.005570 -0.007999 0.999952 -0.006129 0.008651 0.999944 -0.000431 -0.002395 0.999997 -0.019620 0.012979 0.999723 -0.001925 0.002713 0.999994 
-0.005996 0.000930 0.999982 -0.004676 -0.006722 0.999966 -0.005599 0.007908 0.999953 -0.000424 -0.002356 0.999997 -0.018964 0.012531 0.999742 -0.001754 0.002474 0.999995 
-0.005429 0.000842 0.999985 -0.004012 -0.005770 0.999975 -0.005179 0.007316 0.999960 -0.000370 -0.002058 0.999998 -0.018217 0.012030 0.999762 -0.001582 0.002231 0.999996 
-0.004911 0.000760 0.999988 -0.003458 -0.004973 0.999982 -0.004805 0.006790 0.999965 -0.000387 -0.002156 0.999998 -0.017637 0.011647 0.999777 -0.001452 0.002049 0.999997 
-0.004444 0.000687 0.999990 -0.002931 -0.004217 0.999987 -0.004478 0.006331 0.999970 -0.000359 -0.002005 0.999998 -0.017119 0.011302 0.999790 -0.001317 0.001859 0.999997 
-0.004028 0.000622 0.999992 -0.002500 -0.003596 0.999990 -0.004197 0.005933 0.999974 -0.000310 -0.001732 0.999998 -0.016556 0.010927 0.999803 -0.001185 0.001674 0.999998 
-0.003889 0.000599 0.999992 -0.002026 -0.002916 0.999994 -0.003997 0.005655 0.999976 -0.000386 -0.002158 0.999998 -0.016164 0.010665 0.999812 -0.001311 0.001852 0.999997 
-0.003522 0.000542 0.999994 -0.001641 -0.002363 0.999996 -0.003746 0.005299 0.999979 -0.000337 -0.001883 0.999998 -0.015697 0.010351 0.999823 -0.001182 0.001669 0.999998 
-0.003185 0.000491 0.999995 -0.001358 -0.001956 0.999997 -0.003552 0.005024 0.999981 -0.000296 -0.001654 0.999999 -0.015302 0.010086 0.999832 -0.001065 0.001505 0.999998 
-0.006900 0.001057 0.999976 -0.001013 -0.001459 0.999998 -0.003577 0.005063 0.999981 0.000253 0.001422 0.999999 -0.015290 0.010076 0.999832 -0.001700 0.002402 0.999996 
-0.008038 0.001230 0.999967 -0.000623 -0.000898 0.999999 -0.003243 0.004595 0.999984 0.000211 0.001185 0.999999 -0.015290 0.010070 0.999832 -0.001874 0.002651 0.999995 
-0.007274 0.001113 0.999973 -0.000439 -0.000633 1.000000 -0.003122 0.004423 0.999985 0.000198 0.001114 0.999999 -0.015061 0.009917 0.999837 -0.001694 0.002396 0.999996 
-0.006586 0.001008 0.999978 -0.000266 -0.000383 1.000000 -0.003014 0.004270 0.999986 0.000188 0.001055 0.999999 -0.014853 0.009778 0.999842 -0.001536 0.002173 0.999996 
-0.006839 0.001040 0.999976 -0.000233 -0.000337 1.000000 -0.002968 0.004208 0.999987 -0.000024 -0.000137 1.000000 -0.014696 0.009672 0.999845 -0.001799 0.002547 0.999995 
-0.004531 0.000689 0.999989 -0.000221 -0.000319 1.000000 -0.003278 0.004646 0.999984 0.000151 0.000856 1.000000 -0.014504 0.009546 0.999849 -0.001394 0.001972 0.999997 
-0.004107 0.000624 0.999991 -0.000163 -0.000235 1.000000 -0.003215 0.004557 0.999984 0.000148 0.000839 1.000000 -0.014422 0.009490 0.999851 -0.001266 0.001792 0.999998 
-0.003724 0.000566 0.999993 -0.000153 -0.000221 1.000000 -0.003144 0.004457 0.999985 0.000143 0.000811 1.000000 -0.014233 0.009366 0.999855 -0.001142 0.001616 0.999998 
-0.004089 0.000619 0.999991 -0.000128 -0.000184 1.000000 -0.003252 0.004610 0.999984 0.000380 0.002158 0.999998 -0.014129 0.009295 0.999857 -0.001154 0.001633 0.999998 
-0.003704 0.000561 0.999993 -0.000123 -0.000177 1.000000 -0.003184 0.004515 0.999985 0.000353 0.002004 0.999998 -0.013994 0.009206 0.999860 -0.001041 0.001473 0.999998 
-0.003359 0.000509 0.999994 -0.000123 -0.000177 1.000000 -0.003121 0.004424 0.999985 0.000329 0.001869 0.999998 -0.013855 0.009114 0.999862 -0.000937 0.001327 0.999999 
-0.003043 0.000461 0.999995 -0.000121 -0.000175 1.000000 -0.003063 0.004344 0.999986 0.000308 0.001747 0.999998 -0.013729 0.009031 0.999865 -0.000843 0.001194 0.999999 
-0.002760 0.000418 0.999996 -0.000121 -0.000175 1.000000 -0.003012 0.004270 0.999986 0.000289 0.001643 0.999999 -0.013615 0.008956 0.999867 -0.000758 0.001073 0.999999 
-0.002503 0.000379 0.999997 -0.000119 -0.000172 1.000000 -0.002964 0.004203 0.999987 0.000272 0.001544 0.999999 -0.013512 0.008887 0.999869 -0.000681 0.000964 0.999999 
-0.002299 0.000348 0.999997 -0.000421 -0.000608 1.000000 -0.003033 0.004299 0.999986 0.000266 0.001510 0.999999 -0.013980 0.009191 0.999860 -0.000477 0.000675 1.000000 
-0.002088 0.000316 0.999998 -0.000395 -0.000571 1.000000 -0.002994 0.004245 0.999987 0.000251 0.001429 0.999999 -0.013892 0.009132 0.999862 -0.000426 0.000603 1.000000 
-0.001901 0.000288 0.999998 -0.000369 -0.000532 1.000000 -0.002957 0.004193 0.999987 0.000240 0.001365 0.999999 -0.013808 0.009077 0.999863 -0.000380 0.000537 1.000000 
-0.002309 0.000348 0.999997 -0.000608 -0.000878 0.999999 -0.003327 0.004717 0.999983 0.000274 0.001564 0.999999 -0.014320 0.009405 0.999853 -0.000617 0.000874 0.999999 
-0.001983 0.000299 0.999998 -0.000563 -0.000814 1.000000 -0.003289 0.004664 0.999984 0.000259 0.001479 0.999999 -0.014245 0.009355 0.999855 -0.000544 0.000770 1.000000 
-0.003435 0.000517 0.999994 -0.000759 -0.001098 0.999999 -0.003345 0.004743 0.999983 0.000428 0.002446 0.999997 -0.014660 0.009623 0.999846 -0.000646 0.000914 0.999999 
-0.003111 0.000467 0.999995 -0.000701 -0.001014 0.999999 -0.003292 0.004669 0.999984 0.000379 0.002167 0.999998 -0.014629 0.009601 0.999847 -0.000588 0.000833 0.999999 
-0.001623 0.000244 0.999999 -0.000634 -0.000917 0.999999 -0.003487 0.004945 0.999982 0.000480 0.002743 0.999996 -0.014554 0.009551 0.999848 -0.000350 0.000495 1.000000 
-0.001477 0.000222 0.999999 -0.000587 -0.000849 0.999999 -0.003412 0.004839 0.999982 0.000445 0.002542 0.999997 -0.014444 0.009479 0.999851 -0.000313 0.000442 1.000000 
-0.001343 0.000202 0.999999 -0.000544 -0.000787 1.000000 -0.003344 0.004742 0.999983 0.000412 0.002356 0.999997 -0.014345 0.009414 0.999853 -0.000279 0.000395 1.000000 
-0.001220 0.000183 0.999999 -0.000508 -0.000736 1.000000 -0.003283 0.004656 0.999984 0.000383 0.002190 0.999998 -0.014256 0.009355 0.999855 -0.000247 0.000350 1.000000 
-0.001106 0.000166 0.999999 -0.000476 -0.000689 1.000000 -0.003227 0.004577 0.999984 0.000356 0.002036 0.999998 -0.014173 0.009301 0.999856 -0.000217 0.000307 1.000000 
0.000315 -0.000047 1.000000 -0.000667 -0.000965 0.999999 -0.003425 0.004856 0.999982 0.000250 0.001428 0.999999 -0.014461 0.009484 0.999850 -0.000009 0.000013 1.000000 
0.000270 -0.000041 1.000000 -0.000625 -0.000906 0.999999 -0.003369 0.004777 0.999983 0.000237 0.001357 0.999999 -0.014411 0.009448 0.999852 -0.000005 0.000007 1.000000 
-0.001551 0.000232 0.999999 -0.000730 -0.001058 0.999999 -0.003373 0.004785 0.999983 0.000321 0.001839 0.999998 -0.014827 0.009715 0.999843 -0.000272 0.000385 1.000000 
-0.001407 0.000211 0.999999 -0.000706 -0.001022 0.999999 -0.003348 0.004748 0.999983 0.000299 0.001715 0.999998 -0.014820 0.009711 0.999843 -0.000242 0.000342 1.000000 
-0.001278 0.000191 0.999999 -0.000673 -0.000975 0.999999 -0.003308 0.004692 0.999984 0.000281 0.001612 0.999999 -0.014754 0.009667 0.999844 -0.000214 0.000302 1.000000 
-0.002735 0.000409 0.999996 -0.000758 -0.001099 0.999999 -0.003460 0.004907 0.999982 0.000613 0.003516 0.999994 -0.015120 0.009903 0.999837 -0.000317 0.000449 1.000000 
-0.003972 0.000593 0.999992 -0.000682 -0.000988 0.999999 -0.003179 0.004510 0.999985 0.000345 0.001981 0.999998 -0.015113 0.009896 0.999837 -0.000644 0.000912 0.999999 
-0.002145 0.000320 0.999998 -0.000799 -0.001159 0.999999 -0.003403 0.004828 0.999983 0.000233 0.001339 0.999999 -0.015328 0.010033 0.999832 -0.000410 0.000581 1.000000 
-0.001949 0.000291 0.999998 -0.000753 -0.001092 0.999999 -0.003369 0.004779 0.999983 0.000224 0.001289 0.999999 -0.015277 0.009999 0.999833 -0.000365 0.000516 1.000000 
-0.003405 0.000507 0.999994 -0.000702 -0.001019 0.999999 -0.003154 0.004476 0.999985 0.000109 0.000630 1.000000 -0.015216 0.009958 0.999835 -0.000668 0.000946 0.999999 
-0.006020 0.000894 0.999981 -0.000908 -0.001318 0.999999 -0.003306 0.004692 0.999984 0.000590 0.003406 0.999994 -0.015807 0.010338 0.999822 -0.000829 0.001174 0.999999 
-0.005452 0.000810 0.999985 -0.000843 -0.001225 0.999999 -0.003317 0.004708 0.999983 0.000543 0.003134 0.999995 -0.015912 0.010404 0.999819 -0.000747 0.001058 0.999999 
-0.004935 0.000733 0.999988 -0.000803 -0.001167 0.999999 -0.003330 0.004725 0.999983 0.000502 0.002897 0.999996 -0.015971 0.010440 0.999818 -0.000672 0.000952 0.999999 
-0.003313 0.000492 0.999994 -0.000752 -0.001092 0.999999 -0.003579 0.005079 0.999981 0.000573 0.003307 0.999994 -0.015954 0.010428 0.999818 -0.000463 0.000656 1.000000 
-0.001032 0.000153 0.999999 -0.000691 -0.001004 0.999999 -0.004053 0.005747 0.999975 0.000979 0.005650 0.999984 -0.015866 0.010371 0.999820 -0.000007 0.000009 1.000000 
-0.000936 0.000139 1.000000 -0.000646 -0.000938 0.999999 -0.003955 0.005609 0.999976 0.000894 0.005157 0.999986 -0.015780 0.010314 0.999822 -0.000003 0.000004 1.000000 
-0.001633 0.000242 0.999999 -0.000602 -0.000874 0.999999 -0.003747 0.005315 0.999979 0.000697 0.004025 0.999992 -0.015721 0.010274 0.999824 -0.000192 0.000272 1.000000 
-0.001484 0.000220 0.999999 -0.000560 -0.000814 1.000000 -0.003673 0.005212 0.999980 0.000639 0.003692 0.999993 -0.015638 0.010220 0.999825 -0.000171 0.000242 1.000000 
-0.001350 0.000200 0.999999 -0.000520 -0.000755 1.000000 -0.003603 0.005112 0.999980 0.000588 0.003398 0.999994 -0.015548 0.010161 0.999827 -0.000150 0.000212 1.000000 
-0.002642 0.000392 0.999996 -0.000439 -0.000637 1.000000 -0.003676 0.005216 0.999980 0.000862 0.004984 0.999987 -0.015565 0.010171 0.999827 -0.000328 0.000464 1.000000 
-0.002400 0.000356 0.999997 -0.000408 -0.000593 1.000000 -0.003606 0.005117 0.999980 0.000790 0.004564 0.999989 -0.015483 0.010117 0.999829 -0.000293 0.000416 1.000000 
-0.002627 0.000389 0.999996 -0.000382 -0.000555 1.000000 -0.003471 0.004926 0.999982 0.000659 0.003812 0.999993 -0.015392 0.010057 0.999831 -0.000371 0.000526 1.000000 
-0.003481 0.000515 0.999994 -0.000338 -0.000491 1.000000 -0.003379 0.004797 0.999983 0.000687 0.003977 0.999992 -0.015343 0.010024 0.999832 -0.000501 0.000710 1.000000 
-0.002763 0.000409 0.999996 -0.000320 -0.000466 1.000000 -0.003444 0.004888 0.999982 0.000648 0.003750 0.999993 -0.015256 0.009966 0.999834 -0.000443 0.000628 1.000000 
-0.002411 0.000357 0.999997 -0.000301 -0.000438 1.000000 -0.003401 0.004828 0.999983 0.000598 0.003460 0.999994 -0.015159 0.009902 0.999836 -0.000385 0.000546 1.000000 
-0.002190 0.000324 0.999998 -0.000279 -0.000405 1.000000 -0.003350 0.004755 0.999983 0.000551 0.003193 0.999995 -0.015088 0.009856 0.999838 -0.000345 0.000488 1.000000 
-0.001988 0.000294 0.999998 -0.000262 -0.000381 1.000000 -0.003302 0.004687 0.999984 0.000510 0.002953 0.999996 -0.015009 0.009804 0.999839 -0.000307 0.000436 1.000000 
-0.003752 0.000555 0.999993 -0.000227 -0.000330 1.000000 -0.003301 0.004686 0.999984 0.000822 0.004760 0.999988 -0.014963 0.009774 0.999840 -0.000486 0.000689 1.000000 
-0.003396 0.000502 0.999994 -0.000216 -0.000314 1.000000 -0.003269 0.004641 0.999984 0.000751 0.004351 0.999990 -0.014953 0.009766 0.999840 -0.000438 0.000620 1.000000 
-0.004145 0.000612 0.999991 -0.000188 -0.000273 1.000000 -0.003207 0.004555 0.999984 0.000617 0.003582 0.999993 -0.014960 0.009769 0.999840 -0.000708 0.001004 0.999999 
-0.003397 0.000501 0.999994 -0.000166 -0.000241 1.000000 -0.003259 0.004629 0.999984 0.000607 0.003526 0.999994 -0.014969 0.009774 0.999840 -0.000585 0.000829 0.999999 
-0.002359 0.000348 0.999997 -0.000164 -0.000239 1.000000 -0.003401 0.004830 0.999983 0.000611 0.003549 0.999994 -0.014942 0.009756 0.999841 -0.000462 0.000656 1.000000 
-0.002143 0.000316 0.999998 -0.000163 -0.000237 1.000000 -0.003348 0.004755 0.999983 0.000564 0.003274 0.999994 -0.014871 0.009709 0.999842 -0.000413 0.000586 1.000000 
-0.001948 0.000287 0.999998 -0.000157 -0.000229 1.000000 -0.003295 0.004679 0.999984 0.000521 0.003024 0.999995 -0.014788 0.009654 0.999844 -0.000370 0.000524 1.000000 
-0.002123 0.000313 0.999998 -0.000152 -0.000221 1.000000 -0.003260 0.004629 0.999984 0.000544 0.003158 0.999995 -0.014735 0.009619 0.999845 -0.000370 0.000524 1.000000 
-0.001931 0.000285 0.999998 -0.000148 -0.000215 1.000000 -0.003214 0.004565 0.999984 0.000502 0.002919 0.999996 -0.014661 0.009571 0.999847 -0.000330 0.000468 1.000000 
-0.001757 0.000259 0.999998 -0.000128 -0.000186 1.000000 -0.003171 0.004504 0.999985 0.000466 0.002706 0.999996 -0.014607 0.009535 0.999848 -0.000297 0.000422 1.000000 
-0.001600 0.000236 0.999999 -0.000125 -0.000182 1.000000 -0.003134 0.004452 0.999985 0.000433 0.002516 0.999997 -0.014547 0.009495 0.999849 -0.000264 0.000375 1.000000 
-0.001460 0.000215 0.999999 -0.000123 -0.000178 1.000000 -0.003101 0.004405 0.999985 0.000404 0.002348 0.999997 -0.014493 0.009460 0.999850 -0.000234 0.000332 1.000000 
-0.001327 0.000196 0.999999 -0.000122 -0.000177 1.000000 -0.003072 0.004363 0.999986 0.000378 0.002198 0.999998 -0.014443 0.009428 0.999851 -0.000205 0.000291 1.000000 
-0.001207 0.000178 0.999999 -0.000120 -0.000174 1.000000 -0.003045 0.004325 0.999986 0.000356 0.002069 0.999998 -0.014397 0.009398 0.999852 -0.000179 0.000254 1.000000 
-0.001096 0.000162 0.999999 -0.000096 -0.000140 1.000000 -0.003022 0.004293 0.999986 0.000335 0.001946 0.999998 -0.014390 0.009392 0.999852 -0.000159 0.000226 1.000000 
-0.001000 0.000147 0.999999 -0.000097 -0.000141 1.000000 -0.003001 0.004263 0.999986 0.000318 0.001847 0.999998 -0.014354 0.009368 0.999853 -0.000137 0.000194 1.000000 
-0.000914 0.000135 1.000000 -0.000095 -0.000139 1.000000 -0.002982 0.004235 0.999987 0.000303 0.001760 0.999998 -0.014321 0.009347 0.999854 -0.000117 0.000166 1.000000 
-0.003219 0.000474 0.999995 -0.000237 -0.000344 1.000000 -0.002923 0.004153 0.999987 0.000421 0.002448 0.999997 -0.014596 0.009523 0.999848 -0.000421 0.000598 1.000000 
-0.001301 0.000192 0.999999 -0.000223 -0.000325 1.000000 -0.003347 0.004754 0.999983 0.000731 0.004251 0.999991 -0.014574 0.009508 0.999849 -0.000065 0.000092 1.000000 
-0.001186 0.000175 0.999999 -0.000213 -0.000310 1.000000 -0.003295 0.004679 0.999984 0.000672 0.003908 0.999992 -0.014519 0.009473 0.999850 -0.000054 0.000077 1.000000 
-0.000638 0.000094 1.000000 -0.000203 -0.000296 1.000000 -0.003358 0.004768 0.999983 0.000631 0.003674 0.999993 -0.014464 0.009436 0.999851 -0.000030 0.000043 1.000000 
0.002056 -0.000302 0.999998 -0.000140 -0.000203 1.000000 -0.003881 0.005512 0.999977 0.000602 0.003507 0.999994 -0.014407 0.009398 0.999852 0.000069 -0.000098 1.000000 
-0.001056 0.000155 0.999999 -0.000118 -0.000171 1.000000 -0.003707 0.005267 0.999979 0.000685 0.003997 0.999992 -0.014558 0.009494 0.999849 -0.000458 0.000650 1.000000 
-0.000961 0.000141 1.000000 -0.000114 -0.000166 1.000000 -0.003654 0.005192 0.999980 0.000630 0.003677 0.999993 -0.014681 0.009575 0.999846 -0.000411 0.000583 1.000000 
-0.000880 0.000129 1.000000 -0.000116 -0.000169 1.000000 -0.003588 0.005098 0.999981 0.000582 0.003400 0.999994 -0.014686 0.009577 0.999846 -0.000368 0.000521 1.000000 
-0.000805 0.000118 1.000000 -0.000110 -0.000160 1.000000 -0.003507 0.004983 0.999981 0.000539 0.003148 0.999995 -0.014571 0.009502 0.999849 -0.000334 0.000473 1.000000 
-0.003630 0.000532 0.999993 -0.000113 -0.000164 1.000000 -0.003349 0.004761 0.999983 0.000715 0.004176 0.999991 -0.014571 0.009501 0.999849 -0.000732 0.001039 0.999999 
-0.003295 0.000483 0.999994 -0.000115 -0.000167 1.000000 -0.003304 0.004696 0.999984 0.000660 0.003854 0.999992 -0.014544 0.009483 0.999849 -0.000658 0.000933 0.999999 
-0.002992 0.000438 0.999995 -0.000118 -0.000172 1.000000 -0.003257 0.004630 0.999984 0.000610 0.003564 0.999993 -0.014488 0.009445 0.999850 -0.000590 0.000837 0.999999 
-0.002716 0.000398 0.999996 -0.000120 -0.000175 1.000000 -0.003207 0.004559 0.999984 0.000565 0.003304 0.999994 -0.014400 0.009387 0.999852 -0.000528 0.000749 1.000000 
-0.002464 0.000361 0.999997 -0.000122 -0.000177 1.000000 -0.003158 0.004489 0.999985 0.000522 0.003051 0.999995 -0.014308 0.009327 0.999854 -0.000472 0.000670 1.000000 
-0.002238 0.000328 0.999997 -0.000121 -0.000176 1.000000 -0.003113 0.004425 0.999985 0.000484 0.002830 0.999996 -0.014224 0.009272 0.999856 -0.000422 0.000598 1.000000 
-0.002036 0.000298 0.999998 -0.000119 -0.000173 1.000000 -0.003072 0.004367 0.999986 0.000451 0.002636 0.999996 -0.014149 0.009222 0.999857 -0.000376 0.000534 1.000000 
-0.001853 0.000271 0.999998 -0.000117 -0.000170 1.000000 -0.003036 0.004315 0.999986 0.000421 0.002460 0.999997 -0.014088 0.009183 0.999859 -0.000334 0.000474 1.000000 
-0.001687 0.000247 0.999999 -0.000106 -0.000154 1.000000 -0.003000 0.004264 0.999986 0.000395 0.002310 0.999997 -0.014023 0.009140 0.999860 -0.000298 0.000423 1.000000 
-0.002960 0.000433 0.999996 -0.000259 -0.000378 1.000000 -0.003366 0.004782 0.999983 0.000948 0.005546 0.999984 -0.014324 0.009332 0.999854 -0.000330 0.000469 1.000000 
-0.002634 0.000385 0.999996 -0.000199 -0.000291 1.000000 -0.003330 0.004733 0.999983 0.000866 0.005069 0.999987 -0.014407 0.009383 0.999852 -0.000301 0.000427 1.000000 
-0.003449 0.000504 0.999994 -0.000171 -0.000249 1.000000 -0.003165 0.004500 0.999985 0.000726 0.004254 0.999991 -0.014407 0.009383 0.999852 -0.000493 0.000700 1.000000 
-0.005181 0.000754 0.999986 -0.000092 -0.000134 1.000000 -0.003101 0.004411 0.999985 0.000680 0.003992 0.999992 -0.014554 0.009479 0.999849 -0.000926 0.001315 0.999999 
-0.004692 0.000683 0.999989 -0.000096 -0.000140 1.000000 -0.003094 0.004402 0.999986 0.000625 0.003670 0.999993 -0.014608 0.009511 0.999848 -0.000835 0.001185 0.999999 
-0.004249 0.000619 0.999991 -0.000110 -0.000160 1.000000 -0.003086 0.004390 0.999986 0.000574 0.003373 0.999994 -0.014630 0.009524 0.999848 -0.000751 0.001066 0.999999 
-0.003848 0.000560 0.999992 -0.000122 -0.000179 1.000000 -0.003073 0.004371 0.999986 0.000530 0.003112 0.999995 -0.014618 0.009515 0.999848 -0.000674 0.000957 0.999999 
-0.003491 0.000508 0.999994 -0.000127 -0.000185 1.000000 -0.003051 0.004340 0.999986 0.000492 0.002890 0.999996 -0.014570 0.009483 0.999849 -0.000604 0.000858 0.999999 
-0.003168 0.000461 0.999995 -0.000128 -0.000187 1.000000 -0.003024 0.004301 0.999986 0.000457 0.002685 0.999996 -0.014500 0.009437 0.999850 -0.000540 0.000767 1.000000 
-0.002876 0.000419 0.999996 -0.000128 -0.000186 1.000000 -0.002996 0.004262 0.999986 0.000425 0.002498 0.999997 -0.014424 0.009388 0.999852 -0.000483 0.000687 1.000000 
-0.003383 0.000493 0.999994 -0.000081 -0.000118 1.000000 -0.003223 0.004586 0.999984 0.000738 0.004334 0.999990 -0.014414 0.009382 0.999852 -0.000562 0.000798 1.000000 
-0.003099 0.000451 0.999995 -0.000084 -0.000123 1.000000 -0.003187 0.004534 0.999985 0.000678 0.003983 0.999992 -0.014407 0.009377 0.999852 -0.000510 0.000725 1.000000 
-0.002814 0.000410 0.999996 -0.000087 -0.000127 1.000000 -0.003140 0.004469 0.999985 0.000625 0.003670 0.999993 -0.014323 0.009322 0.999854 -0.000457 0.000649 1.000000 
-0.002550 0.000371 0.999997 -0.000065 -0.000095 1.000000 -0.003388 0.004816 0.999983 0.001112 0.006536 0.999978 -0.014241 0.009269 0.999856 -0.000188 0.000266 1.000000 
-0.000299 0.000044 1.000000 -0.000065 -0.000095 1.000000 -0.003586 0.005100 0.999981 0.000976 0.005733 0.999983 -0.014170 0.009223 0.999857 0.000045 -0.000064 1.000000 
-0.000705 0.000102 1.000000 -0.000007 -0.000010 1.000000 -0.003715 0.005284 0.999979 0.001050 0.006172 0.999980 -0.014230 0.009261 0.999856 -0.000132 0.000188 1.000000 
-0.001489 0.000216 0.999999 -0.000003 -0.000005 1.000000 -0.003688 0.005247 0.999979 0.001050 0.006185 0.999980 -0.014244 0.009270 0.999856 -0.000304 0.000432 1.000000 
-0.001356 0.000197 0.999999 -0.000025 -0.000037 1.000000 -0.003601 0.005123 0.999980 0.000960 0.005650 0.999984 -0.014209 0.009247 0.999856 -0.000267 0.000380 1.000000 
-0.001543 0.000224 0.999999 0.000055 0.000080 1.000000 -0.003530 0.005022 0.999981 0.000931 0.005482 0.999985 -0.014328 0.009321 0.999854 -0.000285 0.000405 1.000000 
-0.001401 0.000203 0.999999 0.000031 0.000045 1.000000 -0.003448 0.004905 0.999982 0.000851 0.005013 0.999987 -0.014237 0.009262 0.999856 -0.000250 0.000355 1.000000 
-0.002591 0.000375 0.999997 0.000089 0.000129 1.000000 -0.003182 0.004529 0.999985 0.000589 0.003478 0.999994 -0.014340 0.009326 0.999854 -0.000551 0.000782 1.000000 
-0.002570 0.000372 0.999997 0.000086 0.000126 1.000000 -0.003247 0.004622 0.999984 0.000646 0.003812 0.999993 -0.014337 0.009324 0.999854 -0.000555 0.000789 1.000000 
-0.003925 0.000568 0.999992 -0.000087 -0.000127 1.000000 -0.003216 0.004579 0.999984 0.000667 0.003942 0.999992 -0.014542 0.009454 0.999850 -0.000734 0.001043 0.999999 
-0.003557 0.000514 0.999994 -0.000090 -0.000131 1.000000 -0.003195 0.004548 0.999985 0.000613 0.003622 0.999993 -0.014579 0.009477 0.999849 -0.000662 0.000940 0.999999 
-0.003221 0.000466 0.999995 -0.000094 -0.000137 1.000000 -0.003166 0.004508 0.999985 0.000564 0.003335 0.999994 -0.014567 0.009468 0.999849 -0.000595 0.000846 0.999999 
-0.002919 0.000422 0.999996 -0.000096 -0.000141 1.000000 -0.003130 0.004456 0.999985 0.000521 0.003075 0.999995 -0.014503 0.009426 0.999850 -0.000535 0.000760 1.000000 
-0.002652 0.000383 0.999996 -0.000095 -0.000138 1.000000 -0.003090 0.004399 0.999986 0.000482 0.002850 0.999996 -0.014419 0.009371 0.999852 -0.000480 0.000682 1.000000 
-0.003292 0.000474 0.999994 -0.000114 -0.000166 1.000000 -0.003371 0.004799 0.999983 0.000746 0.004421 0.999990 -0.014624 0.009503 0.999848 -0.000620 0.000881 0.999999 
-0.002989 0.000430 0.999995 -0.000108 -0.000157 1.000000 -0.003330 0.004740 0.999983 0.000687 0.004075 0.999991 -0.014639 0.009512 0.999848 -0.000557 0.000792 1.000000 
-0.004147 0.000597 0.999991 -0.000080 -0.000117 1.000000 -0.003410 0.004854 0.999982 0.000947 0.005619 0.999984 -0.014598 0.009486 0.999848 -0.000701 0.000996 0.999999 
-0.003757 0.000541 0.999993 -0.000071 -0.000103 1.000000 -0.003366 0.004791 0.999983 0.000864 0.005129 0.999986 -0.014630 0.009506 0.999848 -0.000636 0.000903 0.999999 
-0.002847 0.000410 0.999996 -0.000051 -0.000074 1.000000 -0.003444 0.004902 0.999982 0.000821 0.004874 0.999988 -0.014613 0.009495 0.999848 -0.000534 0.000759 1.000000 
-0.002587 0.000372 0.999997 -0.000065 -0.000095 1.000000 -0.003381 0.004812 0.999983 0.000753 0.004467 0.999990 -0.014546 0.009451 0.999850 -0.000478 0.000678 1.000000 
-0.002351 0.000338 0.999997 -0.000066 -0.000097 1.000000 -0.003315 0.004719 0.999983 0.000692 0.004109 0.999991 -0.014450 0.009388 0.999852 -0.000428 0.000608 1.000000 
-0.002137 0.000307 0.999998 -0.000066 -0.000097 1.000000 -0.003256 0.004634 0.999984 0.000639 0.003794 0.999993 -0.014364 0.009332 0.999853 -0.000382 0.000542 1.000000 
-0.001927 0.000277 0.999998 -0.000125 -0.000183 1.000000 -0.003340 0.004753 0.999983 0.000648 0.003848 0.999992 -0.014639 0.009509 0.999848 -0.000324 0.000460 1.000000 
-0.004504 0.000646 0.999990 -0.000097 -0.000141 1.000000 -0.002995 0.004266 0.999986 0.000440 0.002621 0.999996 -0.014564 0.009460 0.999849 -0.000872 0.001239 0.999999 
-0.004225 0.000605 0.999991 -0.000073 -0.000107 1.000000 -0.002985 0.004252 0.999987 0.000437 0.002604 0.999997 -0.014590 0.009476 0.999849 -0.000798 0.001135 0.999999 
-0.003819 0.000547 0.999993 -0.000064 -0.000093 1.000000 -0.002981 0.004247 0.999987 0.000406 0.002420 0.999997 -0.014621 0.009495 0.999848 -0.000719 0.001022 0.999999 
-0.003462 0.000496 0.999994 -0.000068 -0.000099 1.000000 -0.002970 0.004231 0.999987 0.000379 0.002258 0.999997 -0.014595 0.009478 0.999849 -0.000645 0.000917 0.999999 
-0.003137 0.000449 0.999995 -0.000071 -0.000103 1.000000 -0.002953 0.004206 0.999987 0.000355 0.002115 0.999998 -0.014534 0.009438 0.999850 -0.000578 0.000822 0.999999 
-0.002841 0.000407 0.999996 -0.000070 -0.000103 1.000000 -0.002931 0.004175 0.999987 0.000332 0.001980 0.999998 -0.014460 0.009390 0.999851 -0.000517 0.000735 1.000000 
-0.002578 0.000369 0.999997 -0.000069 -0.000100 1.000000 -0.002911 0.004147 0.999987 0.000315 0.001874 0.999998 -0.014392 0.009346 0.999853 -0.000461 0.000655 1.000000 
-0.002340 0.000335 0.999997 -0.000067 -0.000099 1.000000 -0.002894 0.004122 0.999987 0.000297 0.001768 0.999998 -0.014332 0.009307 0.999854 -0.000412 0.000585 1.000000 
-0.001403 0.000201 0.999999 -0.000046 -0.000068 1.000000 -0.003066 0.004366 0.999986 0.000390 0.002323 0.999997 -0.014277 0.009272 0.999855 -0.000272 0.000386 1.000000 
-0.001278 0.000183 0.999999 -0.000059 -0.000087 1.000000 -0.003034 0.004321 0.999986 0.000368 0.002194 0.999998 -0.014223 0.009236 0.999856 -0.000234 0.000332 1.000000 
-0.002068 0.000295 0.999998 -0.000186 -0.000272 1.000000 -0.003195 0.004550 0.999985 0.000604 0.003607 0.999993 -0.014363 0.009325 0.999853 -0.000281 0.000400 1.000000 
-0.002513 0.000359 0.999997 -0.000177 -0.000258 1.000000 -0.003119 0.004442 0.999985 0.000556 0.003318 0.999994 -0.014381 0.009335 0.999853 -0.000368 0.000523 1.000000 
-0.002282 0.000326 0.999997 -0.000170 -0.000248 1.000000 -0.003082 0.004390 0.999986 0.000514 0.003065 0.999995 -0.014321 0.009296 0.999854 -0.000328 0.000466 1.000000 
-0.002073 0.000296 0.999998 -0.000160 -0.000234 1.000000 -0.003045 0.004337 0.999986 0.000476 0.002844 0.999996 -0.014250 0.009249 0.999856 -0.000291 0.000414 1.000000 
-0.000693 0.000099 1.000000 -0.000148 -0.000216 1.000000 -0.003270 0.004656 0.999984 0.000561 0.003346 0.999994 -0.014188 0.009209 0.999857 -0.000096 0.000137 1.000000 
-0.000641 0.000092 1.000000 -0.000140 -0.000205 1.000000 -0.003217 0.004581 0.999984 0.000522 0.003113 0.999995 -0.014138 0.009176 0.999858 -0.000082 0.000117 1.000000 
-0.000589 0.000084 1.000000 -0.000134 -0.000195 1.000000 -0.003170 0.004514 0.999985 0.000486 0.002901 0.999996 -0.014091 0.009145 0.999859 -0.000068 0.000096 1.000000 
-0.000544 0.000078 1.000000 -0.000129 -0.000188 1.000000 -0.003126 0.004452 0.999985 0.000453 0.002701 0.999996 -0.014048 0.009118 0.999860 -0.000056 0.000079 1.000000 
-0.000502 0.000072 1.000000 -0.000123 -0.000180 1.000000 -0.003087 0.004395 0.999986 0.000422 0.002518 0.999997 -0.014009 0.009092 0.999861 -0.000045 0.000064 1.000000 
-0.002103 0.000301 0.999998 -0.000096 -0.000140 1.000000 -0.002996 0.004266 0.999986 0.000517 0.003085 0.999995 -0.014022 0.009101 0.999860 -0.000282 0.000401 1.000000 
-0.001909 0.000273 0.999998 -0.000096 -0.000141 1.000000 -0.002970 0.004230 0.999987 0.000478 0.002851 0.999996 -0.013992 0.009081 0.999861 -0.000251 0.000357 1.000000 
-0.002209 0.000316 0.999998 -0.000094 -0.000138 1.000000 -0.002934 0.004179 0.999987 0.000482 0.002878 0.999996 -0.013974 0.009069 0.999861 -0.000292 0.000416 1.000000 
