0.003147 -0.000679 0.999995 0.000359 0.001629 0.999999 0.000308 0.001566 0.999999 0.003133 -0.000696 0.999995 
0.002808 -0.000605 0.999996 0.000314 0.001427 0.999999 0.000270 0.001370 0.999999 0.002795 -0.000621 0.999996 
0.001521 -0.000328 0.999999 0.000211 0.000956 1.000000 0.000183 0.000927 1.000000 0.001513 -0.000336 0.999999 
0.000739 -0.000159 1.000000 -0.000072 -0.000328 1.000000 -0.000068 -0.000346 1.000000 0.000740 -0.000164 1.000000 
0.000102 -0.000022 1.000000 -0.000202 -0.000919 1.000000 -0.000182 -0.000925 1.000000 0.000107 -0.000024 1.000000 
0.001416 -0.000306 0.999999 -0.000117 -0.000533 1.000000 -0.000112 -0.000567 1.000000 0.001417 -0.000315 0.999999 
0.002874 -0.000620 0.999996 -0.000314 -0.001426 0.999999 -0.000295 -0.001497 0.999999 0.002879 -0.000639 0.999996 
0.002898 -0.000625 0.999996 -0.000205 -0.000932 1.000000 -0.000197 -0.001001 0.999999 0.002900 -0.000644 0.999996 
0.004181 -0.000901 0.999991 0.000201 0.000915 1.000000 0.000162 0.000825 1.000000 0.004170 -0.000925 0.999991 
0.005201 -0.001120 0.999986 0.000236 0.001071 0.999999 0.000189 0.000959 1.000000 0.005188 -0.001150 0.999986 
0.006472 -0.001391 0.999978 0.000283 0.001288 0.999999 0.000225 0.001149 0.999999 0.006456 -0.001429 0.999978 
0.008816 -0.001891 0.999959 0.000409 0.001866 0.999998 0.000328 0.001677 0.999999 0.008793 -0.001942 0.999959 
0.010104 -0.002165 0.999947 -0.000063 -0.000286 1.000000 -0.000100 -0.000514 1.000000 0.010093 -0.002227 0.999947 
0.012084 -0.002589 0.999924 -0.000056 -0.000257 1.000000 -0.000103 -0.000529 1.000000 0.012070 -0.002664 0.999924 
0.010772 -0.002313 0.999939 0.000390 0.001777 0.999998 0.000303 0.001544 0.999999 0.010746 -0.002377 0.999939 
0.009160 -0.001969 0.999956 0.000358 0.001632 0.999999 0.000281 0.001434 0.999999 0.009138 -0.002023 0.999956 
0.015209 -0.003269 0.999879 0.000658 0.003000 0.999995 0.000524 0.002674 0.999996 0.015171 -0.003358 0.999879 
0.016791 -0.003607 0.999853 0.000873 0.003981 0.999992 0.000710 0.003623 0.999993 0.016744 -0.003705 0.999853 
0.033537 -0.006959 0.999413 0.000381 0.001795 0.999998 0.000199 0.001052 0.999999 0.033483 -0.007162 0.999414 
0.022032 -0.004797 0.999746 0.000968 0.004356 0.999990 0.000772 0.003883 0.999992 0.021976 -0.004926 0.999746 
0.000658 -0.000146 1.000000 0.000281 0.001244 0.999999 0.000250 0.001235 0.999999 0.000650 -0.000148 1.000000 
-0.000097 0.000022 1.000000 0.000114 0.000499 1.000000 0.000103 0.000504 1.000000 -0.000100 0.000023 1.000000 
-0.000525 0.000117 1.000000 0.000078 0.000342 1.000000 0.000073 0.000356 1.000000 -0.000526 0.000121 1.000000 
0.005544 -0.001199 0.999984 0.000074 0.000337 1.000000 0.000042 0.000215 1.000000 0.005535 -0.001232 0.999984 
-0.006704 0.010998 0.999917 -0.000072 -0.000369 1.000000 0.003878 -0.000166 0.999992 -0.002064 0.000517 0.999998 0.003787 0.002299 0.999990 
-0.000124 0.000202 1.000000 -0.000076 -0.000389 1.000000 0.003786 -0.000163 0.999993 0.003229 -0.000806 0.999994 0.000170 0.000104 1.000000 
-0.000109 0.000178 1.000000 -0.000072 -0.000367 1.000000 0.003578 -0.000154 0.999994 0.003023 -0.000755 0.999995 0.000288 0.000176 1.000000 
-0.000053 0.000086 1.000000 -0.000503 -0.002589 0.999997 0.003739 -0.000161 0.999993 0.002765 -0.000690 0.999996 0.000058 0.000035 1.000000 
-0.000042 0.000068 1.000000 -0.000456 -0.002349 0.999997 0.002724 -0.000117 0.999996 0.001999 -0.000499 0.999998 -0.000306 -0.000187 1.000000 
-0.000075 0.000122 1.000000 -0.000407 -0.002097 0.999998 0.000611 -0.000026 1.000000 0.000788 -0.000197 1.000000 -0.002875 -0.001759 0.999994 
-0.000064 0.000104 1.000000 -0.000415 -0.002134 0.999998 -0.001169 0.000050 0.999999 -0.000043 0.000011 1.000000 -0.005871 -0.003595 0.999976 
0.000292 -0.000477 1.000000 -0.000465 -0.002389 0.999997 -0.002250 0.000097 0.999997 -0.000018 0.000005 1.000000 -0.009029 -0.005519 0.999944 
0.001160 -0.001893 0.999998 -0.000707 -0.003630 0.999993 -0.004200 0.000181 0.999991 -0.000548 0.000137 1.000000 -0.012658 -0.007721 0.999890 
0.002015 -0.003292 0.999993 -0.001243 -0.006381 0.999979 -0.005345 0.000225 0.999986 -0.000578 0.000143 1.000000 -0.016766 -0.010219 0.999807 
0.002722 -0.004449 0.999986 -0.001693 -0.008683 0.999961 -0.006433 0.000261 0.999979 -0.000618 0.000152 1.000000 -0.020649 -0.012582 0.999708 
0.003322 -0.005424 0.999980 -0.001535 -0.007873 0.999968 -0.008154 0.000314 0.999967 -0.000831 0.000202 1.000000 -0.023671 -0.014436 0.999616 
0.003830 -0.006237 0.999973 -0.001396 -0.007157 0.999973 -0.009458 0.000342 0.999955 -0.000908 0.000218 1.000000 -0.026069 -0.015938 0.999533 
0.004079 -0.006620 0.999970 -0.001267 -0.006498 0.999978 -0.010557 0.000360 0.999944 -0.001180 0.000281 0.999999 -0.027690 -0.016988 0.999472 
0.004506 -0.007295 0.999963 -0.002619 -0.013461 0.999906 -0.010239 0.000343 0.999948 -0.001968 0.000467 0.999998 -0.028480 -0.017509 0.999441 
0.004925 -0.007969 0.999956 -0.002608 -0.013404 0.999907 -0.010610 0.000352 0.999944 -0.002022 0.000480 0.999998 -0.028436 -0.017492 0.999443 
0.005037 -0.008135 0.999954 -0.002889 -0.014842 0.999886 -0.011022 0.000368 0.999939 -0.002719 0.000646 0.999996 -0.028128 -0.017334 0.999454 
0.005170 -0.008347 0.999952 -0.002617 -0.013447 0.999906 -0.011184 0.000373 0.999937 -0.002466 0.000586 0.999997 -0.028119 -0.017335 0.999454 
0.005237 -0.008457 0.999951 -0.002961 -0.015244 0.999879 -0.010506 0.000354 0.999945 -0.002191 0.000521 0.999997 -0.028192 -0.017376 0.999451 
0.005237 -0.008458 0.999951 -0.002943 -0.015164 0.999881 -0.010329 0.000349 0.999947 -0.002034 0.000484 0.999998 -0.028109 -0.017323 0.999455 
0.005221 -0.008432 0.999951 -0.002668 -0.013749 0.999902 -0.010416 0.000352 0.999946 -0.001846 0.000439 0.999998 -0.027954 -0.017228 0.999461 
0.005185 -0.008372 0.999952 -0.002421 -0.012477 0.999919 -0.010457 0.000353 0.999945 -0.001677 0.000399 0.999999 -0.027739 -0.017097 0.999469 
0.005121 -0.008268 0.999953 -0.002200 -0.011339 0.999933 -0.010447 0.000353 0.999945 -0.001525 0.000363 0.999999 -0.027470 -0.016934 0.999479 
0.005019 -0.008102 0.999955 -0.002001 -0.010312 0.999945 -0.010380 0.000351 0.999946 -0.001387 0.000330 0.999999 -0.027135 -0.016730 0.999492 
0.004864 -0.007851 0.999957 -0.002598 -0.013420 0.999907 -0.009409 0.000321 0.999956 -0.001415 0.000337 0.999999 -0.026704 -0.016469 0.999508 
0.004677 -0.007546 0.999961 -0.002358 -0.012180 0.999923 -0.009279 0.000316 0.999957 -0.001278 0.000304 0.999999 -0.026179 -0.016153 0.999527 
0.004431 -0.007144 0.999965 -0.002549 -0.013175 0.999910 -0.008704 0.000299 0.999962 -0.001307 0.000312 0.999999 -0.025536 -0.015767 0.999550 
0.004172 -0.006725 0.999969 -0.002373 -0.012272 0.999922 -0.008323 0.000286 0.999965 -0.001095 0.000261 0.999999 -0.024888 -0.015373 0.999572 
0.003879 -0.006251 0.999973 -0.002153 -0.011134 0.999936 -0.008086 0.000278 0.999967 -0.000998 0.000238 0.999999 -0.024191 -0.014947 0.999596 
0.003535 -0.005695 0.999978 -0.002648 -0.013713 0.999902 -0.007129 0.000248 0.999975 -0.001135 0.000271 0.999999 -0.023414 -0.014472 0.999621 
0.003183 -0.005126 0.999982 -0.002376 -0.012305 0.999921 -0.006852 0.000239 0.999976 -0.001010 0.000241 0.999999 -0.022596 -0.013972 0.999647 
0.002812 -0.004527 0.999986 -0.002502 -0.012969 0.999913 -0.006184 0.000216 0.999981 -0.001006 0.000240 0.999999 -0.021788 -0.013475 0.999672 
0.002371 -0.003814 0.999990 -0.002991 -0.015655 0.999873 -0.005457 0.000191 0.999985 -0.001473 0.000352 0.999999 -0.020876 -0.012924 0.999699 
0.001932 -0.003106 0.999993 -0.003584 -0.018822 0.999816 -0.003974 0.000141 0.999992 -0.001346 0.000322 0.999999 -0.020012 -0.012398 0.999723 
0.001568 -0.002520 0.999996 -0.003267 -0.017194 0.999847 -0.003700 0.000131 0.999993 -0.001168 0.000279 0.999999 -0.019251 -0.011928 0.999744 
0.001203 -0.001933 0.999997 -0.002951 -0.015532 0.999875 -0.003540 0.000125 0.999994 -0.001072 0.000256 0.999999 -0.018550 -0.011496 0.999762 
0.000870 -0.001398 0.999999 -0.002668 -0.014043 0.999898 -0.003371 0.000119 0.999994 -0.000978 0.000234 0.999999 -0.017869 -0.011078 0.999779 
0.000446 -0.000716 1.000000 -0.002597 -0.013687 0.999903 -0.003008 0.000107 0.999995 -0.001021 0.000244 0.999999 -0.017191 -0.010663 0.999795 
0.000162 -0.000260 1.000000 -0.002347 -0.012369 0.999921 -0.002860 0.000101 0.999996 -0.000929 0.000222 1.000000 -0.016603 -0.010300 0.999809 
-0.000124 0.000198 1.000000 -0.002208 -0.011656 0.999930 -0.002516 0.000089 0.999997 -0.000788 0.000189 1.000000 -0.016049 -0.009958 0.999822 
-0.000425 0.000683 1.000000 -0.002111 -0.011146 0.999936 -0.002804 0.000100 0.999996 -0.001228 0.000294 0.999999 -0.015684 -0.009732 0.999830 
-0.000682 0.001095 0.999999 -0.001908 -0.010076 0.999947 -0.002905 0.000103 0.999996 -0.001310 0.000314 0.999999 -0.015451 -0.009587 0.999835 
-0.000890 0.001430 0.999999 -0.001727 -0.009116 0.999957 -0.002957 0.000105 0.999996 -0.001367 0.000327 0.999999 -0.015108 -0.009374 0.999842 
-0.001088 0.001746 0.999998 -0.001564 -0.008256 0.999965 -0.002995 0.000107 0.999996 -0.001426 0.000342 0.999999 -0.014767 -0.009163 0.999849 
-0.001281 0.002057 0.999997 -0.001364 -0.007202 0.999973 -0.003030 0.000108 0.999995 -0.001432 0.000343 0.999999 -0.014446 -0.008963 0.999855 
-0.001483 0.002381 0.999996 -0.001217 -0.006423 0.999979 -0.003025 0.000108 0.999995 -0.001462 0.000350 0.999999 -0.014149 -0.008779 0.999861 
-0.001695 0.002721 0.999995 -0.001079 -0.005698 0.999983 -0.003044 0.000108 0.999995 -0.001535 0.000368 0.999999 -0.013842 -0.008589 0.999867 
-0.001877 0.003014 0.999994 -0.001137 -0.006001 0.999981 -0.002718 0.000097 0.999996 -0.001492 0.000358 0.999999 -0.013589 -0.008431 0.999872 
-0.002111 0.003390 0.999992 -0.001174 -0.006200 0.999980 -0.002962 0.000106 0.999996 -0.001977 0.000474 0.999998 -0.013344 -0.008280 0.999877 
-0.002311 0.003710 0.999990 -0.000957 -0.005054 0.999987 -0.002966 0.000106 0.999996 -0.001936 0.000465 0.999998 -0.013023 -0.008080 0.999883 
-0.002521 0.004047 0.999989 -0.000865 -0.004564 0.999989 -0.002955 0.000106 0.999996 -0.002040 0.000490 0.999998 -0.012693 -0.007876 0.999888 
-0.002706 0.004344 0.999987 -0.000716 -0.003778 0.999993 -0.002951 0.000105 0.999996 -0.002057 0.000494 0.999998 -0.012402 -0.007696 0.999893 
-0.002835 0.004552 0.999986 -0.000509 -0.002685 0.999996 -0.003030 0.000108 0.999995 -0.002032 0.000488 0.999998 -0.012160 -0.007545 0.999898 
-0.002925 0.004697 0.999985 -0.000375 -0.001977 0.999998 -0.003042 0.000109 0.999995 -0.001988 0.000477 0.999998 -0.011986 -0.007436 0.999901 
-0.003019 0.004848 0.999984 -0.000375 -0.001976 0.999998 -0.003128 0.000112 0.999995 -0.002173 0.000522 0.999998 -0.011813 -0.007328 0.999903 
-0.003058 0.004912 0.999983 -0.000680 -0.003591 0.999993 -0.002499 0.000090 0.999997 -0.002033 0.000488 0.999998 -0.011648 -0.007225 0.999906 
-0.003155 0.005067 0.999982 -0.000639 -0.003379 0.999994 -0.002635 0.000095 0.999997 -0.002219 0.000533 0.999997 -0.011469 -0.007114 0.999909 
-0.003255 0.005227 0.999981 -0.000578 -0.003055 0.999995 -0.002656 0.000095 0.999996 -0.002282 0.000548 0.999997 -0.011276 -0.006996 0.999912 
-0.003386 0.005437 0.999979 -0.000558 -0.002947 0.999996 -0.002758 0.000099 0.999996 -0.002481 0.000596 0.999997 -0.011100 -0.006888 0.999915 
-0.003453 0.005544 0.999979 -0.000992 -0.005255 0.999986 -0.002178 0.000078 0.999998 -0.002573 0.000619 0.999996 -0.010882 -0.006752 0.999918 
-0.003544 0.005692 0.999978 -0.000787 -0.004170 0.999991 -0.002101 0.000076 0.999998 -0.002355 0.000566 0.999997 -0.010746 -0.006667 0.999920 
-0.003621 0.005815 0.999977 -0.000957 -0.005069 0.999987 -0.002445 0.000088 0.999997 -0.002945 0.000708 0.999995 -0.010659 -0.006612 0.999921 
-0.003659 0.005876 0.999976 -0.000755 -0.003999 0.999992 -0.002461 0.000089 0.999997 -0.002790 0.000671 0.999996 -0.010480 -0.006501 0.999924 
-0.003729 0.005992 0.999975 -0.000085 -0.000452 1.000000 -0.002950 0.000105 0.999996 -0.002471 0.000593 0.999997 -0.010534 -0.006531 0.999923 
-0.003849 0.006183 0.999973 -0.000078 -0.000415 1.000000 -0.002978 0.000106 0.999996 -0.002562 0.000615 0.999997 -0.010555 -0.006545 0.999923 
-0.003956 0.006355 0.999972 0.000003 0.000016 1.000000 -0.003105 0.000110 0.999995 -0.002634 0.000632 0.999996 -0.010620 -0.006586 0.999922 
-0.004026 0.006467 0.999971 0.000002 0.000010 1.000000 -0.003132 0.000111 0.999995 -0.002683 0.000644 0.999996 -0.010706 -0.006639 0.999921 
-0.004036 0.006483 0.999971 0.000001 0.000004 1.000000 -0.003125 0.000111 0.999995 -0.002692 0.000646 0.999996 -0.010674 -0.006621 0.999921 
-0.004011 0.006442 0.999971 0.000001 0.000004 1.000000 -0.003090 0.000110 0.999995 -0.002678 0.000643 0.999996 -0.010546 -0.006542 0.999923 
-0.003984 0.006398 0.999972 0.000001 0.000007 1.000000 -0.003054 0.000109 0.999995 -0.002659 0.000638 0.999996 -0.010418 -0.006463 0.999925 
-0.003957 0.006353 0.999972 0.000002 0.000012 1.000000 -0.003017 0.000107 0.999995 -0.002640 0.000634 0.999996 -0.010287 -0.006383 0.999927 
-0.003920 0.006294 0.999973 0.000079 0.000417 1.000000 -0.002992 0.000106 0.999996 -0.002528 0.000607 0.999997 -0.010188 -0.006321 0.999928 
-0.003885 0.006237 0.999973 0.000126 0.000669 1.000000 -0.003138 0.000111 0.999995 -0.002598 0.000624 0.999996 -0.010122 -0.006281 0.999929 
-0.003816 0.006127 0.999974 0.000170 0.000901 1.000000 -0.003018 0.000107 0.999995 -0.002417 0.000580 0.999997 -0.010024 -0.006221 0.999930 
-0.003748 0.006016 0.999975 0.000149 0.000794 1.000000 -0.002991 0.000106 0.999996 -0.002391 0.000574 0.999997 -0.009949 -0.006174 0.999931 
-0.003680 0.005908 0.999976 0.000099 0.000529 1.000000 -0.002999 0.000107 0.999995 -0.002437 0.000586 0.999997 -0.009858 -0.006118 0.999933 
-0.003622 0.005814 0.999977 0.000087 0.000463 1.000000 -0.002949 0.000105 0.999996 -0.002403 0.000577 0.999997 -0.009725 -0.006036 0.999934 
-0.003583 0.005750 0.999977 0.000077 0.000406 1.000000 -0.002917 0.000104 0.999996 -0.002380 0.000572 0.999997 -0.009650 -0.005990 0.999935 
-0.003508 0.005630 0.999978 -0.000486 -0.002584 0.999997 -0.002339 0.000084 0.999997 -0.002480 0.000597 0.999997 -0.009644 -0.005986 0.999936 
-0.003533 0.005670 0.999978 -0.000438 -0.002326 0.999997 -0.002362 0.000085 0.999997 -0.002489 0.000599 0.999997 -0.009528 -0.005915 0.999937 
-0.003594 0.005767 0.999977 -0.000332 -0.001765 0.999998 -0.002460 0.000088 0.999997 -0.002527 0.000608 0.999997 -0.009395 -0.005833 0.999939 
-0.003662 0.005877 0.999976 0.000064 0.000340 1.000000 -0.002582 0.000092 0.999997 -0.002249 0.000540 0.999997 -0.009242 -0.005738 0.999941 
-0.003727 0.005980 0.999975 0.000058 0.000311 1.000000 -0.002669 0.000095 0.999996 -0.002408 0.000579 0.999997 -0.009126 -0.005666 0.999942 
-0.003696 0.005929 0.999976 0.000051 0.000274 1.000000 -0.002646 0.000094 0.999996 -0.002406 0.000579 0.999997 -0.009005 -0.005591 0.999944 
-0.003598 0.005772 0.999977 0.000043 0.000231 1.000000 -0.002640 0.000094 0.999997 -0.002360 0.000568 0.999997 -0.008950 -0.005558 0.999945 
-0.003412 0.005473 0.999979 0.000036 0.000192 1.000000 -0.002608 0.000092 0.999997 -0.002250 0.000541 0.999997 -0.008826 -0.005482 0.999946 
-0.003017 0.004837 0.999984 0.000030 0.000158 1.000000 -0.002546 0.000089 0.999997 -0.001997 0.000479 0.999998 -0.008611 -0.005351 0.999949 
-0.002568 0.004115 0.999988 0.000026 0.000140 1.000000 -0.002455 0.000084 0.999997 -0.001702 0.000408 0.999998 -0.008302 -0.005161 0.999952 
-0.002304 0.003692 0.999991 0.000023 0.000121 1.000000 -0.002360 0.000080 0.999997 -0.001531 0.000367 0.999999 -0.007979 -0.004962 0.999956 
-0.002253 0.003609 0.999991 0.000019 0.000100 1.000000 -0.002335 0.000079 0.999997 -0.001499 0.000359 0.999999 -0.007903 -0.004915 0.999957 
-0.002235 0.003579 0.999991 0.000016 0.000085 1.000000 -0.002320 0.000079 0.999997 -0.001488 0.000357 0.999999 -0.007859 -0.004888 0.999957 
-0.002216 0.003549 0.999991 0.000014 0.000075 1.000000 -0.002308 0.000078 0.999997 -0.001477 0.000354 0.999999 -0.007819 -0.004863 0.999958 
-0.002199 0.003521 0.999991 0.000012 0.000066 1.000000 -0.002296 0.000078 0.999997 -0.001467 0.000351 0.999999 -0.007784 -0.004842 0.999958 
-0.002183 0.003496 0.999992 0.000011 0.000061 1.000000 -0.002286 0.000077 0.999997 -0.001457 0.000349 0.999999 -0.007752 -0.004822 0.999958 
-0.002166 0.003469 0.999992 0.000010 0.000056 1.000000 -0.002277 0.000077 0.999997 -0.001446 0.000346 0.999999 -0.007724 -0.004805 0.999959 
-0.002113 0.003383 0.999992 -0.000742 -0.003952 0.999992 -0.001628 0.000056 0.999999 -0.001733 0.000416 0.999998 -0.007698 -0.004789 0.999959 
-0.002073 0.003319 0.999992 -0.000945 -0.005042 0.999987 -0.001376 0.000047 0.999999 -0.001729 0.000415 0.999998 -0.007679 -0.004777 0.999959 
-0.002046 0.003277 0.999993 -0.000936 -0.004990 0.999987 -0.001144 0.000039 0.999999 -0.001496 0.000359 0.999999 -0.007648 -0.004757 0.999959 
-0.002068 0.003311 0.999992 -0.000724 -0.003861 0.999992 -0.001439 0.000049 0.999999 -0.001537 0.000369 0.999999 -0.007598 -0.004726 0.999960 
-0.002116 0.003388 0.999992 -0.000636 -0.003389 0.999994 -0.001514 0.000052 0.999999 -0.001553 0.000372 0.999999 -0.007512 -0.004673 0.999961 
-0.002198 0.003520 0.999991 -0.000576 -0.003071 0.999995 -0.001557 0.000053 0.999999 -0.001603 0.000384 0.999999 -0.007406 -0.004607 0.999962 
-0.002317 0.003710 0.999990 -0.000521 -0.002777 0.999996 -0.001587 0.000054 0.999999 -0.001675 0.000402 0.999999 -0.007277 -0.004528 0.999963 
-0.002437 0.003901 0.999989 -0.000469 -0.002501 0.999997 -0.001604 0.000055 0.999999 -0.001748 0.000419 0.999998 -0.007121 -0.004431 0.999965 
-0.002507 0.004014 0.999989 -0.001078 -0.005753 0.999983 -0.001033 0.000036 0.999999 -0.002048 0.000492 0.999998 -0.006978 -0.004342 0.999966 
-0.002609 0.004177 0.999988 -0.000973 -0.005195 0.999986 -0.001097 0.000038 0.999999 -0.002088 0.000501 0.999998 -0.006822 -0.004245 0.999968 
-0.002721 0.004356 0.999987 -0.000907 -0.004839 0.999988 -0.001228 0.000042 0.999999 -0.002244 0.000539 0.999997 -0.006661 -0.004144 0.999969 
-0.002806 0.004493 0.999986 -0.000704 -0.003757 0.999993 -0.001254 0.000043 0.999999 -0.002129 0.000512 0.999998 -0.006469 -0.004025 0.999971 
-0.002933 0.004696 0.999985 -0.000636 -0.003391 0.999994 -0.001262 0.000044 0.999999 -0.002194 0.000527 0.999997 -0.006254 -0.003891 0.999973 
-0.003087 0.004944 0.999983 -0.000587 -0.003131 0.999995 -0.001285 0.000044 0.999999 -0.002304 0.000554 0.999997 -0.006080 -0.003782 0.999974 
-0.003264 0.005226 0.999981 -0.000528 -0.002819 0.999996 -0.001300 0.000045 0.999999 -0.002401 0.000577 0.999997 -0.005935 -0.003692 0.999976 
-0.003420 0.005477 0.999979 -0.000558 -0.002981 0.999995 -0.001140 0.000040 0.999999 -0.002438 0.000586 0.999997 -0.005773 -0.003591 0.999977 
-0.003610 0.005780 0.999977 -0.000502 -0.002679 0.999996 -0.001181 0.000041 0.999999 -0.002559 0.000615 0.999997 -0.005669 -0.003527 0.999978 
-0.003760 0.006021 0.999975 -0.000450 -0.002404 0.999997 -0.001192 0.000041 0.999999 -0.002654 0.000638 0.999996 -0.005488 -0.003414 0.999979 
-0.003822 0.006122 0.999974 -0.000669 -0.003578 0.999993 -0.000853 0.000030 1.000000 -0.002686 0.000646 0.999996 -0.005362 -0.003335 0.999980 
-0.003918 0.006274 0.999973 -0.000601 -0.003215 0.999995 -0.000883 0.000031 1.000000 -0.002750 0.000662 0.999996 -0.005148 -0.003203 0.999982 
-0.004033 0.006458 0.999971 -0.000558 -0.002980 0.999995 -0.000973 0.000034 1.000000 -0.002913 0.000701 0.999996 -0.004933 -0.003069 0.999983 
-0.004127 0.006609 0.999970 -0.000409 -0.002187 0.999998 -0.000976 0.000034 1.000000 -0.002838 0.000683 0.999996 -0.004778 -0.002972 0.999984 
-0.004245 0.006798 0.999968 -0.000365 -0.001952 0.999998 -0.000996 0.000035 1.000000 -0.002918 0.000702 0.999995 -0.004639 -0.002886 0.999985 
-0.004348 0.006961 0.999966 -0.000332 -0.001774 0.999998 -0.001006 0.000035 0.999999 -0.002991 0.000719 0.999995 -0.004499 -0.002799 0.999986 
-0.004504 0.007212 0.999964 -0.000157 -0.000839 1.000000 -0.001130 0.000039 0.999999 -0.003022 0.000727 0.999995 -0.004400 -0.002737 0.999987 
-0.004575 0.007326 0.999963 -0.000135 -0.000725 1.000000 -0.001129 0.000039 0.999999 -0.003079 0.000741 0.999995 -0.004262 -0.002652 0.999987 
-0.004627 0.007409 0.999962 -0.000115 -0.000618 1.000000 -0.001115 0.000039 0.999999 -0.003122 0.000751 0.999995 -0.004092 -0.002546 0.999988 
-0.004670 0.007478 0.999961 -0.000097 -0.000519 1.000000 -0.001105 0.000038 0.999999 -0.003163 0.000761 0.999995 -0.003928 -0.002444 0.999989 
-0.004653 0.007450 0.999961 -0.000509 -0.002731 0.999996 -0.000858 0.000030 1.000000 -0.003438 0.000828 0.999994 -0.003888 -0.002419 0.999990 
-0.004671 0.007479 0.999961 -0.000456 -0.002447 0.999997 -0.000867 0.000030 1.000000 -0.003425 0.000824 0.999994 -0.003774 -0.002348 0.999990 
-0.004682 0.007497 0.999961 -0.000816 -0.004387 0.999990 -0.000479 0.000017 1.000000 -0.003521 0.000848 0.999993 -0.003759 -0.002339 0.999990 
-0.004662 0.007467 0.999961 -0.000743 -0.003994 0.999992 -0.000598 0.000021 1.000000 -0.003516 0.000847 0.999993 -0.003811 -0.002370 0.999990 
-0.004606 0.007379 0.999962 -0.000703 -0.003779 0.999993 -0.000355 0.000012 1.000000 -0.003201 0.000771 0.999995 -0.003839 -0.002387 0.999990 
-0.004532 0.007262 0.999963 -0.000633 -0.003402 0.999994 -0.000464 0.000016 1.000000 -0.003154 0.000760 0.999995 -0.003886 -0.002416 0.999990 
-0.004481 0.007181 0.999964 -0.000570 -0.003064 0.999995 -0.000552 0.000019 1.000000 -0.003119 0.000751 0.999995 -0.003906 -0.002429 0.999989 
-0.004459 0.007145 0.999965 -0.000513 -0.002760 0.999996 -0.000628 0.000022 1.000000 -0.003106 0.000748 0.999995 -0.003898 -0.002424 0.999989 
-0.004463 0.007150 0.999964 -0.000463 -0.002490 0.999997 -0.000691 0.000024 1.000000 -0.003104 0.000748 0.999995 -0.003897 -0.002423 0.999989 
-0.004511 0.007225 0.999964 -0.000232 -0.001246 0.999999 -0.000887 0.000031 1.000000 -0.003037 0.000731 0.999995 -0.003880 -0.002413 0.999990 
-0.004543 0.007276 0.999963 -0.000208 -0.001118 0.999999 -0.000925 0.000032 1.000000 -0.003066 0.000738 0.999995 -0.003871 -0.002408 0.999990 
-0.004579 0.007331 0.999963 -0.000185 -0.000996 0.999999 -0.000943 0.000033 1.000000 -0.003095 0.000745 0.999995 -0.003806 -0.002368 0.999990 
-0.004614 0.007386 0.999962 -0.000164 -0.000880 1.000000 -0.000939 0.000032 1.000000 -0.003124 0.000751 0.999995 -0.003673 -0.002286 0.999991 
-0.004728 0.007570 0.999960 -0.000014 -0.000075 1.000000 -0.001087 0.000037 0.999999 -0.003161 0.000760 0.999995 -0.003638 -0.002264 0.999991 
-0.004715 0.007548 0.999960 -0.000011 -0.000060 1.000000 -0.001085 0.000037 0.999999 -0.003161 0.000760 0.999995 -0.003587 -0.002232 0.999991 
-0.004602 0.007367 0.999962 -0.000376 -0.002024 0.999998 -0.000950 0.000033 1.000000 -0.003415 0.000822 0.999994 -0.003568 -0.002220 0.999991 
-0.004460 0.007138 0.999965 -0.000666 -0.003585 0.999993 -0.000649 0.000022 1.000000 -0.003392 0.000817 0.999994 -0.003601 -0.002241 0.999991 
-0.004395 0.007034 0.999966 -0.000551 -0.002970 0.999995 -0.000541 0.000019 1.000000 -0.003116 0.000749 0.999995 -0.003586 -0.002232 0.999991 
-0.004376 0.007003 0.999966 -0.000586 -0.003157 0.999995 -0.000703 0.000024 1.000000 -0.003296 0.000792 0.999994 -0.003573 -0.002224 0.999991 
-0.004359 0.006974 0.999966 -0.000527 -0.002839 0.999996 -0.000748 0.000025 1.000000 -0.003253 0.000782 0.999994 -0.003574 -0.002225 0.999991 
-0.004336 0.006936 0.999967 -0.000475 -0.002559 0.999997 -0.000773 0.000026 1.000000 -0.003209 0.000771 0.999995 -0.003529 -0.002197 0.999991 
-0.004426 0.007085 0.999965 -0.000293 -0.001581 0.999999 -0.000729 0.000025 1.000000 -0.002996 0.000719 0.999995 -0.003574 -0.002224 0.999991 
-0.004466 0.007148 0.999964 -0.000262 -0.001415 0.999999 -0.000799 0.000027 1.000000 -0.003032 0.000728 0.999995 -0.003635 -0.002262 0.999991 
-0.004491 0.007186 0.999964 -0.000234 -0.001265 0.999999 -0.000830 0.000028 1.000000 -0.003060 0.000734 0.999995 -0.003569 -0.002222 0.999991 
-0.004508 0.007212 0.999964 -0.000208 -0.001125 0.999999 -0.000839 0.000028 1.000000 -0.003078 0.000738 0.999995 -0.003451 -0.002149 0.999992 
-0.004544 0.007268 0.999963 -0.000184 -0.000995 0.999999 -0.000835 0.000028 1.000000 -0.003106 0.000745 0.999995 -0.003311 -0.002062 0.999992 
-0.004588 0.007337 0.999963 -0.000162 -0.000876 1.000000 -0.000828 0.000028 1.000000 -0.003138 0.000752 0.999995 -0.003174 -0.001977 0.999993 
-0.004585 0.007331 0.999963 -0.000142 -0.000766 1.000000 -0.000827 0.000028 1.000000 -0.003137 0.000752 0.999995 -0.003076 -0.001916 0.999993 
-0.004623 0.007392 0.999962 -0.000123 -0.000662 1.000000 -0.000810 0.000027 1.000000 -0.003160 0.000758 0.999995 -0.002936 -0.001829 0.999994 
-0.004640 0.007420 0.999962 -0.000188 -0.001014 0.999999 -0.000643 0.000021 1.000000 -0.003115 0.000747 0.999995 -0.002877 -0.001792 0.999994 
-0.004776 0.007640 0.999959 -0.000182 -0.000982 1.000000 -0.000666 0.000022 1.000000 -0.003199 0.000767 0.999995 -0.002948 -0.001836 0.999994 
-0.004867 0.007785 0.999958 -0.000161 -0.000868 1.000000 -0.000706 0.000024 1.000000 -0.003271 0.000784 0.999994 -0.002944 -0.001834 0.999994 
-0.004901 0.007837 0.999957 -0.000138 -0.000748 1.000000 -0.000718 0.000024 1.000000 -0.003303 0.000791 0.999994 -0.002845 -0.001772 0.999994 
-0.004931 0.007884 0.999957 -0.000119 -0.000645 1.000000 -0.000712 0.000024 1.000000 -0.003332 0.000798 0.999994 -0.002704 -0.001684 0.999995 
-0.005021 0.008030 0.999955 0.000029 0.000158 1.000000 -0.000859 0.000028 1.000000 -0.003349 0.000802 0.999994 -0.002683 -0.001671 0.999995 
-0.004892 0.007820 0.999957 0.000028 0.000150 1.000000 -0.000842 0.000028 1.000000 -0.003270 0.000783 0.999994 -0.002608 -0.001625 0.999995 
-0.004679 0.007479 0.999961 0.000027 0.000146 1.000000 -0.000831 0.000027 1.000000 -0.003132 0.000749 0.999995 -0.002569 -0.001601 0.999995 
-0.004531 0.007242 0.999964 -0.000215 -0.001165 0.999999 -0.000572 0.000019 1.000000 -0.003067 0.000733 0.999995 -0.002680 -0.001670 0.999995 
-0.004332 0.006922 0.999967 -0.000191 -0.001037 0.999999 -0.000601 0.000019 1.000000 -0.002944 0.000703 0.999995 -0.002640 -0.001646 0.999995 
-0.004362 0.006968 0.999966 -0.000061 -0.000334 1.000000 -0.000807 0.000026 1.000000 -0.002983 0.000711 0.999995 -0.002673 -0.001666 0.999995 
-0.004137 0.006607 0.999970 -0.000055 -0.000297 1.000000 -0.000793 0.000025 1.000000 -0.002833 0.000675 0.999996 -0.002598 -0.001621 0.999995 
-0.004061 0.006484 0.999971 -0.000049 -0.000268 1.000000 -0.000771 0.000024 1.000000 -0.002781 0.000662 0.999996 -0.002506 -0.001564 0.999996 
-0.004020 0.006417 0.999971 -0.000044 -0.000239 1.000000 -0.000748 0.000023 1.000000 -0.002750 0.000655 0.999996 -0.002412 -0.001505 0.999996 
-0.003978 0.006348 0.999972 -0.000040 -0.000218 1.000000 -0.000722 0.000022 1.000000 -0.002719 0.000647 0.999996 -0.002317 -0.001446 0.999996 
-0.003909 0.006239 0.999973 -0.000483 -0.002630 0.999996 -0.000230 0.000007 1.000000 -0.002780 0.000661 0.999996 -0.002296 -0.001434 0.999996 
-0.003886 0.006201 0.999973 -0.000432 -0.002350 0.999997 -0.000284 0.000009 1.000000 -0.002757 0.000656 0.999996 -0.002268 -0.001416 0.999996 
-0.003882 0.006195 0.999973 0.000123 0.000671 1.000000 -0.001056 0.000032 0.999999 -0.002773 0.000658 0.999996 -0.002259 -0.001410 0.999996 
-0.003875 0.006185 0.999973 0.000110 0.000598 1.000000 -0.001023 0.000031 0.999999 -0.002748 0.000653 0.999996 -0.002289 -0.001429 0.999996 
-0.003899 0.006224 0.999973 0.000099 0.000539 1.000000 -0.001034 0.000032 0.999999 -0.002772 0.000658 0.999996 -0.002348 -0.001466 0.999996 
-0.003838 0.006126 0.999974 0.000092 0.000497 1.000000 -0.000996 0.000031 1.000000 -0.002719 0.000646 0.999996 -0.002303 -0.001437 0.999996 
-0.003762 0.006003 0.999975 0.000084 0.000457 1.000000 -0.000952 0.000029 1.000000 -0.002657 0.000631 0.999996 -0.002230 -0.001392 0.999997 
-0.003680 0.005871 0.999976 0.000076 0.000410 1.000000 -0.000913 0.000028 1.000000 -0.002593 0.000615 0.999996 -0.002175 -0.001358 0.999997 
-0.003577 0.005705 0.999977 0.000069 0.000374 1.000000 -0.000881 0.000027 1.000000 -0.002515 0.000597 0.999997 -0.002134 -0.001333 0.999997 
