-0.000133 -0.000872 1.000000 0.001099 -0.000163 0.999999 0.001114 -0.000191 0.999999 -0.000129 -0.000879 1.000000 
-0.000120 -0.000788 1.000000 0.000998 -0.000148 0.999999 0.001012 -0.000173 0.999999 -0.000116 -0.000794 1.000000 
0.000060 0.000394 1.000000 0.001802 -0.000267 0.999998 0.001786 -0.000305 0.999998 0.000056 0.000383 1.000000 
0.000050 0.000328 1.000000 0.001588 -0.000235 0.999999 0.001574 -0.000269 0.999999 0.000047 0.000318 1.000000 
-0.000182 -0.001188 0.999999 0.002095 -0.000311 0.999998 0.002113 -0.000362 0.999998 -0.000176 -0.001202 0.999999 
-0.000027 -0.000178 1.000000 0.002361 -0.000350 0.999997 0.002356 -0.000403 0.999997 -0.000028 -0.000193 1.000000 
-0.000176 -0.001151 0.999999 0.002662 -0.000395 0.999996 0.002678 -0.000458 0.999996 -0.000171 -0.001168 0.999999 
-0.000428 -0.002798 0.999996 0.003485 -0.000518 0.999994 0.003534 -0.000606 0.999994 -0.000414 -0.002822 0.999996 
-0.000389 -0.002541 0.999997 0.003191 -0.000474 0.999995 0.003236 -0.000555 0.999995 -0.000376 -0.002563 0.999997 
-0.000922 -0.006020 0.999981 0.009843 -0.001464 0.999950 0.009940 -0.001705 0.999949 -0.000894 -0.006086 0.999981 
-0.000838 -0.005467 0.999985 0.008945 -0.001330 0.999959 0.009033 -0.001550 0.999958 -0.000812 -0.005527 0.999984 
-0.001067 -0.006947 0.999975 0.010854 -0.001618 0.999940 0.010968 -0.001886 0.999938 -0.001035 -0.007020 0.999975 
-0.001242 -0.008203 0.999966 0.011953 -0.001755 0.999927 0.012092 -0.002052 0.999925 -0.001203 -0.008284 0.999965 
-0.001123 -0.007419 0.999972 0.010850 -0.001594 0.999940 0.010975 -0.001863 0.999938 -0.001087 -0.007492 0.999971 
-0.001019 -0.006731 0.999977 0.009887 -0.001452 0.999950 0.010001 -0.001697 0.999949 -0.000987 -0.006798 0.999976 
-0.001502 -0.010306 0.999946 0.011503 -0.001624 0.999933 0.011691 -0.001917 0.999930 -0.001449 -0.010386 0.999945 
-0.002197 -0.014584 0.999891 0.011570 -0.001690 0.999932 0.011852 -0.002002 0.999928 -0.002118 -0.014668 0.999890 
-0.003214 -0.028083 0.999600 0.011390 -0.001250 0.999934 0.011982 -0.001586 0.999927 -0.003050 -0.028172 0.999598 
-0.002168 -0.040712 0.999169 0.011930 -0.000577 0.999929 0.012819 -0.000907 0.999917 -0.001922 -0.040798 0.999166 
-0.003866 -0.041035 0.999150 0.012195 -0.001089 0.999925 0.013080 -0.001463 0.999913 -0.003622 -0.041133 0.999147 
-0.003167 -0.025039 0.999681 0.013414 -0.001632 0.999909 0.013929 -0.002011 0.999901 -0.003023 -0.025140 0.999679 
-0.000261 -0.002000 0.999998 0.012694 -0.001600 0.999918 0.012698 -0.001889 0.999918 -0.000258 -0.002079 0.999998 
-0.000161 -0.001745 0.999998 0.008272 -0.000726 0.999966 0.008292 -0.000915 0.999965 -0.000155 -0.001796 0.999998 
-0.000069 -0.001613 0.999999 0.007487 -0.000288 0.999972 0.007514 -0.000457 0.999972 -0.000061 -0.001659 0.999999 
0.006118 -0.000389 0.999981 0.041371 -0.012539 0.999065 0.024342 0.111995 0.993411 0.000037 0.000924 1.000000 0.082119 0.289891 0.953530 0.012615 0.045339 0.998892 
0.006495 -0.000438 0.999979 0.056165 -0.018882 0.998243 0.032380 0.129455 0.991056 0.000029 0.000676 1.000000 0.047812 0.150212 0.987497 
0.005500 -0.000479 0.999985 0.051047 -0.016669 0.998557 0.030002 0.121967 0.992081 -0.000048 -0.000759 1.000000 0.043453 0.142860 0.988789 
0.006114 -0.000693 0.999981 0.033227 -0.010236 0.999395 0.018404 0.080728 0.996566 -0.001930 -0.021654 0.999764 0.076755 0.262553 0.961860 0.006389 0.024326 0.999684 
0.008161 -0.000992 0.999966 0.013839 -0.004037 0.999896 0.006746 0.032115 0.999461 -0.005236 -0.053608 0.998548 0.047340 0.166603 0.984887 0.000164 0.000722 1.000000 
0.012350 -0.001755 0.999922 0.013970 -0.004135 0.999894 0.001710 0.007879 0.999967 -0.010892 -0.091782 0.995720 0.033194 0.114744 0.992840 0.000138 0.000607 1.000000 
0.021620 -0.003618 0.999760 0.011572 -0.003547 0.999927 -0.003176 -0.013874 0.999899 -0.016808 -0.115785 0.993132 0.019195 0.063809 0.997778 0.000053 0.000226 1.000000 
0.008275 -0.002660 0.999962 0.023236 -0.004376 0.999720 -0.006622 -0.027022 0.999613 -0.017777 -0.107087 0.994091 0.003719 0.011750 0.999924 0.000046 0.000187 1.000000 
0.022596 -0.004502 0.999735 0.004283 -0.001428 0.999990 -0.006141 -0.023636 0.999702 -0.013347 -0.075795 0.997034 -0.000150 -0.000455 1.000000 -0.000013 -0.000049 1.000000 
0.020969 -0.004218 0.999771 0.002138 -0.000745 0.999997 -0.003927 -0.014446 0.999888 -0.007078 -0.039971 0.999176 -0.000069 -0.000201 1.000000 -0.000025 -0.000087 1.000000 
0.018782 -0.003913 0.999816 0.001567 -0.000558 0.999999 -0.002318 -0.008307 0.999963 -0.003459 -0.018828 0.999817 0.000363 0.001035 0.999999 -0.000192 -0.000660 1.000000 
0.018495 -0.003933 0.999821 0.001495 -0.000533 0.999999 -0.002345 -0.008431 0.999962 -0.003709 -0.019733 0.999798 0.000406 0.001154 0.999999 -0.000188 -0.000657 1.000000 
0.020900 -0.004448 0.999772 0.002297 -0.000819 0.999997 -0.002505 -0.009028 0.999956 -0.003934 -0.020897 0.999774 0.000376 0.001070 0.999999 -0.000185 -0.000650 1.000000 
0.023601 -0.005006 0.999709 0.004790 -0.001707 0.999987 -0.002444 -0.008815 0.999958 -0.003766 -0.020077 0.999791 0.000340 0.000966 0.999999 -0.000164 -0.000578 1.000000 
0.025095 -0.005302 0.999671 0.006848 -0.002441 0.999974 -0.002209 -0.007974 0.999966 -0.003265 -0.017486 0.999842 0.000314 0.000892 1.000000 -0.000146 -0.000512 1.000000 
0.025569 -0.005353 0.999659 0.008763 -0.003118 0.999957 -0.001717 -0.006215 0.999979 -0.002490 -0.013481 0.999906 0.000738 0.002102 0.999998 -0.000128 -0.000450 1.000000 
0.025392 -0.005222 0.999664 0.010878 -0.003853 0.999933 -0.000975 -0.003550 0.999993 -0.001494 -0.008258 0.999965 0.001657 0.004744 0.999987 -0.000111 -0.000390 1.000000 
0.024997 -0.005001 0.999675 0.013608 -0.004775 0.999896 -0.000038 -0.000141 1.000000 -0.000422 -0.002408 0.999997 0.003053 0.008826 0.999956 -0.000095 -0.000333 1.000000 
0.023376 -0.004616 0.999716 0.016795 -0.005841 0.999842 0.000785 0.002901 0.999995 -0.000018 -0.000104 1.000000 0.004784 0.013962 0.999891 -0.000076 -0.000267 1.000000 
0.023391 -0.004618 0.999716 0.020298 -0.007022 0.999769 0.001274 0.004716 0.999988 -0.000011 -0.000066 1.000000 0.006086 0.017866 0.999822 -0.000063 -0.000222 1.000000 
0.024340 -0.004806 0.999692 0.024018 -0.008271 0.999677 0.001569 0.005810 0.999982 -0.000005 -0.000028 1.000000 0.006684 0.019723 0.999783 -0.000052 -0.000182 1.000000 
0.025126 -0.004961 0.999672 0.026390 -0.009078 0.999611 0.001707 0.006314 0.999979 0.000000 0.000002 1.000000 0.006872 0.020305 0.999770 -0.000041 -0.000143 1.000000 
0.025756 -0.005085 0.999655 0.027666 -0.009527 0.999572 0.001797 0.006637 0.999976 0.000000 0.000000 1.000000 0.007077 0.020889 0.999757 -0.000029 -0.000102 1.000000 
0.026358 -0.005204 0.999639 0.028261 -0.009739 0.999553 0.001867 0.006892 0.999975 -0.000000 -0.000000 1.000000 0.007339 0.021649 0.999739 -0.000012 -0.000043 1.000000 
0.026724 -0.005276 0.999629 0.028619 -0.009864 0.999542 0.001889 0.006974 0.999974 0.000000 0.000000 1.000000 0.007408 0.021852 0.999734 0.000000 0.000000 1.000000 
0.026904 -0.005311 0.999624 0.028694 -0.009896 0.999539 0.001890 0.006977 0.999974 -0.000000 -0.000000 1.000000 0.007425 0.021889 0.999733 0.000006 0.000021 1.000000 
0.026948 -0.005320 0.999623 0.028540 -0.009855 0.999544 0.001886 0.006959 0.999974 -0.000000 -0.000001 1.000000 0.007445 0.021920 0.999732 0.000011 0.000038 1.000000 
0.026858 -0.005302 0.999625 0.028384 -0.009805 0.999549 0.001886 0.006956 0.999974 0.000000 0.000000 1.000000 0.007451 0.021929 0.999732 0.000015 0.000052 1.000000 
0.026621 -0.005256 0.999632 0.028150 -0.009725 0.999556 0.001886 0.006956 0.999974 0.000000 0.000000 1.000000 0.007447 0.021913 0.999732 0.000019 0.000065 1.000000 
0.026220 -0.005176 0.999643 0.027768 -0.009593 0.999568 0.001884 0.006951 0.999974 0.000000 0.000000 1.000000 0.007434 0.021876 0.999733 0.000022 0.000077 1.000000 
0.025650 -0.005064 0.999658 0.027225 -0.009406 0.999585 0.001881 0.006939 0.999974 -0.000000 -0.000001 1.000000 0.007416 0.021819 0.999734 0.000025 0.000089 1.000000 
0.024908 -0.004917 0.999678 0.026519 -0.009162 0.999606 0.001877 0.006922 0.999974 0.000000 0.000000 1.000000 0.007391 0.021744 0.999736 0.000028 0.000098 1.000000 
0.023991 -0.004736 0.999701 0.025643 -0.008861 0.999632 0.001871 0.006898 0.999974 -0.000000 -0.000000 1.000000 0.007360 0.021648 0.999739 0.000031 0.000107 1.000000 
0.022892 -0.004519 0.999728 0.024593 -0.008498 0.999661 0.001862 0.006868 0.999975 -0.000000 -0.000000 1.000000 0.007322 0.021534 0.999741 0.000033 0.000115 1.000000 
0.021606 -0.004265 0.999757 0.023362 -0.008074 0.999694 0.001853 0.006832 0.999975 -0.000000 -0.000001 1.000000 0.007277 0.021398 0.999745 0.000035 0.000123 1.000000 
0.020124 -0.003973 0.999790 0.021943 -0.007584 0.999730 0.001841 0.006787 0.999975 0.000000 0.000001 1.000000 0.007225 0.021238 0.999748 0.000037 0.000128 1.000000 
0.018438 -0.003640 0.999823 0.020329 -0.007027 0.999769 0.001826 0.006731 0.999976 -0.000000 -0.000001 1.000000 0.007159 0.021040 0.999753 0.000039 0.000135 1.000000 
0.016540 -0.003265 0.999858 0.018512 -0.006400 0.999808 0.001805 0.006654 0.999976 -0.000000 -0.000001 1.000000 0.007070 0.020772 0.999759 0.000040 0.000140 1.000000 
0.014418 -0.002846 0.999892 0.016481 -0.005698 0.999848 0.001778 0.006555 0.999977 -0.000000 -0.000000 1.000000 0.006955 0.020429 0.999767 0.000041 0.000144 1.000000 
0.012058 -0.002380 0.999924 0.014222 -0.004917 0.999887 0.001747 0.006437 0.999978 -0.000000 -0.000001 1.000000 0.006819 0.020025 0.999776 0.000043 0.000149 1.000000 
0.009445 -0.001864 0.999954 0.011721 -0.004053 0.999923 0.001711 0.006306 0.999979 -0.000000 -0.000001 1.000000 0.006669 0.019577 0.999786 0.000043 0.000151 1.000000 
0.006561 -0.001295 0.999978 0.008962 -0.003099 0.999955 0.001671 0.006158 0.999980 -0.000000 -0.000000 1.000000 0.006500 0.019077 0.999797 0.000043 0.000149 1.000000 
0.003391 -0.000669 0.999994 0.005930 -0.002051 0.999980 0.001625 0.005989 0.999981 -0.000000 -0.000001 1.000000 0.006308 0.018507 0.999809 0.000042 0.000147 1.000000 
0.001932 -0.000381 0.999998 0.002911 -0.001007 0.999995 0.001497 0.005515 0.999984 -0.000001 -0.000008 1.000000 0.006117 0.017939 0.999820 0.000041 0.000142 1.000000 
0.001589 -0.000314 0.999999 0.000299 -0.000103 1.000000 0.001336 0.004921 0.999987 -0.000004 -0.000024 1.000000 0.005856 0.017165 0.999836 0.000080 0.000278 1.000000 
0.001186 -0.000234 0.999999 -0.000088 0.000030 1.000000 0.001274 0.004693 0.999988 -0.000008 -0.000045 1.000000 0.005582 0.016373 0.999850 0.000086 0.000300 1.000000 
0.000588 -0.000116 1.000000 -0.000533 0.000184 1.000000 0.001240 0.004569 0.999989 0.000014 0.000083 1.000000 0.005434 0.015968 0.999858 0.000047 0.000163 1.000000 
0.001171 -0.000231 0.999999 -0.001121 0.000386 0.999999 0.001110 0.004095 0.999991 -0.000287 -0.001663 0.999999 0.005155 0.015194 0.999871 0.000330 0.001148 0.999999 
0.001031 -0.000204 0.999999 -0.002033 0.000697 0.999998 0.001043 0.003854 0.999992 -0.000256 -0.001479 0.999999 0.004822 0.014262 0.999887 0.000410 0.001427 0.999999 
0.002274 -0.000450 0.999997 -0.003165 0.001082 0.999994 0.000975 0.003605 0.999993 -0.000344 -0.001992 0.999998 0.004529 0.013431 0.999900 0.000765 0.002668 0.999996 
0.001165 -0.000230 0.999999 -0.004659 0.001591 0.999988 0.001055 0.003904 0.999992 -0.000105 -0.000606 1.000000 0.004360 0.012948 0.999907 0.000852 0.002968 0.999995 
0.001025 -0.000202 0.999999 -0.006396 0.002184 0.999977 0.001047 0.003874 0.999992 -0.000096 -0.000558 1.000000 0.004349 0.012920 0.999907 0.001017 0.003542 0.999993 
0.000893 -0.000176 1.000000 -0.008074 0.002755 0.999964 0.001043 0.003860 0.999992 -0.000088 -0.000512 1.000000 0.004355 0.012939 0.999907 0.001178 0.004103 0.999991 
0.000768 -0.000152 1.000000 -0.009473 0.003232 0.999950 0.001040 0.003849 0.999992 -0.000081 -0.000471 1.000000 0.004359 0.012956 0.999907 0.001310 0.004563 0.999989 
0.000649 -0.000128 1.000000 -0.010554 0.003600 0.999938 0.001037 0.003837 0.999992 -0.000075 -0.000435 1.000000 0.004361 0.012965 0.999906 0.001408 0.004903 0.999987 
0.000542 -0.000107 1.000000 -0.011308 0.003856 0.999929 0.001033 0.003824 0.999992 -0.000069 -0.000402 1.000000 0.004360 0.012962 0.999906 0.001470 0.005120 0.999986 
0.000646 -0.000128 1.000000 -0.011678 0.003983 0.999924 0.001021 0.003779 0.999992 -0.000185 -0.001071 0.999999 0.004358 0.012954 0.999907 0.001615 0.005625 0.999983 
0.000560 -0.000111 1.000000 -0.011821 0.004032 0.999922 0.001021 0.003777 0.999992 -0.000169 -0.000980 1.000000 0.004365 0.012974 0.999906 0.001601 0.005577 0.999983 
0.000500 -0.000099 1.000000 -0.011792 0.004022 0.999922 0.001021 0.003777 0.999992 -0.000155 -0.000899 1.000000 0.004374 0.013000 0.999906 0.001572 0.005475 0.999984 
-0.000174 0.000034 1.000000 -0.011549 0.003940 0.999926 0.001049 0.003882 0.999992 -0.000274 -0.001586 0.999999 0.004383 0.013027 0.999906 0.001650 0.005744 0.999982 
-0.000148 0.000029 1.000000 -0.011128 0.003795 0.999931 0.001045 0.003868 0.999992 -0.000259 -0.001503 0.999999 0.004390 0.013052 0.999905 0.001576 0.005486 0.999984 
-0.000126 0.000025 1.000000 -0.010595 0.003612 0.999937 0.001044 0.003865 0.999992 -0.000236 -0.001370 0.999999 0.004402 0.013092 0.999905 0.001484 0.005166 0.999986 
0.001210 -0.000239 0.999999 -0.009853 0.003358 0.999946 0.001055 0.003908 0.999992 -0.000204 -0.001182 0.999999 0.004396 0.013077 0.999905 0.001542 0.005372 0.999984 
0.001092 -0.000215 0.999999 -0.009078 0.003093 0.999954 0.001053 0.003900 0.999992 -0.000186 -0.001081 0.999999 0.004404 0.013107 0.999904 0.001410 0.004915 0.999987 
0.000148 -0.000029 1.000000 -0.008144 0.002774 0.999963 0.001004 0.003718 0.999993 -0.000533 -0.003088 0.999995 0.004385 0.013053 0.999905 0.001441 0.005021 0.999986 
-0.000057 0.000011 1.000000 -0.007131 0.002428 0.999972 0.001052 0.003895 0.999992 -0.000354 -0.002055 0.999998 0.004374 0.013029 0.999906 0.001236 0.004306 0.999990 
-0.000112 0.000022 1.000000 -0.006039 0.002055 0.999980 0.001059 0.003923 0.999992 -0.000279 -0.001619 0.999999 0.004358 0.012987 0.999906 0.001052 0.003666 0.999993 
-0.000072 0.000014 1.000000 -0.004929 0.001677 0.999986 0.001048 0.003885 0.999992 -0.000255 -0.001476 0.999999 0.004335 0.012927 0.999907 0.000889 0.003098 0.999995 
0.000203 -0.000040 1.000000 -0.003794 0.001290 0.999992 0.001058 0.003921 0.999992 -0.000143 -0.000830 1.000000 0.004304 0.012837 0.999908 0.000715 0.002490 0.999997 
0.001163 -0.000229 0.999999 -0.002474 0.000841 0.999997 0.000946 0.003507 0.999993 -0.000566 -0.003284 0.999994 0.004250 0.012681 0.999911 0.000863 0.003009 0.999995 
0.001077 -0.000212 0.999999 -0.001448 0.000492 0.999999 0.000961 0.003562 0.999993 -0.000514 -0.002979 0.999995 0.004246 0.012662 0.999911 0.000719 0.002506 0.999997 
0.001005 -0.000198 0.999999 -0.000457 0.000155 1.000000 0.000977 0.003620 0.999993 -0.000466 -0.002704 0.999996 0.004245 0.012653 0.999911 0.000585 0.002039 0.999998 
0.000952 -0.000188 1.000000 -0.000158 0.000054 1.000000 0.000984 0.003648 0.999993 -0.000423 -0.002456 0.999997 0.004255 0.012677 0.999911 0.000515 0.001794 0.999998 
0.000899 -0.000177 1.000000 -0.000103 0.000035 1.000000 0.000994 0.003685 0.999993 -0.000385 -0.002230 0.999997 0.004286 0.012766 0.999909 0.000470 0.001637 0.999999 
0.000856 -0.000169 1.000000 -0.000046 0.000016 1.000000 0.001004 0.003719 0.999993 -0.000350 -0.002028 0.999998 0.004316 0.012848 0.999908 0.000429 0.001495 0.999999 
0.000894 -0.000176 1.000000 0.000025 -0.000008 1.000000 0.001044 0.003868 0.999992 -0.000251 -0.001457 0.999999 0.004372 0.013003 0.999906 0.000390 0.001360 0.999999 
0.000882 -0.000174 1.000000 0.000090 -0.000031 1.000000 0.001053 0.003898 0.999992 -0.000231 -0.001340 0.999999 0.004414 0.013118 0.999904 0.000358 0.001249 0.999999 
0.000999 -0.000197 0.999999 0.000157 -0.000054 1.000000 0.001062 0.003932 0.999992 -0.000173 -0.001004 0.999999 0.004418 0.013124 0.999904 0.000325 0.001133 0.999999 
0.000969 -0.000191 1.000000 0.000188 -0.000064 1.000000 0.001060 0.003923 0.999992 -0.000160 -0.000931 1.000000 0.004418 0.013124 0.999904 0.000300 0.001047 0.999999 
0.000928 -0.000183 1.000000 0.000144 -0.000049 1.000000 0.001053 0.003900 0.999992 -0.000149 -0.000864 1.000000 0.004406 0.013087 0.999905 0.000281 0.000981 0.999999 
0.000869 -0.000171 1.000000 0.000083 -0.000028 1.000000 0.001048 0.003879 0.999992 -0.000138 -0.000800 1.000000 0.004395 0.013052 0.999905 0.000264 0.000921 1.000000 
0.000978 -0.000193 1.000000 0.000025 -0.000008 1.000000 0.001047 0.003878 0.999992 -0.000102 -0.000595 1.000000 0.004385 0.013024 0.999906 0.000252 0.000878 1.000000 
0.000908 -0.000179 1.000000 -0.000048 0.000016 1.000000 0.001042 0.003858 0.999992 -0.000096 -0.000558 1.000000 0.004376 0.012996 0.999906 0.000239 0.000832 1.000000 
0.000846 -0.000167 1.000000 -0.000115 0.000039 1.000000 0.001037 0.003839 0.999992 -0.000090 -0.000525 1.000000 0.004367 0.012968 0.999906 0.000227 0.000791 1.000000 
0.000791 -0.000156 1.000000 -0.000173 0.000059 1.000000 0.001033 0.003824 0.999992 -0.000085 -0.000493 1.000000 0.004360 0.012947 0.999907 0.000216 0.000754 1.000000 
0.000682 -0.000134 1.000000 -0.000222 0.000076 1.000000 0.001032 0.003819 0.999992 -0.000081 -0.000468 1.000000 0.004359 0.012946 0.999907 0.000203 0.000708 1.000000 
0.000903 -0.000178 1.000000 -0.000256 0.000087 1.000000 0.001016 0.003763 0.999992 -0.000109 -0.000634 1.000000 0.004350 0.012918 0.999907 0.000230 0.000802 1.000000 
0.001249 -0.000246 0.999999 -0.000303 0.000104 1.000000 0.001025 0.003796 0.999992 -0.000041 -0.000240 1.000000 0.004350 0.012916 0.999907 0.000227 0.000791 1.000000 
0.001160 -0.000228 0.999999 -0.000390 0.000133 1.000000 0.001021 0.003780 0.999992 -0.000041 -0.000237 1.000000 0.004343 0.012895 0.999907 0.000220 0.000767 1.000000 
0.001075 -0.000212 0.999999 -0.000475 0.000162 1.000000 0.001017 0.003766 0.999992 -0.000040 -0.000232 1.000000 0.004337 0.012877 0.999908 0.000215 0.000748 1.000000 
0.003870 -0.000763 0.999992 -0.000447 0.000153 1.000000 0.000968 0.003586 0.999993 -0.000191 -0.001108 0.999999 0.004309 0.012783 0.999909 0.000578 0.002019 0.999998 
0.003550 -0.000700 0.999993 -0.000600 0.000205 1.000000 0.000972 0.003599 0.999993 -0.000176 -0.001019 0.999999 0.004321 0.012820 0.999908 0.000546 0.001907 0.999998 
0.003259 -0.000643 0.999994 -0.000785 0.000269 1.000000 0.000972 0.003599 0.999993 -0.000162 -0.000942 1.000000 0.004324 0.012828 0.999908 0.000521 0.001818 0.999998 
0.002990 -0.000590 0.999995 -0.001015 0.000347 0.999999 0.000971 0.003598 0.999993 -0.000150 -0.000869 1.000000 0.004326 0.012834 0.999908 0.000503 0.001756 0.999998 
0.003620 -0.000714 0.999993 -0.001161 0.000397 0.999999 0.000948 0.003513 0.999993 -0.000270 -0.001564 0.999999 0.004319 0.012813 0.999909 0.000661 0.002311 0.999997 
0.003318 -0.000655 0.999994 -0.001366 0.000467 0.999999 0.000953 0.003531 0.999993 -0.000247 -0.001429 0.999999 0.004330 0.012846 0.999908 0.000633 0.002212 0.999997 
0.003040 -0.000600 0.999995 -0.001581 0.000541 0.999999 0.000958 0.003551 0.999993 -0.000225 -0.001307 0.999999 0.004345 0.012893 0.999907 0.000610 0.002132 0.999998 
0.002783 -0.000549 0.999996 -0.001801 0.000616 0.999998 0.000964 0.003571 0.999993 -0.000207 -0.001198 0.999999 0.004360 0.012937 0.999907 0.000593 0.002073 0.999998 
0.002558 -0.000505 0.999997 -0.002006 0.000685 0.999998 0.000970 0.003594 0.999993 -0.000190 -0.001102 0.999999 0.004377 0.012990 0.999906 0.000580 0.002025 0.999998 
0.002350 -0.000464 0.999997 -0.002195 0.000750 0.999997 0.000977 0.003619 0.999993 -0.000175 -0.001014 0.999999 0.004398 0.013051 0.999905 0.000567 0.001983 0.999998 
0.002159 -0.000426 0.999998 -0.002370 0.000810 0.999997 0.000983 0.003642 0.999993 -0.000161 -0.000932 1.000000 0.004418 0.013111 0.999904 0.000556 0.001944 0.999998 
0.001984 -0.000392 0.999998 -0.002530 0.000865 0.999996 0.000988 0.003662 0.999993 -0.000148 -0.000858 1.000000 0.004434 0.013159 0.999904 0.000546 0.001910 0.999998 
0.002008 -0.000396 0.999998 -0.002612 0.000893 0.999996 0.000979 0.003627 0.999993 -0.000185 -0.001071 0.999999 0.004435 0.013163 0.999904 0.000572 0.002000 0.999998 
0.002153 -0.000425 0.999998 -0.002653 0.000906 0.999996 0.001007 0.003731 0.999993 -0.000080 -0.000464 1.000000 0.004431 0.013153 0.999904 0.000555 0.001938 0.999998 
0.001986 -0.000392 0.999998 -0.002742 0.000937 0.999996 0.001009 0.003740 0.999992 -0.000074 -0.000432 1.000000 0.004443 0.013189 0.999903 0.000540 0.001889 0.999998 
0.005393 -0.001065 0.999985 -0.002403 0.000821 0.999997 0.000928 0.003444 0.999994 -0.000353 -0.002045 0.999998 0.004436 0.013178 0.999903 0.000974 0.003414 0.999994 
0.004967 -0.000981 0.999987 -0.002268 0.000774 0.999997 0.000913 0.003387 0.999994 -0.000528 -0.003060 0.999995 0.004410 0.013106 0.999904 0.001064 0.003730 0.999992 
0.004481 -0.000884 0.999990 -0.002230 0.000761 0.999997 0.000933 0.003464 0.999994 -0.000464 -0.002693 0.999996 0.004436 0.013188 0.999903 0.000976 0.003418 0.999994 
0.004069 -0.000803 0.999991 -0.002226 0.000759 0.999997 0.000949 0.003522 0.999993 -0.000421 -0.002439 0.999997 0.004465 0.013277 0.999902 0.000905 0.003173 0.999995 
0.003695 -0.000729 0.999993 -0.002214 0.000755 0.999997 0.000963 0.003575 0.999993 -0.000381 -0.002211 0.999997 0.004487 0.013341 0.999901 0.000845 0.002960 0.999995 
0.003342 -0.000659 0.999994 -0.002206 0.000753 0.999997 0.000979 0.003636 0.999993 -0.000335 -0.001944 0.999998 0.004516 0.013425 0.999900 0.000781 0.002735 0.999996 
0.003037 -0.000599 0.999995 -0.002207 0.000753 0.999997 0.000991 0.003679 0.999993 -0.000298 -0.001727 0.999998 0.004535 0.013483 0.999899 0.000726 0.002545 0.999996 
0.002788 -0.000550 0.999996 -0.002209 0.000754 0.999997 0.000997 0.003703 0.999993 -0.000272 -0.001577 0.999999 0.004546 0.013514 0.999898 0.000682 0.002390 0.999997 
0.003075 -0.000606 0.999995 -0.002131 0.000727 0.999997 0.000998 0.003708 0.999993 -0.000324 -0.001883 0.999998 0.004539 0.013497 0.999899 0.000764 0.002677 0.999996 
0.002817 -0.000555 0.999996 -0.002138 0.000729 0.999997 0.001005 0.003734 0.999993 -0.000295 -0.001716 0.999998 0.004553 0.013540 0.999898 0.000715 0.002506 0.999997 
0.003619 -0.000713 0.999993 -0.002119 0.000723 0.999997 0.001016 0.003776 0.999992 -0.000340 -0.001974 0.999998 0.004812 0.014305 0.999886 0.000733 0.002570 0.999996 
0.003309 -0.000652 0.999994 -0.002125 0.000725 0.999997 0.001026 0.003813 0.999992 -0.000310 -0.001800 0.999998 0.004821 0.014335 0.999886 0.000687 0.002408 0.999997 
0.003032 -0.000597 0.999995 -0.002147 0.000732 0.999997 0.001035 0.003846 0.999992 -0.000282 -0.001641 0.999999 0.004830 0.014362 0.999885 0.000647 0.002268 0.999997 
0.002982 -0.000587 0.999995 -0.002140 0.000730 0.999997 0.001028 0.003819 0.999992 -0.000313 -0.001820 0.999998 0.004827 0.014355 0.999885 0.000656 0.002300 0.999997 
0.002716 -0.000535 0.999996 -0.002153 0.000734 0.999997 0.001035 0.003848 0.999992 -0.000281 -0.001632 0.999999 0.004822 0.014343 0.999886 0.000616 0.002158 0.999997 
0.002453 -0.000482 0.999997 -0.002157 0.000735 0.999997 0.001045 0.003885 0.999992 -0.000240 -0.001396 0.999999 0.004815 0.014326 0.999886 0.000572 0.002005 0.999998 
0.002255 -0.000443 0.999997 -0.002227 0.000759 0.999997 0.001051 0.003908 0.999992 -0.000220 -0.001278 0.999999 0.004822 0.014349 0.999885 0.000548 0.001921 0.999998 
0.002079 -0.000409 0.999998 -0.002316 0.000789 0.999997 0.001055 0.003921 0.999992 -0.000201 -0.001168 0.999999 0.004821 0.014347 0.999885 0.000529 0.001853 0.999998 
0.001911 -0.000376 0.999998 -0.002416 0.000824 0.999997 0.001059 0.003935 0.999992 -0.000183 -0.001068 0.999999 0.004821 0.014346 0.999885 0.000513 0.001799 0.999998 
0.001764 -0.000347 0.999998 -0.002528 0.000862 0.999996 0.001062 0.003947 0.999992 -0.000169 -0.000982 1.000000 0.004821 0.014347 0.999885 0.000502 0.001761 0.999998 
0.003557 -0.000700 0.999993 -0.002548 0.000869 0.999996 0.001003 0.003729 0.999993 -0.000345 -0.002005 0.999998 0.004805 0.014297 0.999886 0.000753 0.002642 0.999996 
0.003244 -0.000639 0.999995 -0.002647 0.000902 0.999996 0.001013 0.003766 0.999992 -0.000313 -0.001820 0.999998 0.004809 0.014308 0.999886 0.000719 0.002523 0.999997 
0.002961 -0.000583 0.999995 -0.002736 0.000933 0.999996 0.001021 0.003797 0.999992 -0.000285 -0.001655 0.999999 0.004810 0.014312 0.999886 0.000688 0.002413 0.999997 
0.002702 -0.000532 0.999996 -0.002819 0.000961 0.999996 0.001028 0.003824 0.999992 -0.000259 -0.001504 0.999999 0.004809 0.014311 0.999886 0.000659 0.002314 0.999997 
0.002679 -0.000527 0.999996 -0.002884 0.000983 0.999995 0.001061 0.003944 0.999992 -0.000162 -0.000943 1.000000 0.004818 0.014338 0.999886 0.000637 0.002235 0.999997 
0.002463 -0.000485 0.999997 -0.002956 0.001008 0.999995 0.001072 0.003987 0.999991 -0.000150 -0.000871 1.000000 0.004856 0.014452 0.999884 0.000615 0.002159 0.999997 
0.002272 -0.000447 0.999997 -0.003030 0.001033 0.999995 0.001082 0.004024 0.999991 -0.000138 -0.000806 1.000000 0.004889 0.014549 0.999882 0.000597 0.002094 0.999998 
0.002090 -0.000411 0.999998 -0.003106 0.001058 0.999995 0.001091 0.004056 0.999991 -0.000128 -0.000745 1.000000 0.004915 0.014628 0.999881 0.000580 0.002037 0.999998 
0.001995 -0.000392 0.999998 -0.003133 0.001068 0.999995 0.001122 0.004171 0.999991 -0.000045 -0.000263 1.000000 0.004926 0.014660 0.999880 0.000555 0.001948 0.999998 
0.004183 -0.000823 0.999991 -0.003098 0.001056 0.999995 0.001016 0.003781 0.999992 -0.000337 -0.001964 0.999998 0.004903 0.014588 0.999882 0.000857 0.003011 0.999995 
0.004533 -0.000890 0.999989 -0.002956 0.001007 0.999995 0.001032 0.003843 0.999992 -0.000317 -0.001847 0.999998 0.004877 0.014519 0.999883 0.000910 0.003198 0.999994 
0.004110 -0.000807 0.999991 -0.002847 0.000969 0.999995 0.001045 0.003890 0.999992 -0.000274 -0.001596 0.999999 0.004876 0.014526 0.999883 0.000835 0.002936 0.999995 
0.003724 -0.000731 0.999993 -0.002787 0.000949 0.999996 0.001058 0.003941 0.999992 -0.000246 -0.001436 0.999999 0.004898 0.014596 0.999881 0.000777 0.002731 0.999996 
0.004084 -0.000801 0.999991 -0.002733 0.000930 0.999996 0.001100 0.004098 0.999991 -0.000097 -0.000567 1.000000 0.004936 0.014707 0.999880 0.000737 0.002592 0.999996 
0.004071 -0.000799 0.999991 -0.002652 0.000903 0.999996 0.001095 0.004081 0.999991 -0.000202 -0.001181 0.999999 0.004938 0.014712 0.999880 0.000821 0.002887 0.999995 
0.005992 -0.001175 0.999981 -0.002253 0.000767 0.999997 0.001062 0.003958 0.999992 -0.000285 -0.001664 0.999999 0.004896 0.014590 0.999882 0.001015 0.003574 0.999993 
0.005449 -0.001068 0.999985 -0.002164 0.000737 0.999997 0.001072 0.003997 0.999991 -0.000260 -0.001520 0.999999 0.004915 0.014645 0.999881 0.000934 0.003288 0.999994 
0.004960 -0.000972 0.999987 -0.002076 0.000707 0.999998 0.001083 0.004037 0.999991 -0.000238 -0.001389 0.999999 0.004939 0.014715 0.999880 0.000860 0.003027 0.999995 
0.006696 -0.001312 0.999977 -0.001948 0.000663 0.999998 0.001059 0.003951 0.999992 -0.000387 -0.002262 0.999997 0.005206 0.015501 0.999866 0.000989 0.003487 0.999993 
0.006074 -0.001190 0.999981 -0.001871 0.000637 0.999998 0.001078 0.004022 0.999991 -0.000351 -0.002050 0.999998 0.005226 0.015559 0.999865 0.000908 0.003202 0.999994 
0.005519 -0.001082 0.999984 -0.001661 0.000566 0.999998 0.001088 0.004056 0.999991 -0.000319 -0.001861 0.999998 0.005147 0.015323 0.999869 0.000855 0.003013 0.999995 
0.005844 -0.001144 0.999982 -0.001540 0.000525 0.999999 0.001148 0.004284 0.999990 -0.000119 -0.000695 1.000000 0.005199 0.015476 0.999867 0.000789 0.002782 0.999996 
0.005325 -0.001042 0.999985 -0.001460 0.000498 0.999999 0.001157 0.004316 0.999990 -0.000110 -0.000645 1.000000 0.005215 0.015521 0.999866 0.000725 0.002557 0.999996 
0.004865 -0.000951 0.999988 -0.001220 0.000416 0.999999 0.001180 0.004403 0.999990 -0.000051 -0.000301 1.000000 0.005133 0.015281 0.999870 0.000685 0.002415 0.999997 
0.004442 -0.000869 0.999990 -0.001191 0.000406 0.999999 0.001184 0.004419 0.999990 -0.000049 -0.000287 1.000000 0.005150 0.015331 0.999869 0.000633 0.002233 0.999997 
0.004057 -0.000793 0.999991 -0.001182 0.000403 0.999999 0.001184 0.004417 0.999990 -0.000047 -0.000277 1.000000 0.005147 0.015326 0.999869 0.000588 0.002072 0.999998 
0.003722 -0.000728 0.999993 -0.001220 0.000415 0.999999 0.001179 0.004402 0.999990 -0.000046 -0.000270 1.000000 0.005134 0.015289 0.999870 0.000551 0.001944 0.999998 
0.003409 -0.000667 0.999994 -0.001317 0.000448 0.999999 0.001175 0.004385 0.999990 -0.000044 -0.000260 1.000000 0.005121 0.015252 0.999871 0.000523 0.001842 0.999998 
0.002748 -0.000537 0.999996 -0.001439 0.000490 0.999999 0.001167 0.004355 0.999990 -0.000101 -0.000594 1.000000 0.005101 0.015194 0.999872 0.000513 0.001809 0.999998 
0.002527 -0.000494 0.999997 -0.001615 0.000550 0.999999 0.001163 0.004341 0.999990 -0.000095 -0.000555 1.000000 0.005092 0.015169 0.999872 0.000498 0.001756 0.999998 
0.002324 -0.000454 0.999997 -0.001795 0.000611 0.999998 0.001162 0.004337 0.999990 -0.000088 -0.000518 1.000000 0.005094 0.015175 0.999872 0.000487 0.001716 0.999998 
0.002134 -0.000417 0.999998 -0.001971 0.000671 0.999998 0.001163 0.004341 0.999990 -0.000083 -0.000484 1.000000 0.005102 0.015200 0.999871 0.000478 0.001685 0.999998 
0.001964 -0.000384 0.999998 -0.002129 0.000725 0.999997 0.001164 0.004345 0.999990 -0.000077 -0.000452 1.000000 0.005111 0.015225 0.999871 0.000471 0.001658 0.999999 
0.001819 -0.000355 0.999998 -0.002265 0.000771 0.999997 0.001165 0.004349 0.999990 -0.000073 -0.000426 1.000000 0.005118 0.015247 0.999871 0.000464 0.001635 0.999999 
0.001421 -0.000278 0.999999 -0.002372 0.000808 0.999997 0.001165 0.004347 0.999990 -0.000104 -0.000609 1.000000 0.005120 0.015253 0.999871 0.000462 0.001627 0.999999 
0.002334 -0.000456 0.999997 -0.002358 0.000803 0.999997 0.001137 0.004244 0.999990 -0.000165 -0.000965 1.000000 0.005116 0.015244 0.999871 0.000560 0.001973 0.999998 
0.001274 -0.000248 0.999999 -0.002420 0.000824 0.999997 0.001244 0.004643 0.999988 0.000115 0.000676 1.000000 0.005131 0.015293 0.999870 0.000406 0.001430 0.999999 
0.002312 -0.000451 0.999997 -0.002379 0.000809 0.999997 0.001184 0.004421 0.999990 -0.000123 -0.000725 1.000000 0.005120 0.015262 0.999870 0.000625 0.002202 0.999997 
0.002136 -0.000417 0.999998 -0.002427 0.000826 0.999997 0.001185 0.004425 0.999990 -0.000115 -0.000672 1.000000 0.005135 0.015309 0.999870 0.000596 0.002101 0.999998 
0.001987 -0.000388 0.999998 -0.002496 0.000849 0.999997 0.001185 0.004427 0.999990 -0.000107 -0.000629 1.000000 0.005148 0.015351 0.999869 0.000573 0.002021 0.999998 
0.001841 -0.000360 0.999998 -0.002584 0.000879 0.999996 0.001187 0.004432 0.999989 -0.000100 -0.000587 1.000000 0.005164 0.015398 0.999868 0.000555 0.001956 0.999998 
0.001844 -0.000360 0.999998 -0.002641 0.000898 0.999996 0.001181 0.004412 0.999990 -0.000110 -0.000645 1.000000 0.005167 0.015409 0.999868 0.000558 0.001966 0.999998 
0.003624 -0.000708 0.999993 -0.002681 0.000912 0.999996 0.001102 0.004117 0.999991 -0.000329 -0.001928 0.999998 0.005172 0.015426 0.999868 0.000793 0.002797 0.999996 
0.001834 -0.000356 0.999998 -0.002186 0.000742 0.999997 0.001126 0.004212 0.999990 -0.000392 -0.002318 0.999997 0.005115 0.015281 0.999870 0.000692 0.002436 0.999997 
0.001658 -0.000322 0.999999 -0.002101 0.000713 0.999998 0.001135 0.004245 0.999990 -0.000356 -0.002104 0.999998 0.005124 0.015321 0.999869 0.000639 0.002249 0.999997 
0.001531 -0.000297 0.999999 -0.002125 0.000721 0.999997 0.001148 0.004294 0.999990 -0.000307 -0.001818 0.999998 0.005146 0.015389 0.999868 0.000596 0.002099 0.999998 
0.001690 -0.000328 0.999999 -0.002166 0.000735 0.999997 0.001190 0.004454 0.999989 -0.000156 -0.000921 1.000000 0.005163 0.015442 0.999867 0.000554 0.001949 0.999998 
0.002041 -0.000396 0.999998 -0.002182 0.000740 0.999997 0.001163 0.004351 0.999990 -0.000276 -0.001634 0.999999 0.005194 0.015535 0.999866 0.000636 0.002241 0.999997 
0.001478 -0.000287 0.999999 -0.002201 0.000746 0.999997 0.001170 0.004379 0.999990 -0.000305 -0.001808 0.999998 0.005212 0.015592 0.999865 0.000613 0.002160 0.999997 
0.001372 -0.000266 0.999999 -0.002241 0.000760 0.999997 0.001174 0.004394 0.999990 -0.000278 -0.001647 0.999999 0.005221 0.015621 0.999864 0.000582 0.002051 0.999998 
0.000835 -0.000162 1.000000 -0.002215 0.000751 0.999997 0.001167 0.004369 0.999990 -0.000372 -0.002206 0.999997 0.005223 0.015630 0.999864 0.000599 0.002110 0.999998 
