0.047168 0.180018 0.000000
0.074345 0.044720 0.000000
0.062827 0.102061 0.000000
0.196937 -0.980416 -0.000000
0.000000 -0.000000 1.000000
-0.980416 -0.196937 -0.000000
0.260339 0.221873 0.000000
0.047168 0.180018 0.000000
0.152062 0.200613 0.000000
-0.981265 -0.192665 -0.000000
-0.000000 -0.000000 1.000000
-0.192665 0.981265 0.000000
0.074345 0.044720 0.000000
0.284267 0.087272 0.000000
0.178874 0.065909 0.000000
0.980068 0.198663 0.000000
-0.000000 -0.000000 1.000000
0.198663 -0.980068 0.000000
0.284267 0.087272 0.000000
0.260339 0.221873 0.000000
0.274519 0.142106 0.000000
-0.175025 0.984564 0.000000
0.000000 -0.000000 1.000000
0.984564 0.175025 0.000000
