-0.056009 0.482583 0.000000
-0.030246 0.347009 0.000000
-0.041449 0.405961 0.000000
0.186690 -0.982419 0.000000
-0.000000 0.000000 1.000000
-0.982419 -0.186690 -0.000000
0.157587 0.522210 0.000000
-0.056009 0.482583 0.000000
0.061806 0.504440 0.000000
-0.983223 -0.182410 0.000000
0.000000 0.000000 1.000000
-0.182410 0.983223 0.000000
-0.030246 0.347009 0.000000
0.180109 0.387367 0.000000
0.087204 0.369542 0.000000
0.982089 0.188420 -0.000000
0.000000 0.000000 1.000000
0.188420 -0.982089 0.000000
0.180109 0.387367 0.000000
0.157587 0.522210 0.000000
0.170636 0.444084 0.000000
-0.164737 0.986338 -0.000000
-0.000000 0.000000 1.000000
0.986338 0.164737 0.000000
