-0.000348 0.000836 1.000000 -0.003318 -0.001364 0.999994 -0.003268 -0.001429 0.999994 -0.000335 0.000818 1.000000 
-0.000312 0.000750 1.000000 -0.002991 -0.001229 0.999995 -0.002946 -0.001288 0.999995 -0.000300 0.000733 1.000000 
0.000093 -0.000224 1.000000 -0.002263 -0.000930 0.999997 -0.002246 -0.000982 0.999997 0.000097 -0.000238 1.000000 
0.000607 -0.001460 0.999999 -0.000465 -0.000191 1.000000 -0.000493 -0.000215 1.000000 0.000599 -0.001467 0.999999 
0.000220 -0.000529 1.000000 0.000143 0.000059 1.000000 0.000130 0.000057 1.000000 0.000216 -0.000530 1.000000 
0.000851 -0.002050 0.999998 0.001908 0.000783 0.999998 0.001845 0.000805 0.999998 0.000834 -0.002043 0.999998 
0.000715 -0.001721 0.999998 0.002717 0.001114 0.999996 0.002653 0.001157 0.999996 0.000697 -0.001709 0.999998 
0.001163 -0.002804 0.999995 0.001493 0.000612 0.999999 0.001417 0.000618 0.999999 0.001142 -0.002802 0.999995 
0.002568 -0.006192 0.999978 0.004371 0.001790 0.999989 0.004193 0.001827 0.999990 0.002519 -0.006181 0.999978 
0.002587 -0.006242 0.999977 0.004943 0.002024 0.999986 0.004757 0.002073 0.999987 0.002537 -0.006227 0.999977 
0.002293 -0.005530 0.999982 0.005560 0.002277 0.999982 0.005384 0.002346 0.999983 0.002245 -0.005510 0.999982 
0.001703 -0.004108 0.999990 0.005248 0.002150 0.999984 0.005107 0.002226 0.999984 0.001665 -0.004086 0.999990 
0.001532 -0.003694 0.999992 0.005902 0.002418 0.999980 0.005764 0.002513 0.999980 0.001495 -0.003667 0.999992 
0.001381 -0.003332 0.999993 0.008622 0.003532 0.999957 0.008466 0.003690 0.999957 0.001340 -0.003287 0.999994 
0.001249 -0.003013 0.999995 0.012342 0.005055 0.999911 0.012158 0.005300 0.999912 0.001200 -0.002945 0.999995 
0.001135 -0.002737 0.999996 0.016238 0.006651 0.999846 0.016023 0.006984 0.999847 0.001078 -0.002645 0.999996 
0.001040 -0.002508 0.999996 0.020022 0.008201 0.999766 0.019776 0.008620 0.999767 0.000975 -0.002392 0.999997 
0.000955 -0.002303 0.999997 0.023693 0.009705 0.999672 0.023416 0.010207 0.999674 0.000882 -0.002163 0.999997 
0.000878 -0.002117 0.999997 0.027093 0.011098 0.999571 0.026788 0.011677 0.999573 0.000797 -0.001957 0.999998 
0.000808 -0.001949 0.999998 0.030212 0.012375 0.999467 0.029881 0.013025 0.999469 0.000721 -0.001769 0.999998 
0.000741 -0.001787 0.999998 0.033073 0.013547 0.999361 0.032718 0.014262 0.999363 0.000648 -0.001589 0.999999 
0.000677 -0.001633 0.999998 0.035742 0.014640 0.999254 0.035365 0.015416 0.999256 0.000578 -0.001418 0.999999 
0.000603 -0.001455 0.999999 0.029970 0.012278 0.999475 0.029652 0.012927 0.999477 0.000520 -0.001275 0.999999 
0.000537 -0.001296 0.999999 0.026032 0.010664 0.999604 0.025755 0.011228 0.999605 0.000465 -0.001140 0.999999 
0.000482 -0.001163 0.999999 0.024971 0.010229 0.999636 0.024707 0.010771 0.999637 0.000413 -0.001013 0.999999 
0.000438 -0.001056 0.999999 0.027911 0.011434 0.999545 0.027621 0.012041 0.999546 0.000362 -0.000887 1.000000 
0.000397 -0.000957 0.999999 0.029321 0.012011 0.999498 0.029020 0.012651 0.999499 0.000318 -0.000780 1.000000 
0.000413 -0.000995 0.999999 0.014265 0.005844 0.999881 0.014107 0.006151 0.999882 0.000371 -0.000910 1.000000 
0.000075 -0.000182 1.000000 0.003827 0.001560 0.999991 0.003787 0.001643 0.999991 0.000065 -0.000159 1.000000 
0.000070 -0.000169 1.000000 0.008973 0.003657 0.999953 0.008884 0.003854 0.999953 0.000047 -0.000115 1.000000 
0.000057 -0.000137 1.000000 0.019201 0.007827 0.999785 0.019016 0.008250 0.999785 0.000008 -0.000020 1.000000 
0.000057 -0.000139 1.000000 0.028815 0.011745 0.999516 0.028539 0.012382 0.999516 -0.000015 0.000037 1.000000 
0.000099 -0.000240 1.000000 0.009014 0.003669 0.999953 0.008924 0.003866 0.999953 0.000075 -0.000185 1.000000 
0.000933 -0.002284 0.999997 -0.174332 0.160860 0.971459 -0.015136 -0.016525 0.999749 -0.124234 0.005293 0.992239 0.003114 0.001360 0.999994 -0.031591 0.002589 0.999498 
-0.000674 0.001617 0.999998 -0.147571 0.144842 0.978388 -0.000915 -0.000929 0.999999 -0.091149 0.007101 0.995812 0.006008 0.002676 0.999978 -0.004934 0.000581 0.999988 
-0.001659 0.003826 0.999991 -0.094323 0.091413 0.991336 0.000265 0.000272 1.000000 -0.056462 0.004602 0.998394 0.006181 0.002859 0.999977 -0.003372 0.000404 0.999994 
-0.002192 0.004922 0.999985 -0.069023 0.064488 0.995529 0.001073 0.001144 0.999999 -0.039548 0.003180 0.999213 0.005504 0.002611 0.999981 -0.002579 0.000312 0.999997 
-0.000940 0.002104 0.999997 -0.051158 0.046694 0.997598 -0.000056 -0.000061 1.000000 -0.029358 0.002311 0.999566 0.004626 0.002202 0.999987 -0.002209 0.000267 0.999998 
-0.000639 0.001434 0.999999 -0.039710 0.035690 0.998574 -0.001709 -0.001895 0.999997 -0.022504 0.001733 0.999745 0.003113 0.001477 0.999994 -0.002212 0.000265 0.999998 
-0.000001 0.000002 1.000000 -0.038531 0.034384 0.998666 -0.001761 -0.001967 0.999997 -0.022391 0.001699 0.999748 0.002046 0.000967 0.999997 -0.001824 0.000218 0.999998 
0.000130 -0.000296 1.000000 -0.043500 0.038621 0.998307 -0.002125 -0.002386 0.999995 -0.025253 0.001882 0.999679 0.001777 0.000833 0.999998 -0.001811 0.000214 0.999998 
0.000115 -0.000262 1.000000 -0.049701 0.043851 0.997801 -0.002563 -0.002896 0.999993 -0.028847 0.002117 0.999582 0.001591 0.000746 0.999998 -0.002099 0.000247 0.999998 
0.000551 -0.001254 0.999999 -0.053193 0.046433 0.997504 -0.001492 -0.001704 0.999997 -0.031690 0.002287 0.999495 -0.000510 -0.000239 1.000000 -0.001161 0.000137 0.999999 
0.000494 -0.001124 0.999999 -0.053758 0.046550 0.997468 0.000932 0.001072 0.999999 -0.032917 0.002360 0.999455 -0.000477 -0.000224 1.000000 -0.000817 0.000097 1.000000 
-0.000695 0.001580 0.999999 -0.052903 0.045642 0.997556 0.003447 0.003979 0.999986 -0.033670 0.002360 0.999430 -0.001650 -0.000774 0.999998 -0.001743 0.000206 0.999998 
-0.000549 0.001248 0.999999 -0.051134 0.044058 0.997720 0.005063 0.005849 0.999970 -0.035177 0.002379 0.999378 -0.001696 -0.000796 0.999998 -0.003454 0.000401 0.999994 
-0.000612 0.001387 0.999999 -0.050967 0.043947 0.997733 0.005097 0.005884 0.999970 -0.037985 0.002429 0.999275 -0.003815 -0.001793 0.999991 -0.006131 0.000684 0.999981 
-0.001148 0.002597 0.999996 -0.052208 0.045081 0.997618 0.004491 0.005178 0.999977 -0.040873 0.002464 0.999161 -0.005375 -0.002532 0.999982 -0.009265 0.000989 0.999957 
-0.002263 0.005109 0.999984 -0.053622 0.046340 0.997485 0.004049 0.004664 0.999981 -0.042981 0.002457 0.999073 -0.007495 -0.003538 0.999966 -0.011834 0.001214 0.999929 
-0.002050 0.004628 0.999987 -0.054624 0.047291 0.997387 0.004102 0.004716 0.999980 -0.044380 0.002468 0.999012 -0.006811 -0.003215 0.999972 -0.012796 0.001284 0.999917 
-0.001854 0.004186 0.999990 -0.055463 0.048085 0.997302 0.004698 0.005394 0.999974 -0.044970 0.002488 0.998985 -0.006161 -0.002909 0.999977 -0.012554 0.001253 0.999920 
-0.001677 0.003786 0.999991 -0.056060 0.048640 0.997242 0.006013 0.006896 0.999958 -0.044836 0.002520 0.998991 -0.005573 -0.002631 0.999981 -0.011148 0.001125 0.999937 
-0.001517 0.003425 0.999993 -0.056357 0.048894 0.997213 0.007870 0.009023 0.999928 -0.043988 0.002544 0.999029 -0.005035 -0.002377 0.999985 -0.008750 0.000902 0.999961 
-0.001374 0.003103 0.999994 -0.056333 0.048857 0.997216 0.009917 0.011368 0.999886 -0.042559 0.002538 0.999091 -0.004541 -0.002144 0.999987 -0.005760 0.000608 0.999983 
-0.004686 0.010537 0.999934 -0.056258 0.048805 0.997223 0.011976 0.013718 0.999834 -0.039664 0.002386 0.999210 -0.005934 -0.002812 0.999978 -0.004991 0.000531 0.999987 
-0.004215 0.009479 0.999946 -0.052077 0.045205 0.997619 0.011285 0.012924 0.999853 -0.036493 0.002213 0.999331 -0.005264 -0.002495 0.999983 -0.004129 0.000441 0.999991 
-0.003802 0.008550 0.999956 -0.048773 0.042490 0.997906 0.010803 0.012330 0.999866 -0.034340 0.002098 0.999408 -0.004695 -0.002225 0.999987 -0.003746 0.000400 0.999993 
-0.004001 0.009006 0.999951 -0.046212 0.040457 0.998112 0.010343 0.011750 0.999877 -0.032493 0.001983 0.999470 -0.002067 -0.000978 0.999997 -0.004889 0.000518 0.999988 
-0.003616 0.008140 0.999960 -0.044946 0.039462 0.998210 0.010267 0.011631 0.999880 -0.031739 0.001946 0.999494 -0.001842 -0.000872 0.999998 -0.004424 0.000469 0.999990 
-0.004292 0.009676 0.999944 -0.043876 0.038614 0.998290 0.009962 0.011260 0.999887 -0.030854 0.001881 0.999522 -0.001319 -0.000624 0.999999 -0.005437 0.000572 0.999985 
-0.003646 0.008229 0.999959 -0.043243 0.038072 0.998339 0.009729 0.010992 0.999892 -0.030721 0.001875 0.999526 -0.001775 -0.000838 0.999998 -0.004773 0.000502 0.999988 
-0.003177 0.007171 0.999969 -0.042627 0.037520 0.998386 0.009430 0.010658 0.999899 -0.030287 0.001848 0.999540 -0.001626 -0.000768 0.999998 -0.004260 0.000448 0.999991 
-0.003182 0.007191 0.999969 -0.041947 0.036912 0.998438 0.009067 0.010251 0.999906 -0.029464 0.001794 0.999564 -0.000860 -0.000406 1.000000 -0.004277 0.000449 0.999991 
-0.002865 0.006473 0.999975 -0.041391 0.036411 0.998479 0.008697 0.009838 0.999914 -0.028972 0.001764 0.999579 -0.000781 -0.000369 1.000000 -0.003869 0.000406 0.999992 
-0.002670 0.006035 0.999978 -0.040870 0.035952 0.998517 0.008274 0.009359 0.999922 -0.028417 0.001729 0.999595 -0.000542 -0.000256 1.000000 -0.003624 0.000380 0.999993 
-0.002662 0.006023 0.999978 -0.040139 0.035333 0.998569 0.007770 0.008784 0.999931 -0.027678 0.001680 0.999615 0.000343 0.000161 1.000000 -0.003878 0.000406 0.999992 
-0.002439 0.005523 0.999982 -0.039470 0.034781 0.998615 0.007042 0.007954 0.999944 -0.027667 0.001674 0.999616 -0.001651 -0.000777 0.999998 -0.003630 0.000378 0.999993 
-0.002210 0.005005 0.999985 -0.039008 0.034379 0.998647 0.006466 0.007304 0.999952 -0.027078 0.001639 0.999632 -0.001514 -0.000713 0.999999 -0.003282 0.000342 0.999995 
-0.002449 0.005546 0.999982 -0.038396 0.033864 0.998689 0.005874 0.006630 0.999961 -0.026397 0.001598 0.999650 -0.002278 -0.001072 0.999997 -0.003232 0.000336 0.999995 
-0.002219 0.005027 0.999985 -0.037677 0.033249 0.998737 0.005328 0.006012 0.999968 -0.025689 0.001557 0.999669 -0.002095 -0.000985 0.999997 -0.002927 0.000305 0.999996 
-0.002007 0.004547 0.999988 -0.036766 0.032465 0.998796 0.004813 0.005427 0.999974 -0.024876 0.001510 0.999689 -0.001904 -0.000896 0.999998 -0.002647 0.000276 0.999996 
-0.001817 0.004117 0.999990 -0.035770 0.031605 0.998860 0.004312 0.004860 0.999979 -0.024052 0.001463 0.999710 -0.001744 -0.000821 0.999998 -0.002430 0.000253 0.999997 
-0.002321 0.005263 0.999983 -0.034731 0.030713 0.998925 0.003768 0.004244 0.999984 -0.022988 0.001392 0.999735 -0.001323 -0.000622 0.999999 -0.003075 0.000319 0.999995 
-0.002529 0.005737 0.999980 -0.033774 0.029894 0.998982 0.003255 0.003663 0.999988 -0.022198 0.001343 0.999753 -0.001509 -0.000709 0.999999 -0.003308 0.000342 0.999994 
-0.002270 0.005150 0.999984 -0.032908 0.029143 0.999033 0.002799 0.003148 0.999991 -0.021529 0.001304 0.999767 -0.001365 -0.000641 0.999999 -0.003060 0.000317 0.999995 
-0.002333 0.005295 0.999983 -0.032020 0.028378 0.999084 0.002324 0.002612 0.999994 -0.020790 0.001258 0.999783 -0.001315 -0.000618 0.999999 -0.003174 0.000328 0.999995 
-0.002088 0.004739 0.999987 -0.031277 0.027732 0.999126 0.001915 0.002152 0.999996 -0.020218 0.001225 0.999795 -0.001188 -0.000558 0.999999 -0.002943 0.000304 0.999996 
-0.002701 0.006140 0.999978 -0.030214 0.026817 0.999184 0.001419 0.001592 0.999998 -0.019054 0.001142 0.999818 0.000890 0.000417 1.000000 -0.004304 0.000440 0.999991 
-0.002318 0.005271 0.999983 -0.029776 0.026435 0.999207 0.000932 0.001046 0.999999 -0.018825 0.001129 0.999822 0.000321 0.000151 1.000000 -0.003835 0.000392 0.999993 
-0.002090 0.004751 0.999987 -0.029309 0.026030 0.999231 0.000510 0.000572 1.000000 -0.018429 0.001106 0.999830 0.000225 0.000105 1.000000 -0.003553 0.000363 0.999994 
-0.002482 0.005644 0.999981 -0.028639 0.025442 0.999266 0.000311 0.000349 1.000000 -0.017968 0.001076 0.999838 -0.001102 -0.000517 0.999999 -0.003612 0.000369 0.999993 
-0.002216 0.005039 0.999985 -0.028119 0.024981 0.999292 0.000299 0.000335 1.000000 -0.017674 0.001059 0.999843 -0.000980 -0.000459 0.999999 -0.003312 0.000338 0.999994 
-0.002224 0.005059 0.999985 -0.027612 0.024537 0.999318 0.000280 0.000314 1.000000 -0.017299 0.001033 0.999850 -0.000629 -0.000295 1.000000 -0.003392 0.000345 0.999994 
-0.001793 0.004082 0.999990 -0.027357 0.024320 0.999330 0.000377 0.000422 1.000000 -0.017348 0.001036 0.999849 -0.000822 -0.000385 1.000000 -0.002891 0.000294 0.999996 
-0.001539 0.003505 0.999993 -0.026986 0.023993 0.999348 0.000335 0.000375 1.000000 -0.017189 0.001026 0.999852 -0.000812 -0.000380 1.000000 -0.002634 0.000268 0.999996 
-0.001392 0.003169 0.999994 -0.026707 0.023746 0.999361 0.000311 0.000348 1.000000 -0.016993 0.001014 0.999855 -0.000768 -0.000360 1.000000 -0.002418 0.000246 0.999997 
-0.001917 0.004364 0.999989 -0.026396 0.023472 0.999376 0.000279 0.000313 1.000000 -0.016907 0.001007 0.999857 -0.002713 -0.001271 0.999996 -0.002518 0.000256 0.999997 
-0.001346 0.003066 0.999994 -0.025924 0.023068 0.999398 0.000027 0.000030 1.000000 -0.016856 0.001002 0.999857 -0.002463 -0.001153 0.999996 -0.002236 0.000226 0.999997 
-0.001218 0.002774 0.999995 -0.025686 0.022857 0.999409 0.000036 0.000040 1.000000 -0.016656 0.000990 0.999861 -0.002256 -0.001056 0.999997 -0.002059 0.000208 0.999998 
-0.001101 0.002507 0.999996 -0.025471 0.022665 0.999419 0.000039 0.000044 1.000000 -0.016475 0.000979 0.999864 -0.002075 -0.000971 0.999997 -0.001897 0.000192 0.999998 
-0.000837 0.001907 0.999998 -0.025277 0.022494 0.999427 0.000036 0.000041 1.000000 -0.016474 0.000979 0.999864 -0.002086 -0.000976 0.999997 -0.001661 0.000168 0.999999 
-0.000758 0.001727 0.999998 -0.025122 0.022356 0.999434 0.000053 0.000059 1.000000 -0.016326 0.000970 0.999866 -0.001932 -0.000904 0.999998 -0.001532 0.000155 0.999999 
-0.000859 0.001957 0.999998 -0.024906 0.022166 0.999444 0.000048 0.000054 1.000000 -0.016268 0.000964 0.999867 -0.002294 -0.001073 0.999997 -0.001624 0.000164 0.999999 
-0.000884 0.002013 0.999998 -0.024720 0.022002 0.999452 0.000051 0.000057 1.000000 -0.016081 0.000953 0.999870 -0.002212 -0.001035 0.999997 -0.001597 0.000161 0.999999 
-0.000799 0.001822 0.999998 -0.024557 0.021858 0.999459 0.000062 0.000069 1.000000 -0.015930 0.000944 0.999873 -0.002035 -0.000952 0.999997 -0.001474 0.000149 0.999999 
-0.000722 0.001646 0.999998 -0.024410 0.021727 0.999466 0.000067 0.000075 1.000000 -0.015794 0.000936 0.999875 -0.001880 -0.000879 0.999998 -0.001364 0.000138 0.999999 
-0.000653 0.001487 0.999999 -0.024275 0.021608 0.999472 0.000062 0.000070 1.000000 -0.015669 0.000929 0.999877 -0.001743 -0.000815 0.999998 -0.001267 0.000128 0.999999 
-0.000589 0.001343 0.999999 -0.024154 0.021500 0.999477 0.000065 0.000073 1.000000 -0.015558 0.000922 0.999879 -0.001617 -0.000757 0.999998 -0.001177 0.000119 0.999999 
-0.000533 0.001214 0.999999 -0.024044 0.021402 0.999482 0.000067 0.000075 1.000000 -0.015455 0.000916 0.999880 -0.001499 -0.000701 0.999999 -0.001096 0.000111 0.999999 
-0.000482 0.001099 0.999999 -0.023946 0.021315 0.999486 0.000072 0.000081 1.000000 -0.015365 0.000911 0.999882 -0.001399 -0.000655 0.999999 -0.001022 0.000103 0.999999 
-0.000436 0.000995 0.999999 -0.023857 0.021236 0.999490 0.000072 0.000081 1.000000 -0.015282 0.000906 0.999883 -0.001306 -0.000611 0.999999 -0.000956 0.000097 1.000000 
-0.000395 0.000900 1.000000 -0.023776 0.021165 0.999493 0.000075 0.000084 1.000000 -0.015206 0.000901 0.999884 -0.001218 -0.000570 0.999999 -0.000897 0.000091 1.000000 
-0.000064 0.000145 1.000000 -0.023675 0.021075 0.999498 0.000068 0.000076 1.000000 -0.015417 0.000914 0.999881 -0.001547 -0.000724 0.999999 -0.000631 0.000064 1.000000 
-0.000071 0.000161 1.000000 -0.023599 0.021015 0.999501 -0.000042 -0.000047 1.000000 -0.015333 0.000908 0.999882 -0.001484 -0.000694 0.999999 -0.000679 0.000068 1.000000 
-0.000065 0.000149 1.000000 -0.023571 0.020990 0.999502 -0.000015 -0.000017 1.000000 -0.015274 0.000905 0.999883 -0.001383 -0.000646 0.999999 -0.000644 0.000065 1.000000 
-0.000062 0.000141 1.000000 -0.023518 0.020947 0.999504 0.000029 0.000033 1.000000 -0.015229 0.000901 0.999884 -0.001289 -0.000603 0.999999 -0.000635 0.000064 1.000000 
-0.000059 0.000135 1.000000 -0.023497 0.020928 0.999505 0.000054 0.000061 1.000000 -0.015179 0.000898 0.999884 -0.001200 -0.000561 0.999999 -0.000606 0.000061 1.000000 
-0.000055 0.000126 1.000000 -0.023476 0.020909 0.999506 0.000080 0.000089 1.000000 -0.015134 0.000895 0.999885 -0.001124 -0.000525 0.999999 -0.000576 0.000058 1.000000 
-0.000053 0.000120 1.000000 -0.023457 0.020894 0.999506 0.000096 0.000107 1.000000 -0.015151 0.000896 0.999885 -0.001371 -0.000641 0.999999 -0.000496 0.000050 1.000000 
-0.000271 0.000618 1.000000 -0.023416 0.020862 0.999508 0.000265 0.000297 1.000000 -0.015167 0.000896 0.999885 -0.001673 -0.000782 0.999998 -0.000641 0.000064 1.000000 
-0.000338 0.000771 1.000000 -0.023358 0.020813 0.999510 0.000254 0.000284 1.000000 -0.015178 0.000895 0.999884 -0.001908 -0.000892 0.999998 -0.000705 0.000071 1.000000 
-0.000305 0.000696 1.000000 -0.023287 0.020751 0.999513 0.000249 0.000278 1.000000 -0.015093 0.000890 0.999886 -0.001763 -0.000824 0.999998 -0.000666 0.000067 1.000000 
-0.000274 0.000625 1.000000 -0.023179 0.020662 0.999518 0.000115 0.000129 1.000000 -0.014990 0.000883 0.999887 -0.001629 -0.000761 0.999998 -0.000701 0.000070 1.000000 
-0.000532 0.001215 0.999999 -0.023114 0.020606 0.999520 0.000103 0.000115 1.000000 -0.014863 0.000874 0.999889 -0.001719 -0.000803 0.999998 -0.000934 0.000094 1.000000 
-0.000480 0.001096 0.999999 -0.023020 0.020523 0.999524 0.000096 0.000107 1.000000 -0.014777 0.000869 0.999890 -0.001587 -0.000741 0.999998 -0.000878 0.000088 1.000000 
-0.000432 0.000986 0.999999 -0.022922 0.020437 0.999528 0.000067 0.000075 1.000000 -0.014691 0.000864 0.999892 -0.001462 -0.000683 0.999999 -0.000844 0.000084 1.000000 
-0.000164 0.000375 1.000000 -0.022838 0.020364 0.999532 0.000062 0.000070 1.000000 -0.014849 0.000873 0.999889 -0.001643 -0.000767 0.999998 -0.000647 0.000065 1.000000 
-0.000149 0.000339 1.000000 -0.022823 0.020353 0.999532 0.000058 0.000064 1.000000 -0.014799 0.000870 0.999890 -0.001540 -0.000719 0.999999 -0.000616 0.000062 1.000000 
-0.000134 0.000305 1.000000 -0.022781 0.020316 0.999534 0.000057 0.000063 1.000000 -0.014736 0.000867 0.999891 -0.001436 -0.000671 0.999999 -0.000588 0.000059 1.000000 
-0.000120 0.000275 1.000000 -0.022745 0.020285 0.999535 0.000058 0.000065 1.000000 -0.014680 0.000864 0.999892 -0.001350 -0.000631 0.999999 -0.000561 0.000056 1.000000 
-0.000109 0.000249 1.000000 -0.022713 0.020256 0.999537 0.000067 0.000075 1.000000 -0.014632 0.000861 0.999893 -0.001272 -0.000594 0.999999 -0.000535 0.000054 1.000000 
-0.000272 0.000620 1.000000 -0.022697 0.020244 0.999537 0.000061 0.000068 1.000000 -0.014566 0.000856 0.999894 -0.001363 -0.000637 0.999999 -0.000665 0.000067 1.000000 
-0.000245 0.000560 1.000000 -0.022665 0.020216 0.999539 0.000060 0.000067 1.000000 -0.014522 0.000854 0.999894 -0.001275 -0.000596 0.999999 -0.000631 0.000063 1.000000 
-0.000223 0.000510 1.000000 -0.022617 0.020174 0.999541 0.000063 0.000070 1.000000 -0.014471 0.000851 0.999895 -0.001198 -0.000560 0.999999 -0.000601 0.000060 1.000000 
-0.000780 0.001780 0.999998 -0.022579 0.020143 0.999542 0.000058 0.000065 1.000000 -0.014323 0.000839 0.999897 -0.001685 -0.000787 0.999998 -0.001049 0.000105 0.999999 
-0.000703 0.001603 0.999998 -0.022607 0.020173 0.999541 0.000067 0.000074 1.000000 -0.014363 0.000839 0.999896 -0.001554 -0.000726 0.999999 -0.001012 0.000101 0.999999 
-0.000629 0.001436 0.999999 -0.022552 0.020126 0.999543 0.000036 0.000040 1.000000 -0.014310 0.000836 0.999897 -0.001358 -0.000634 0.999999 -0.000979 0.000097 1.000000 
-0.000570 0.001300 0.999999 -0.022454 0.020038 0.999547 0.000028 0.000032 1.000000 -0.014238 0.000832 0.999898 -0.001266 -0.000591 0.999999 -0.000919 0.000091 1.000000 
-0.000516 0.001178 0.999999 -0.022357 0.019953 0.999551 0.000018 0.000020 1.000000 -0.014168 0.000828 0.999899 -0.001182 -0.000552 0.999999 -0.000867 0.000086 1.000000 
-0.000466 0.001064 0.999999 -0.022267 0.019873 0.999555 0.000017 0.000019 1.000000 -0.014105 0.000824 0.999900 -0.001102 -0.000515 0.999999 -0.000817 0.000081 1.000000 
-0.000423 0.000965 0.999999 -0.022191 0.019806 0.999558 0.000010 0.000011 1.000000 -0.014049 0.000821 0.999901 -0.001036 -0.000484 0.999999 -0.000773 0.000077 1.000000 
-0.000263 0.000600 1.000000 -0.022186 0.019808 0.999558 0.000008 0.000009 1.000000 -0.014187 0.000827 0.999899 -0.001086 -0.000507 0.999999 -0.000697 0.000069 1.000000 
-0.000239 0.000545 1.000000 -0.022156 0.019783 0.999559 -0.000010 -0.000011 1.000000 -0.014147 0.000825 0.999900 -0.001035 -0.000483 0.999999 -0.000664 0.000066 1.000000 
-0.000217 0.000496 1.000000 -0.022112 0.019746 0.999560 -0.000024 -0.000027 1.000000 -0.014099 0.000822 0.999900 -0.000981 -0.000458 0.999999 -0.000635 0.000063 1.000000 
0.000101 -0.000232 1.000000 -0.022089 0.019732 0.999561 -0.000056 -0.000062 1.000000 -0.014718 0.000861 0.999891 -0.002957 -0.001379 0.999995 -0.000177 0.000018 1.000000 
-0.000625 0.001430 0.999999 -0.022249 0.019891 0.999555 -0.000022 -0.000024 1.000000 -0.014845 0.000863 0.999889 -0.004231 -0.001973 0.999989 -0.000715 0.000071 1.000000 
-0.000563 0.001288 0.999999 -0.023493 0.021019 0.999503 -0.000130 -0.000144 1.000000 -0.015159 0.000882 0.999885 -0.003847 -0.001794 0.999991 -0.000263 0.000026 1.000000 
-0.000141 0.000321 1.000000 -0.023619 0.021136 0.999498 -0.000142 -0.000159 1.000000 -0.015671 0.000914 0.999877 -0.004585 -0.002138 0.999987 0.000101 -0.000010 1.000000 
-0.001875 0.004285 0.999989 -0.023616 0.021138 0.999498 -0.000152 -0.000169 1.000000 -0.014694 0.000844 0.999892 -0.002851 -0.001330 0.999995 -0.001901 0.000186 0.999998 
-0.001673 0.003823 0.999991 -0.023609 0.021132 0.999498 -0.000157 -0.000175 1.000000 -0.014729 0.000845 0.999891 -0.002582 -0.001205 0.999996 -0.001769 0.000173 0.999998 
-0.001154 0.002636 0.999996 -0.023506 0.021041 0.999502 -0.000163 -0.000181 1.000000 -0.015128 0.000869 0.999885 -0.003368 -0.001571 0.999993 -0.001278 0.000125 0.999999 
-0.001043 0.002384 0.999997 -0.023400 0.020947 0.999507 -0.000164 -0.000183 1.000000 -0.015032 0.000864 0.999887 -0.003086 -0.001440 0.999994 -0.001194 0.000117 0.999999 
-0.000943 0.002155 0.999997 -0.023291 0.020849 0.999511 -0.000171 -0.000190 1.000000 -0.014936 0.000858 0.999888 -0.002832 -0.001321 0.999995 -0.001118 0.000110 0.999999 
-0.000438 0.001002 0.999999 -0.023075 0.020670 0.999520 -0.000273 -0.000303 1.000000 -0.015206 0.000874 0.999884 -0.003190 -0.001487 0.999994 -0.000797 0.000078 1.000000 
-0.000396 0.000906 1.000000 -0.022982 0.020587 0.999524 -0.000267 -0.000297 1.000000 -0.015084 0.000868 0.999886 -0.002929 -0.001366 0.999995 -0.000757 0.000074 1.000000 
-0.000357 0.000818 1.000000 -0.022891 0.020506 0.999528 -0.000263 -0.000292 1.000000 -0.014970 0.000861 0.999888 -0.002697 -0.001257 0.999996 -0.000720 0.000071 1.000000 
-0.000323 0.000739 1.000000 -0.022810 0.020433 0.999531 -0.000260 -0.000289 1.000000 -0.014867 0.000855 0.999889 -0.002490 -0.001161 0.999996 -0.000686 0.000067 1.000000 
-0.000292 0.000667 1.000000 -0.022728 0.020362 0.999534 -0.000272 -0.000302 1.000000 -0.014773 0.000849 0.999891 -0.002300 -0.001072 0.999997 -0.000667 0.000065 1.000000 
-0.000057 0.000130 1.000000 -0.022636 0.020282 0.999538 -0.000250 -0.000278 1.000000 -0.015058 0.000867 0.999886 -0.003295 -0.001536 0.999993 -0.000333 0.000033 1.000000 
-0.000052 0.000120 1.000000 -0.022619 0.020267 0.999539 -0.000247 -0.000275 1.000000 -0.014974 0.000862 0.999888 -0.003030 -0.001413 0.999994 -0.000340 0.000033 1.000000 
-0.000048 0.000111 1.000000 -0.022585 0.020237 0.999540 -0.000236 -0.000262 1.000000 -0.014888 0.000857 0.999889 -0.002791 -0.001301 0.999995 -0.000342 0.000034 1.000000 
-0.000044 0.000101 1.000000 -0.022643 0.020294 0.999538 -0.000345 -0.000384 1.000000 -0.014814 0.000851 0.999890 -0.002574 -0.001200 0.999996 -0.000346 0.000034 1.000000 
-0.000040 0.000091 1.000000 -0.022613 0.020268 0.999539 -0.000327 -0.000364 1.000000 -0.014747 0.000847 0.999891 -0.002377 -0.001108 0.999997 -0.000348 0.000034 1.000000 
-0.000037 0.000086 1.000000 -0.022591 0.020248 0.999540 -0.000308 -0.000343 1.000000 -0.014691 0.000844 0.999892 -0.002210 -0.001030 0.999997 -0.000348 0.000034 1.000000 
-0.000036 0.000082 1.000000 -0.022663 0.020314 0.999537 -0.000351 -0.000391 1.000000 -0.014650 0.000841 0.999892 -0.002053 -0.000957 0.999997 -0.000326 0.000032 1.000000 
-0.000034 0.000078 1.000000 -0.022646 0.020300 0.999537 -0.000334 -0.000371 1.000000 -0.014608 0.000839 0.999893 -0.001916 -0.000893 0.999998 -0.000329 0.000032 1.000000 
-0.000033 0.000075 1.000000 -0.022633 0.020288 0.999538 -0.000314 -0.000350 1.000000 -0.014572 0.000837 0.999893 -0.001801 -0.000840 0.999998 -0.000329 0.000032 1.000000 
-0.000032 0.000072 1.000000 -0.022620 0.020277 0.999538 -0.000297 -0.000330 1.000000 -0.014539 0.000835 0.999894 -0.001694 -0.000789 0.999998 -0.000329 0.000032 1.000000 
-0.000030 0.000068 1.000000 -0.022606 0.020265 0.999539 -0.000284 -0.000316 1.000000 -0.014506 0.000833 0.999894 -0.001590 -0.000741 0.999998 -0.000330 0.000032 1.000000 
-0.000636 0.001455 0.999999 -0.022609 0.020271 0.999539 -0.000278 -0.000309 1.000000 -0.014412 0.000823 0.999896 -0.002029 -0.000945 0.999997 -0.000904 0.000088 1.000000 
-0.000576 0.001317 0.999999 -0.022569 0.020235 0.999540 -0.000272 -0.000302 1.000000 -0.014375 0.000821 0.999896 -0.001891 -0.000881 0.999998 -0.000852 0.000083 1.000000 
-0.000520 0.001189 0.999999 -0.022509 0.020182 0.999543 -0.000268 -0.000298 1.000000 -0.014324 0.000818 0.999897 -0.001756 -0.000818 0.999998 -0.000806 0.000078 1.000000 
-0.000470 0.001076 0.999999 -0.022438 0.020118 0.999546 -0.000263 -0.000293 1.000000 -0.014269 0.000815 0.999898 -0.001645 -0.000766 0.999998 -0.000762 0.000074 1.000000 
-0.000425 0.000972 0.999999 -0.022317 0.020017 0.999551 -0.000311 -0.000346 1.000000 -0.014196 0.000809 0.999899 -0.001539 -0.000717 0.999999 -0.000765 0.000074 1.000000 
-0.000384 0.000879 1.000000 -0.022242 0.019951 0.999554 -0.000304 -0.000338 1.000000 -0.014141 0.000806 0.999900 -0.001463 -0.000681 0.999999 -0.000721 0.000070 1.000000 
-0.000173 0.000396 1.000000 -0.022160 0.019880 0.999557 -0.000296 -0.000329 1.000000 -0.014285 0.000814 0.999898 -0.001718 -0.000800 0.999998 -0.000548 0.000053 1.000000 
-0.000155 0.000356 1.000000 -0.022135 0.019858 0.999558 -0.000292 -0.000325 1.000000 -0.014243 0.000812 0.999898 -0.001621 -0.000755 0.999998 -0.000526 0.000051 1.000000 
-0.000804 0.001840 0.999998 -0.022073 0.019808 0.999560 -0.000316 -0.000351 1.000000 -0.014217 0.000805 0.999899 -0.002655 -0.001237 0.999996 -0.001068 0.000103 0.999999 
-0.000727 0.001664 0.999998 -0.022023 0.019770 0.999562 -0.000356 -0.000395 1.000000 -0.014171 0.000802 0.999899 -0.002457 -0.001144 0.999996 -0.001038 0.000100 0.999999 
-0.000658 0.001506 0.999999 -0.021933 0.019691 0.999566 -0.000353 -0.000392 1.000000 -0.014091 0.000797 0.999900 -0.002282 -0.001063 0.999997 -0.000974 0.000094 1.000000 
-0.000596 0.001363 0.999999 -0.021838 0.019606 0.999569 -0.000350 -0.000389 1.000000 -0.014008 0.000793 0.999902 -0.002129 -0.000991 0.999997 -0.000914 0.000088 1.000000 
-0.000539 0.001233 0.999999 -0.021740 0.019518 0.999573 -0.000343 -0.000381 1.000000 -0.013926 0.000788 0.999903 -0.001978 -0.000921 0.999998 -0.000860 0.000083 1.000000 
-0.000487 0.001115 0.999999 -0.021644 0.019432 0.999577 -0.000341 -0.000379 1.000000 -0.013847 0.000784 0.999904 -0.001858 -0.000865 0.999998 -0.000808 0.000078 1.000000 
-0.000456 0.001043 0.999999 -0.021566 0.019363 0.999580 -0.000340 -0.000377 1.000000 -0.013770 0.000779 0.999905 -0.001719 -0.000800 0.999998 -0.000780 0.000075 1.000000 
-0.000412 0.000944 0.999999 -0.021488 0.019293 0.999583 -0.000337 -0.000374 1.000000 -0.013708 0.000776 0.999906 -0.001631 -0.000759 0.999998 -0.000733 0.000071 1.000000 
-0.000374 0.000857 1.000000 -0.021399 0.019218 0.999586 -0.000368 -0.000408 1.000000 -0.013646 0.000772 0.999907 -0.001548 -0.000721 0.999999 -0.000718 0.000069 1.000000 
-0.000099 0.000226 1.000000 -0.021412 0.019235 0.999586 -0.000370 -0.000410 1.000000 -0.013955 0.000790 0.999902 -0.002091 -0.000973 0.999997 -0.000471 0.000045 1.000000 
-0.000093 0.000213 1.000000 -0.021388 0.019216 0.999587 -0.000368 -0.000408 1.000000 -0.013896 0.000786 0.999903 -0.001947 -0.000906 0.999998 -0.000464 0.000045 1.000000 
-0.000086 0.000197 1.000000 -0.021369 0.019204 0.999587 -0.000312 -0.000346 1.000000 -0.013868 0.000784 0.999904 -0.001818 -0.000846 0.999998 -0.000453 0.000044 1.000000 
-0.000128 0.000294 1.000000 -0.021328 0.019172 0.999589 -0.000283 -0.000314 1.000000 -0.013998 0.000791 0.999902 -0.002503 -0.001164 0.999996 -0.000408 0.000039 1.000000 
-0.000643 0.001475 0.999999 -0.021340 0.019189 0.999588 -0.000322 -0.000357 1.000000 -0.013882 0.000781 0.999903 -0.002747 -0.001277 0.999995 -0.000922 0.000088 1.000000 
-0.000314 0.000721 1.000000 -0.021315 0.019170 0.999589 -0.000357 -0.000396 1.000000 -0.014094 0.000793 0.999900 -0.002891 -0.001344 0.999995 -0.000688 0.000066 1.000000 
-0.000285 0.000653 1.000000 -0.021243 0.019105 0.999592 -0.000355 -0.000393 1.000000 -0.013990 0.000787 0.999902 -0.002682 -0.001247 0.999996 -0.000653 0.000063 1.000000 
-0.000309 0.000708 1.000000 -0.021141 0.019018 0.999596 -0.000380 -0.000421 1.000000 -0.014048 0.000790 0.999901 -0.003254 -0.001512 0.999994 -0.000615 0.000059 1.000000 
-0.000279 0.000640 1.000000 -0.021092 0.018975 0.999597 -0.000374 -0.000415 1.000000 -0.013952 0.000785 0.999902 -0.003005 -0.001397 0.999995 -0.000587 0.000056 1.000000 
-0.000257 0.000589 1.000000 -0.021987 0.019780 0.999563 -0.001071 -0.001187 0.999999 -0.013924 0.000783 0.999903 -0.002799 -0.001301 0.999995 -0.000293 0.000028 1.000000 
-0.000233 0.000535 1.000000 -0.021996 0.019789 0.999562 -0.000993 -0.001100 0.999999 -0.013907 0.000782 0.999903 -0.002604 -0.001210 0.999996 -0.000265 0.000025 1.000000 
-0.000211 0.000485 1.000000 -0.021953 0.019751 0.999564 -0.000928 -0.001028 0.999999 -0.013880 0.000780 0.999903 -0.002426 -0.001128 0.999996 -0.000269 0.000026 1.000000 
-0.000191 0.000438 1.000000 -0.021909 0.019713 0.999566 -0.000881 -0.000975 0.999999 -0.013855 0.000779 0.999904 -0.002260 -0.001050 0.999997 -0.000283 0.000027 1.000000 
-0.000175 0.000402 1.000000 -0.021842 0.019661 0.999568 -0.000873 -0.000966 0.999999 -0.013934 0.000783 0.999903 -0.002713 -0.001261 0.999996 -0.000216 0.000021 1.000000 
-0.000663 0.001522 0.999999 -0.021794 0.019618 0.999570 -0.000826 -0.000915 0.999999 -0.013708 0.000767 0.999906 -0.002493 -0.001159 0.999996 -0.000744 0.000071 1.000000 
-0.000600 0.001377 0.999999 -0.021744 0.019574 0.999572 -0.000782 -0.000865 0.999999 -0.013684 0.000765 0.999906 -0.002323 -0.001080 0.999997 -0.000706 0.000067 1.000000 
-0.000543 0.001247 0.999999 -0.021704 0.019539 0.999574 -0.000755 -0.000836 0.999999 -0.013658 0.000763 0.999906 -0.002174 -0.001010 0.999997 -0.000667 0.000063 1.000000 
-0.000492 0.001129 0.999999 -0.021648 0.019489 0.999576 -0.000720 -0.000797 0.999999 -0.013630 0.000762 0.999907 -0.002049 -0.000952 0.999997 -0.000631 0.000060 1.000000 
-0.000113 0.000259 1.000000 -0.021598 0.019447 0.999578 -0.000690 -0.000763 0.999999 -0.014029 0.000785 0.999901 -0.002874 -0.001336 0.999995 -0.000262 0.000025 1.000000 
-0.000106 0.000242 1.000000 -0.021568 0.019421 0.999579 -0.000662 -0.000732 1.000000 -0.013971 0.000782 0.999902 -0.002655 -0.001234 0.999996 -0.000275 0.000026 1.000000 
-0.000101 0.000231 1.000000 -0.021543 0.019398 0.999580 -0.000635 -0.000703 1.000000 -0.013921 0.000779 0.999903 -0.002464 -0.001145 0.999996 -0.000287 0.000027 1.000000 
-0.000096 0.000220 1.000000 -0.021884 0.019707 0.999566 -0.000842 -0.000932 0.999999 -0.013919 0.000779 0.999903 -0.002293 -0.001066 0.999997 -0.000196 0.000019 1.000000 
-0.000092 0.000211 1.000000 -0.021873 0.019698 0.999567 -0.000796 -0.000881 0.999999 -0.013901 0.000778 0.999903 -0.002136 -0.000993 0.999997 -0.000214 0.000020 1.000000 
-0.000088 0.000201 1.000000 -0.021782 0.019628 0.999570 -0.000841 -0.000930 0.999999 -0.013855 0.000774 0.999904 -0.001996 -0.000928 0.999998 -0.000298 0.000028 1.000000 
