-0.002219 0.002344 0.999995 0.004888 0.004669 0.999977 0.004902 0.004626 0.999977 -0.002164 0.002186 0.999995 
-0.002005 0.002118 0.999996 0.004433 0.004234 0.999981 0.004446 0.004195 0.999981 -0.001955 0.001975 0.999996 
-0.001807 0.001908 0.999997 0.004019 0.003839 0.999985 0.004031 0.003803 0.999985 -0.001762 0.001779 0.999997 
-0.001307 0.001380 0.999998 0.003647 0.003483 0.999987 0.003660 0.003453 0.999987 -0.001258 0.001270 0.999998 
-0.001174 0.001240 0.999999 0.006076 0.005799 0.999965 0.006104 0.005754 0.999965 -0.001069 0.001081 0.999999 
-0.001955 0.002066 0.999996 0.003845 0.003671 0.999986 0.003855 0.003636 0.999986 -0.001917 0.001937 0.999996 
-0.000946 0.001001 0.999999 0.005292 0.005047 0.999973 0.005316 0.005009 0.999973 -0.000854 0.000864 0.999999 
-0.000578 0.000612 1.000000 0.006072 0.005788 0.999965 0.006104 0.005748 0.999965 -0.000460 0.000465 1.000000 
0.002673 -0.002833 0.999992 0.005231 0.004980 0.999974 0.005279 0.004965 0.999974 0.002848 -0.002887 0.999992 
0.001959 -0.002075 0.999996 0.003751 0.003573 0.999987 0.003786 0.003562 0.999986 0.002085 -0.002113 0.999996 
0.000651 -0.000689 1.000000 0.001305 0.001244 0.999998 0.001317 0.001240 0.999998 0.000694 -0.000703 1.000000 
-0.000104 0.000110 1.000000 -0.000846 -0.000806 0.999999 -0.000851 -0.000801 0.999999 -0.000124 0.000126 1.000000 
-0.000963 0.001020 0.999999 -0.000898 -0.000855 0.999999 -0.000909 -0.000855 0.999999 -0.001005 0.001018 0.999999 
-0.000865 0.000916 0.999999 -0.000827 -0.000788 0.999999 -0.000838 -0.000788 0.999999 -0.000903 0.000915 0.999999 
-0.000772 0.000817 0.999999 -0.000768 -0.000732 0.999999 -0.000778 -0.000732 0.999999 -0.000806 0.000817 0.999999 
0.000698 -0.000739 0.999999 -0.003171 -0.003020 0.999990 -0.003185 -0.002996 0.999990 0.000646 -0.000654 1.000000 
0.001554 -0.001646 0.999997 -0.003999 -0.003808 0.999985 -0.004012 -0.003774 0.999985 0.001504 -0.001523 0.999998 
0.001427 -0.001511 0.999998 -0.004675 -0.004452 0.999979 -0.004693 -0.004415 0.999979 0.001359 -0.001376 0.999998 
0.001306 -0.001384 0.999998 -0.005653 -0.005384 0.999970 -0.005678 -0.005341 0.999970 0.001214 -0.001230 0.999999 
0.001615 -0.001710 0.999997 -0.007273 -0.006929 0.999950 -0.007305 -0.006875 0.999950 0.001495 -0.001514 0.999998 
0.001472 -0.001558 0.999998 -0.007651 -0.007290 0.999944 -0.007686 -0.007234 0.999944 0.001341 -0.001357 0.999998 
0.001338 -0.001417 0.999998 -0.007715 -0.007351 0.999943 -0.007752 -0.007295 0.999943 0.001202 -0.001217 0.999999 
0.001209 -0.001280 0.999998 -0.007301 -0.006956 0.999949 -0.007335 -0.006904 0.999949 0.001079 -0.001093 0.999999 
0.001091 -0.001155 0.999999 -0.006382 -0.006081 0.999961 -0.006413 -0.006035 0.999961 0.000978 -0.000990 0.999999 
0.000983 -0.001041 0.999999 -0.004946 -0.004712 0.999977 -0.004968 -0.004676 0.999977 0.000899 -0.000910 0.999999 
0.000885 -0.000937 0.999999 -0.002978 -0.002837 0.999992 -0.002989 -0.002813 0.999992 0.000841 -0.000851 0.999999 
0.000789 -0.000836 0.999999 -0.002453 -0.002337 0.999994 -0.002462 -0.002317 0.999994 0.000755 -0.000764 0.999999 
0.000705 -0.000746 0.999999 -0.002186 -0.002083 0.999995 -0.002194 -0.002065 0.999995 0.000674 -0.000683 1.000000 
0.000628 -0.000665 1.000000 -0.001944 -0.001852 0.999996 -0.001951 -0.001836 0.999996 0.000601 -0.000608 1.000000 
0.000562 -0.000595 1.000000 -0.001742 -0.001660 0.999997 -0.001749 -0.001646 0.999997 0.000537 -0.000544 1.000000 
0.000502 -0.000532 1.000000 -0.001564 -0.001491 0.999998 -0.001570 -0.001478 0.999998 0.000480 -0.000486 1.000000 
0.000448 -0.000475 1.000000 -0.001403 -0.001337 0.999998 -0.001409 -0.001326 0.999998 0.000428 -0.000434 1.000000 
0.000399 -0.000422 1.000000 -0.001261 -0.001201 0.999998 -0.001266 -0.001191 0.999998 0.000381 -0.000386 1.000000 
0.000354 -0.000374 1.000000 -0.001135 -0.001082 0.999999 -0.001140 -0.001073 0.999999 0.000337 -0.000342 1.000000 
0.000313 -0.000331 1.000000 -0.001022 -0.000973 0.999999 -0.001025 -0.000965 0.999999 0.000298 -0.000302 1.000000 
0.000282 -0.000298 1.000000 -0.000928 -0.000884 0.999999 -0.000931 -0.000877 0.999999 0.000268 -0.000272 1.000000 
-0.000612 0.000648 1.000000 -0.001809 -0.001724 0.999997 -0.001823 -0.001716 0.999997 -0.000665 0.000673 1.000000 
-0.000531 0.000562 1.000000 -0.001618 -0.001542 0.999998 -0.001631 -0.001535 0.999997 -0.000578 0.000585 1.000000 
-0.000457 0.000483 1.000000 -0.001444 -0.001376 0.999998 -0.001455 -0.001370 0.999998 -0.000498 0.000505 1.000000 
-0.000383 0.000406 1.000000 -0.001284 -0.001224 0.999998 -0.001294 -0.001218 0.999998 -0.000420 0.000425 1.000000 
-0.000319 0.000338 1.000000 -0.001149 -0.001095 0.999999 -0.001158 -0.001090 0.999999 -0.000352 0.000356 1.000000 
-0.000264 0.000280 1.000000 -0.001032 -0.000984 0.999999 -0.001040 -0.000979 0.999999 -0.000293 0.000296 1.000000 
-0.000214 0.000227 1.000000 -0.000926 -0.000883 0.999999 -0.000933 -0.000878 0.999999 -0.000239 0.000242 1.000000 
-0.000170 0.000180 1.000000 -0.000830 -0.000791 0.999999 -0.000836 -0.000787 0.999999 -0.000192 0.000195 1.000000 
-0.000468 0.000495 1.000000 -0.000879 -0.000838 0.999999 -0.000887 -0.000835 0.999999 -0.000497 0.000504 1.000000 
-0.000544 0.000575 1.000000 -0.001424 -0.001358 0.999998 -0.001436 -0.001352 0.999998 -0.000587 0.000594 1.000000 
0.001460 -0.001548 0.999998 0.000386 0.000368 1.000000 0.000398 0.000374 1.000000 0.001502 -0.001523 0.999998 
0.001043 -0.001106 0.999999 -0.000786 -0.000748 0.999999 -0.000784 -0.000737 0.999999 0.001051 -0.001065 0.999999 
0.000214 -0.000227 1.000000 -0.001666 -0.001586 0.999997 -0.001674 -0.001574 0.999997 0.000183 -0.000186 1.000000 
0.000007 -0.000007 1.000000 0.001096 0.001044 0.999999 0.001102 0.001037 0.999999 0.000031 -0.000031 1.000000 
0.000349 -0.000370 1.000000 -0.001816 -0.001731 0.999997 -0.001824 -0.001718 0.999997 0.000318 -0.000322 1.000000 
0.000451 -0.000478 1.000000 -0.001506 -0.001435 0.999998 -0.001512 -0.001423 0.999998 0.000429 -0.000434 1.000000 
0.000433 -0.000459 1.000000 -0.000080 -0.000076 1.000000 -0.000078 -0.000073 1.000000 0.000442 -0.000447 1.000000 
0.000403 -0.000427 1.000000 -0.000079 -0.000076 1.000000 -0.000077 -0.000073 1.000000 0.000411 -0.000416 1.000000 
0.000452 -0.000478 1.000000 -0.000026 -0.000025 1.000000 -0.000024 -0.000022 1.000000 0.000462 -0.000467 1.000000 
0.000585 -0.000619 1.000000 0.000023 0.000021 1.000000 0.000026 0.000025 1.000000 0.000599 -0.000607 1.000000 
-0.000692 0.000733 0.999999 -0.001014 -0.000966 0.999999 -0.001024 -0.000964 0.999999 -0.000730 0.000739 0.999999 
-0.000623 0.000660 1.000000 -0.000922 -0.000879 0.999999 -0.000932 -0.000877 0.999999 -0.000657 0.000666 1.000000 
-0.000321 0.000339 1.000000 -0.001034 -0.000985 0.999999 -0.001042 -0.000981 0.999999 -0.000350 0.000355 1.000000 
0.000111 -0.000118 1.000000 -0.000254 -0.000242 1.000000 -0.000255 -0.000240 1.000000 0.000108 -0.000110 1.000000 
-0.001651 0.001748 0.999997 -0.003761 -0.003586 0.999986 -0.003794 -0.003573 0.999986 -0.001771 0.001793 0.999997 
-0.001491 0.001578 0.999998 -0.003410 -0.003251 0.999989 -0.003440 -0.003239 0.999989 -0.001600 0.001619 0.999997 
-0.002522 0.002667 0.999993 -0.003836 -0.003659 0.999986 -0.003875 -0.003651 0.999986 -0.002664 0.002694 0.999993 
-0.002270 0.002401 0.999995 -0.003477 -0.003317 0.999988 -0.003512 -0.003309 0.999988 -0.002398 0.002425 0.999994 
-0.001955 0.002067 0.999996 -0.002912 -0.002778 0.999992 -0.002942 -0.002772 0.999992 -0.002063 0.002087 0.999996 
-0.001755 0.001856 0.999997 -0.002637 -0.002515 0.999993 -0.002664 -0.002510 0.999993 -0.001853 0.001874 0.999997 
-0.001571 0.001661 0.999997 -0.002390 -0.002280 0.999995 -0.002414 -0.002275 0.999994 -0.001659 0.001678 0.999997 
-0.001000 0.001058 0.999999 -0.002639 -0.002516 0.999993 -0.002661 -0.002506 0.999993 -0.001081 0.001093 0.999999 
-0.000517 0.000547 1.000000 -0.002791 -0.002661 0.999993 -0.002811 -0.002647 0.999993 -0.000590 0.000597 1.000000 
0.000498 -0.000528 1.000000 -0.001441 -0.001373 0.999998 -0.001446 -0.001361 0.999998 0.000479 -0.000485 1.000000 
0.000020 -0.000022 1.000000 -0.000203 -0.000193 1.000000 -0.000204 -0.000192 1.000000 0.000016 -0.000017 1.000000 
-0.000270 0.000286 1.000000 -0.000166 -0.000158 1.000000 -0.000168 -0.000158 1.000000 -0.000280 0.000284 1.000000 
-0.000244 0.000258 1.000000 -0.000145 -0.000139 1.000000 -0.000148 -0.000139 1.000000 -0.000252 0.000256 1.000000 
-0.000564 0.000597 1.000000 0.000788 0.000750 0.999999 0.000788 0.000742 0.999999 -0.000560 0.000567 1.000000 
-0.000706 0.000747 0.999999 0.000728 0.000694 0.999999 0.000728 0.000685 1.000000 -0.000706 0.000715 0.999999 
-0.000782 0.000828 0.999999 0.000154 0.000147 1.000000 0.000150 0.000141 1.000000 -0.000797 0.000807 0.999999 
0.001205 -0.001294 0.999998 0.002292 0.002153 0.999995 0.002313 0.002146 0.999995 0.001282 -0.001317 0.999998 
0.001114 -0.001197 0.999999 0.002071 0.001945 0.999996 0.002090 0.001939 0.999996 0.001185 -0.001217 0.999999 
0.000867 -0.000931 0.999999 0.002177 0.002044 0.999996 0.002196 0.002036 0.999996 0.000933 -0.000959 0.999999 
0.000752 -0.000808 0.999999 0.001993 0.001871 0.999996 0.002010 0.001864 0.999996 0.000812 -0.000834 0.999999 
-0.000956 0.001027 0.999999 0.006010 0.005646 0.999966 0.006038 0.005603 0.999966 -0.000851 0.000873 0.999999 
0.002864 -0.003186 0.999991 0.004886 0.004431 0.999978 0.004933 0.004419 0.999978 0.003035 -0.003228 0.999990 
0.004791 -0.005504 0.999973 0.004062 0.003568 0.999985 0.004118 0.003572 0.999985 0.004993 -0.005484 0.999972 
0.004093 -0.004656 0.999981 0.003532 0.003132 0.999989 0.003580 0.003135 0.999989 0.004266 -0.004641 0.999980 
-0.001534 0.001651 0.999997 0.002559 0.002398 0.999994 0.002564 0.002373 0.999994 -0.001515 0.001560 0.999998 
-0.001475 0.001588 0.999998 0.002332 0.002185 0.999995 0.002335 0.002161 0.999995 -0.001460 0.001503 0.999998 
0.000687 -0.000702 1.000000 0.001741 0.001718 0.999997 0.001756 0.001712 0.999997 0.000741 -0.000725 0.999999 
0.000003 -0.000003 1.000000 0.001378 0.001360 0.999998 0.001386 0.001351 0.999998 0.000034 -0.000033 1.000000 
0.000082 -0.000093 1.000000 0.004847 0.004302 0.999979 0.004874 0.004272 0.999979 0.000182 -0.000197 1.000000 
0.000407 -0.000463 1.000000 0.021278 0.018856 0.999596 0.021395 0.018728 0.999596 0.000846 -0.000921 0.999999 
0.000392 -0.000438 1.000000 0.029649 0.026753 0.999202 0.029816 0.026574 0.999202 0.001010 -0.001080 0.999999 
-0.000520 0.000575 1.000000 0.043100 0.039352 0.998295 0.043337 0.039085 0.998296 0.000362 -0.000382 1.000000 
-0.001337 0.001418 0.999998 0.046219 0.043943 0.997964 0.046479 0.043651 0.997965 -0.000369 0.000375 1.000000 
0.057822 0.329923 0.942235 -0.001712 0.001764 0.999997 -0.138961 -0.075099 0.987446 -0.015406 0.003018 0.999877 0.041737 0.040355 0.998313 -0.002144 -0.001887 0.999996 
0.082762 0.318424 0.944329 -0.002322 0.002451 0.999994 -0.122001 -0.070619 0.990014 0.025863 0.024425 0.999367 -0.003844 0.001099 0.999992 
0.085445 0.324005 0.942189 -0.006746 0.007083 0.999952 -0.084716 -0.052074 0.995043 0.047311 0.045895 0.997825 -0.004925 0.001425 0.999987 
0.082363 0.313234 0.946098 -0.013221 0.013937 0.999815 -0.032828 -0.021336 0.999233 0.072014 0.071776 0.994818 -0.005793 0.001669 0.999982 
0.075554 0.289606 0.954159 -0.021360 0.022644 0.999515 0.023296 0.015918 0.999602 0.095824 0.098245 0.990538 -0.004861 0.001392 0.999987 
-0.002719 0.000772 0.999996 -0.030303 0.032163 0.999023 0.116103 0.122689 0.985630 0.076790 0.054937 0.995533 0.066070 0.255988 0.964419 
0.003041 -0.000881 0.999995 -0.040167 0.042845 0.998274 0.130835 0.142549 0.981102 0.121894 0.091428 0.988323 0.057726 0.220030 0.973784 
0.013437 -0.004045 0.999902 -0.051092 0.055054 0.997175 0.139304 0.156301 0.977837 0.050403 0.185636 0.981325 0.155991 0.122960 0.980075 
0.021891 -0.006705 0.999738 -0.062449 0.067742 0.995747 0.143311 0.164785 0.975863 0.046630 0.169355 0.984451 0.173885 0.142955 0.974335 
0.018891 -0.005709 0.999805 -0.071833 0.078021 0.994360 0.142005 0.166861 0.975701 0.042543 0.156237 0.986803 0.178617 0.151837 0.972132 
0.010877 -0.003236 0.999936 -0.080952 0.088351 0.992794 0.137832 0.164971 0.976620 0.037207 0.138091 0.989720 0.205605 0.177516 0.962400 0.160336 0.141054 0.976932 
0.004060 -0.001205 0.999991 -0.089231 0.097732 0.991204 0.132295 0.160724 0.978093 0.032060 0.118715 0.992411 0.211260 0.180099 0.960694 0.155437 0.143396 0.977383 
0.000062 -0.000019 1.000000 -0.097615 0.107643 0.989386 0.126950 0.155968 0.979570 0.028429 0.103590 0.994214 0.219532 0.183886 0.958119 0.147701 0.142586 0.978700 
-0.001686 0.000513 0.999998 -0.105662 0.117383 0.987450 0.121755 0.150848 0.981030 0.025010 0.089901 0.995637 0.228470 0.187790 0.955268 0.139761 0.140132 0.980219 
-0.001487 0.000457 0.999999 -0.113617 0.126876 0.985390 0.115613 0.144687 0.982700 0.021529 0.076552 0.996833 0.235341 0.190330 0.953094 0.131627 0.136831 0.981810 
-0.001405 0.000439 0.999999 -0.121847 0.136915 0.983060 0.108365 0.136998 0.984626 0.017624 0.061599 0.997945 0.239677 0.190620 0.951955 0.123492 0.133003 0.983392 
-0.004193 0.001322 0.999990 -0.129596 0.146416 0.980697 0.100725 0.128630 0.986564 0.014374 0.049709 0.998660 0.241542 0.189353 0.951737 0.113747 0.126391 0.985437 
-0.004892 0.001560 0.999987 -0.136834 0.155643 0.978290 0.091255 0.117556 0.988865 0.009203 0.031431 0.999464 0.241311 0.186500 0.952358 0.104245 0.119086 0.987396 
-0.007501 0.002400 0.999969 -0.143716 0.164491 0.975853 0.081041 0.105598 0.991101 0.003882 0.013214 0.999905 0.238977 0.182486 0.953724 0.093688 0.110145 0.989490 
-0.014793 0.004728 0.999879 -0.150061 0.172726 0.973472 0.070286 0.092644 0.993216 0.000445 0.001517 0.999999 0.235362 0.177939 0.955480 0.079186 0.095583 0.992267 
-0.024475 0.007822 0.999670 -0.156112 0.180410 0.971124 0.059040 0.078828 0.995138 0.000413 0.001410 0.999999 0.229482 0.172411 0.957921 0.060478 0.074984 0.995349 
-0.035904 0.011475 0.999289 -0.161637 0.187555 0.968863 0.047575 0.064294 0.996796 0.000379 0.001294 0.999999 0.221473 0.165715 0.960983 0.042132 0.053504 0.997678 
-0.049121 0.015660 0.998670 -0.154129 0.179318 0.971643 0.039056 0.053112 0.997824 -0.001935 -0.006626 0.999976 0.188554 0.144838 0.971323 0.036687 0.046720 0.998234 
-0.065812 0.020892 0.997613 -0.155578 0.180733 0.971149 0.032448 0.044326 0.998490 -0.005741 -0.019828 0.999787 0.169605 0.131979 0.976635 0.033059 0.042176 0.998563 
-0.083342 0.026192 0.996177 -0.160920 0.186705 0.969147 0.029346 0.040169 0.998762 -0.008000 -0.028057 0.999574 0.162349 0.126630 0.978574 0.030823 0.039300 0.998752 
-0.100340 0.030971 0.994471 -0.168337 0.194404 0.966369 0.030117 0.041136 0.998700 -0.006829 -0.024438 0.999678 0.162450 0.126659 0.978554 0.029714 0.037564 0.998852 
-0.115264 0.034735 0.992727 -0.176683 0.202393 0.963234 0.033942 0.046003 0.998364 -0.003040 -0.011111 0.999934 0.167300 0.130313 0.977256 0.029732 0.036891 0.998877 
-0.064790 0.007881 0.997868 -0.179912 0.208395 0.961355 0.031898 0.044356 0.998506 0.002364 0.023917 0.999711 0.157477 0.121862 0.979975 0.030478 0.035445 0.998907 
-0.000054 0.043994 0.999032 -0.181415 0.208840 0.960976 0.129551 0.102958 0.986213 0.009474 0.011066 0.999894 -0.091882 0.001736 0.995768 0.020863 0.030053 0.999331 
-0.001624 0.030418 0.999536 -0.181806 0.209254 0.960812 0.102906 0.083442 0.991185 -0.010102 -0.012533 0.999870 -0.142756 -0.004774 0.989746 0.006819 0.010351 0.999923 
-0.001863 0.019276 0.999812 -0.181736 0.208981 0.960884 0.073251 0.060798 0.995459 -0.028142 -0.038174 0.998875 -0.183977 -0.013920 0.982832 -0.007993 -0.013042 0.999883 
0.000163 -0.001228 0.999999 -0.187866 0.212471 0.958938 0.057918 0.049380 0.997099 -0.028470 -0.042547 0.998689 -0.194990 -0.021051 0.980579 -0.014212 -0.025203 0.999581 
-0.309490 0.020823 0.950675 -0.185654 0.220865 0.957471 -0.012998 -0.024052 0.999626 0.001715 0.032624 0.999466 0.041661 0.034195 0.998546 -0.043248 -0.078031 0.996012 
-0.172855 0.237888 0.955788 -0.200352 0.065859 0.977508 -0.031606 -0.072036 0.996901 0.013676 0.009924 0.999857 -0.022540 -0.079917 0.996547 -0.020897 -0.073587 0.997070 
0.001642 0.001103 0.999998 -0.087224 0.022093 0.995944 -0.006312 -0.049142 0.998772 -0.023800 -0.082199 0.996332 -0.173471 0.260361 0.949800 
0.001885 0.001267 0.999997 -0.017970 0.002494 0.999835 -0.000389 0.013299 0.999911 -0.006440 -0.046953 0.998876 -0.184759 0.277078 0.942917 
0.002150 0.001500 0.999997 0.005194 -0.000341 0.999986 -0.008491 0.068091 0.997643 -0.205630 0.297074 0.932450 -0.000854 -0.017910 0.999839 0.000001 0.000026 1.000000 
0.003495 0.002486 0.999991 0.004270 -0.000309 0.999991 -0.009072 0.076012 0.997066 -0.212466 0.300612 0.929780 0.000002 0.000035 1.000000 0.000065 0.001284 0.999999 
0.015575 0.011232 0.999816 0.000899 -0.000067 1.000000 -0.009556 0.085341 0.996306 0.000836 0.014069 0.999901 -0.219044 0.301801 0.927866 
0.030902 0.022526 0.999269 0.000037 -0.000003 1.000000 -0.011637 0.106117 0.994286 -0.238416 0.319049 0.917260 0.000031 0.000502 1.000000 0.003006 0.051566 0.998665 
0.046432 0.034268 0.998333 -0.001620 0.000138 0.999999 -0.014369 0.130072 0.991400 -0.261948 0.338664 0.903709 0.000110 0.001634 0.999999 0.004332 0.085422 0.996335 
0.060468 0.045241 0.997144 -0.002626 0.000238 0.999997 -0.016737 0.149832 0.988570 -0.282259 0.352099 0.892388 0.000109 0.001506 0.999999 0.005021 0.114025 0.993465 
0.074177 0.056431 0.995647 -0.004991 0.000459 0.999987 -0.018566 0.164834 0.986147 -0.299772 0.359531 0.883671 0.000147 0.001989 0.999998 0.005492 0.137199 0.990528 
0.088092 0.068272 0.993770 -0.007038 0.000635 0.999975 -0.020218 0.177223 0.983963 -0.316389 0.363631 0.876168 0.000401 0.005546 0.999985 0.005720 0.156164 0.987715 
0.102339 0.081002 0.991446 -0.008062 0.000694 0.999967 -0.022089 0.188237 0.981875 -0.333462 0.365570 0.869000 0.000674 0.009904 0.999951 0.005453 0.173103 0.984889 
0.116242 0.094172 0.988746 -0.007961 0.000635 0.999968 -0.024475 0.198375 0.979821 -0.351700 0.366300 0.861470 0.000837 0.013540 0.999908 0.004362 0.188712 0.982023 
0.129069 0.107072 0.985838 -0.007360 0.000528 0.999973 -0.027341 0.207185 0.977920 -0.370406 0.366080 0.853689 0.000840 0.015611 0.999878 0.002402 0.202635 0.979251 
0.141203 0.119936 0.982689 -0.006532 0.000403 0.999979 -0.030642 0.214855 0.976165 -0.389305 0.364683 0.845842 0.000714 0.016305 0.999867 -0.000298 0.215384 0.976529 
0.153132 0.133415 0.979158 -0.003426 0.000171 0.999994 -0.034414 0.221166 0.974629 -0.408127 0.361035 0.838502 0.000495 0.015514 0.999880 -0.003839 0.226705 0.973956 
0.164362 0.146839 0.975409 -0.001288 0.000049 0.999999 -0.038143 0.226031 0.973373 -0.426597 0.356037 0.831416 0.000269 0.013319 0.999911 -0.007746 0.236609 0.971574 
0.174732 0.160030 0.971524 -0.000397 0.000011 1.000000 -0.041768 0.229480 0.972417 -0.444348 0.349727 0.824770 0.000099 0.009477 0.999955 -0.012066 0.245128 0.969416 
0.185559 0.173921 0.967119 0.000000 -0.000000 1.000000 -0.044925 0.231885 0.971705 -0.460817 0.341738 0.819062 0.000002 0.004527 0.999990 -0.016094 0.253109 0.967304 
0.197413 0.188980 0.961933 -0.001392 0.000015 0.999999 -0.047608 0.233915 0.971091 -0.475942 0.331977 0.814414 -0.000028 0.003807 0.999993 -0.019767 0.260055 0.965392 
0.209026 0.203575 0.956486 0.000728 -0.000007 1.000000 -0.049188 0.234455 0.970882 -0.488831 0.321900 0.810817 -0.000024 0.002681 0.999996 -0.022725 0.264119 0.964222 
0.223165 0.219054 0.949849 0.004558 -0.000032 0.999990 -0.049512 0.234881 0.970762 -0.498999 0.311861 0.808544 -0.000005 0.000502 1.000000 -0.024039 0.269047 0.962827 
0.238257 0.234474 0.942473 0.006733 -0.000048 0.999977 -0.049182 0.235481 0.970634 -0.507686 0.302011 0.806873 -0.000005 0.000467 1.000000 -0.024527 0.273957 0.961429 
0.253695 0.249427 0.934572 0.010604 -0.000076 0.999944 -0.048631 0.236319 0.970458 -0.515452 0.292415 0.805483 -0.000005 0.000429 1.000000 -0.024610 0.278802 0.960033 
0.268781 0.264012 0.926312 0.015964 -0.000114 0.999873 -0.048190 0.237209 0.970263 -0.522498 0.282396 0.804517 -0.000004 0.000390 1.000000 -0.024790 0.283300 0.958711 
0.279399 0.273665 0.920350 0.013615 -0.000016 0.999907 -0.049321 0.240542 0.969385 -0.528637 0.275795 0.802795 0.000017 -0.001041 0.999999 -0.026125 0.291163 0.956317 
0.283874 0.280872 0.916802 0.013870 -0.000016 0.999904 -0.050197 0.242582 0.968831 -0.531786 0.268723 0.803113 0.000016 -0.000981 1.000000 -0.027430 0.295098 0.955073 
0.283581 0.282011 0.916543 0.016842 -0.000019 0.999858 -0.049412 0.239361 0.969673 -0.526271 0.267123 0.807269 0.000014 -0.000822 1.000000 -0.026894 0.292034 0.956030 
0.281042 0.281067 0.917615 0.020882 -0.000024 0.999782 -0.048050 0.233560 0.971154 -0.516830 0.266826 0.813444 0.000010 -0.000621 1.000000 -0.025862 0.285712 0.957967 
0.278453 0.279995 0.918731 0.025466 -0.000029 0.999676 -0.047103 0.228393 0.972429 -0.509031 0.266440 0.818473 0.000007 -0.000407 1.000000 -0.025309 0.279690 0.959757 
0.277779 0.280452 0.918796 0.030930 -0.000036 0.999522 -0.046797 0.225130 0.973204 -0.504376 0.265230 0.821741 0.000003 -0.000201 1.000000 -0.025418 0.275838 0.960868 
0.275996 0.281070 0.919144 0.037555 -0.000044 0.999295 -0.047069 0.222158 0.973874 -0.501032 0.263188 0.824439 0.000001 -0.000053 1.000000 -0.026301 0.271703 0.962022 
0.271738 0.279540 0.920878 0.043817 -0.000051 0.999040 -0.047535 0.219110 0.974542 -0.498897 0.262363 0.825995 -0.000001 0.000044 1.000000 -0.027350 0.266330 0.963494 
0.268561 0.277513 0.922422 0.048664 -0.000057 0.998815 -0.047359 0.215863 0.975275 -0.495756 0.262675 0.827785 -0.000002 0.000113 1.000000 -0.027517 0.261225 0.964886 
0.267245 0.275906 0.923285 0.052028 -0.000061 0.998646 -0.046511 0.212560 0.976040 -0.491190 0.263451 0.830256 -0.000003 0.000167 1.000000 -0.026805 0.257003 0.966039 
0.266967 0.274525 0.923777 0.054421 -0.000063 0.998518 -0.045389 0.209448 0.976766 -0.486369 0.264517 0.832752 -0.000004 0.000210 1.000000 -0.025709 0.253453 0.967006 
0.267378 0.273516 0.923958 0.056491 -0.000066 0.998403 -0.044175 0.206491 0.977451 -0.481522 0.265496 0.835254 -0.000004 0.000250 1.000000 -0.024480 0.250351 0.967845 
0.268173 0.273017 0.923875 0.058938 -0.000070 0.998262 -0.043055 0.203698 0.978087 -0.476908 0.266051 0.837720 -0.000005 0.000290 1.000000 -0.023378 0.247518 0.968601 
0.269066 0.273169 0.923570 0.062106 -0.000074 0.998070 -0.042140 0.200998 0.978685 -0.472619 0.265854 0.840210 -0.000006 0.000330 1.000000 -0.022571 0.244775 0.969317 
0.269688 0.273929 0.923164 0.066078 -0.000080 0.997814 -0.041483 0.198290 0.979265 -0.468623 0.264740 0.842796 -0.000006 0.000362 1.000000 -0.022154 0.241918 0.970044 
0.270206 0.275154 0.922648 0.070525 -0.000086 0.997510 -0.040990 0.195664 0.979814 -0.464802 0.263000 0.845452 -0.000007 0.000389 1.000000 -0.021970 0.239132 0.970739 
0.270885 0.276886 0.921931 0.075471 -0.000093 0.997148 -0.040638 0.193236 0.980310 -0.461128 0.260771 0.848151 -0.000007 0.000412 1.000000 -0.021968 0.236625 0.971353 
0.271768 0.279040 0.921020 0.080839 -0.000100 0.996727 -0.040403 0.191037 0.980751 -0.457534 0.258193 0.850882 -0.000007 0.000429 1.000000 -0.022103 0.234455 0.971876 
0.272958 0.281580 0.919895 0.086633 -0.000108 0.996240 -0.040255 0.189105 0.981131 -0.453964 0.255383 0.853637 -0.000007 0.000446 1.000000 -0.022322 0.232690 0.972295 
0.274569 0.284499 0.918516 0.092923 -0.000117 0.995673 -0.040178 0.187502 0.981442 -0.450401 0.252434 0.856397 -0.000008 0.000464 1.000000 -0.022589 0.231414 0.972593 
0.276677 0.287852 0.916838 0.099612 -0.000127 0.995026 -0.040164 0.186236 0.981684 -0.446814 0.249334 0.859179 -0.000008 0.000496 1.000000 -0.022897 0.230682 0.972760 
0.279169 0.291620 0.914889 0.106720 -0.000138 0.994289 -0.040176 0.185087 0.981901 -0.443024 0.246023 0.862092 -0.000009 0.000558 1.000000 -0.023238 0.230225 0.972860 
0.281904 0.295795 0.912708 0.114367 -0.000150 0.993439 -0.040206 0.183912 0.982120 -0.438922 0.242418 0.865206 -0.000010 0.000623 1.000000 -0.023629 0.229852 0.972939 
0.284863 0.300401 0.910281 0.122667 -0.000164 0.992448 -0.040256 0.182695 0.982345 -0.434461 0.238495 0.868541 -0.000012 0.000690 1.000000 -0.024076 0.229529 0.973004 
0.167279 0.164552 0.972080 0.108344 -0.000142 0.994114 -0.051284 0.220093 0.974130 -0.453677 0.333496 0.826412 -0.000011 0.000668 1.000000 -0.025248 0.216264 0.976009 
0.114856 0.112425 0.987000 0.102111 -0.000450 0.994773 -0.069855 0.268164 0.960837 -0.500858 0.394179 0.770561 -0.000007 0.000547 1.000000 -0.038064 0.242786 0.969333 
0.073500 0.076651 0.994345 0.114884 -0.003764 0.993372 -0.090321 0.299624 0.949772 -0.545045 0.429526 0.720023 -0.000020 -0.001345 0.999999 -0.055698 0.251207 0.966330 
0.031613 0.035314 0.998876 0.116837 -0.005876 0.993134 -0.101675 0.303269 0.947465 -0.000195 -0.005932 0.999982 -0.548468 0.451252 0.703956 -0.064206 0.234224 0.970060 
0.016525 0.023131 0.999596 0.127427 -0.010044 0.991797 -0.109927 0.290953 0.950401 0.000019 0.000314 1.000000 -0.561793 0.384226 0.732638 -0.068417 0.205225 0.976321 
-0.077307 -0.084212 0.993444 0.141227 -0.014102 0.989877 -0.107502 0.266679 0.957771 0.000031 0.000380 1.000000 -0.440519 0.503957 0.742947 -0.054344 0.141835 0.988397 
-0.238000 -0.177522 0.954904 0.137394 -0.019109 0.990332 -0.102112 0.223224 0.969404 0.000041 0.000336 1.000000 -0.070553 0.140973 0.987496 
0.000074 0.000533 1.000000 -0.305997 -0.165151 0.937598 -0.038381 0.058981 0.997521 0.137567 -0.021596 0.990257 -0.132318 0.342337 0.930214 -0.078394 0.126884 0.988815 
0.000092 0.000655 1.000000 -0.261668 -0.171748 0.949754 -0.011925 0.012916 0.999845 0.149732 -0.023853 0.988439 -0.105814 0.180791 0.977813 -0.093642 0.110175 0.989491 
-0.000195 -0.001534 0.999999 -0.221812 -0.180970 0.958149 0.007981 -0.007019 0.999944 0.170908 -0.024828 0.984974 -0.082098 0.105124 0.991064 -0.104843 0.102994 0.989141 
0.000149 0.001336 0.999999 -0.188461 -0.159857 0.968983 0.019850 -0.016738 0.999663 0.185441 -0.024175 0.982358 -0.061732 0.073672 0.995370 -0.098075 0.092604 0.990861 
0.000229 0.002489 0.999997 -0.147679 -0.124673 0.981146 0.028419 -0.024869 0.999287 0.189292 -0.020995 0.981696 -0.043211 0.050649 0.997781 -0.077643 0.076312 0.994056 
0.000467 0.007193 0.999974 -0.108745 -0.094138 0.989602 0.037537 -0.033674 0.998728 0.196673 -0.016679 0.980327 -0.029053 0.032773 0.999040 -0.058169 0.058954 0.996564 
0.000363 0.015973 0.999872 -0.067608 -0.061053 0.995842 0.048649 -0.044113 0.997841 0.211289 -0.009421 0.977378 -0.017271 0.018532 0.999679 -0.036930 0.037885 0.998599 
-0.014981 -0.014311 0.999785 -0.000737 0.024568 0.999698 0.059045 -0.055542 0.996709 0.229640 0.001316 0.973275 -0.007829 0.008244 0.999935 
0.017523 0.018318 0.999679 -0.002070 0.035458 0.999369 0.255840 0.007756 0.966688 0.000057 -0.000061 1.000000 -0.001586 0.001530 0.999998 0.089653 -0.087097 0.992158 
0.046105 0.050981 0.997635 -0.004025 0.053899 0.998538 0.278666 0.011181 0.960323 0.000052 -0.000056 1.000000 0.000494 -0.000451 1.000000 0.081308 -0.083000 0.993227 
0.077115 0.088940 0.993047 -0.007331 0.075327 0.997132 0.299236 0.016266 0.954040 0.000029 -0.000031 1.000000 0.001920 -0.001680 0.999997 0.072739 -0.076186 0.994437 
0.108606 0.128627 0.985728 -0.011051 0.098574 0.995068 0.319326 0.018841 0.947458 0.000674 -0.000723 1.000000 0.003411 -0.002911 0.999990 0.065310 -0.069853 0.995417 
0.135223 0.164136 0.977125 -0.012758 0.106580 0.994222 0.334624 0.020614 0.942126 0.000093 -0.000099 1.000000 0.003034 -0.002526 0.999992 0.051139 -0.054742 0.997190 
0.152312 0.190491 0.969801 -0.015787 0.118510 0.992827 0.356223 0.023906 0.934095 -0.000542 0.000558 1.000000 0.001808 -0.001461 0.999997 0.048677 -0.050002 0.997562 
0.166119 0.212968 0.962834 -0.020033 0.137910 0.990242 0.383186 0.025332 0.923324 -0.001439 0.001411 0.999998 -0.000667 0.000525 1.000000 0.054383 -0.052736 0.997127 
0.190208 0.248378 0.949805 -0.025299 0.162510 0.986382 0.414790 0.024137 0.909597 -0.001932 0.001862 0.999996 -0.000375 0.000290 1.000000 0.054281 -0.052002 0.997171 
0.216023 0.285225 0.933799 -0.030113 0.192092 0.980915 0.450812 0.015566 0.892483 -0.002393 0.002287 0.999995 -0.000107 0.000082 1.000000 0.056155 -0.053676 0.996978 
0.248104 0.327255 0.911783 -0.030647 0.210187 0.977181 0.484294 0.001453 0.874904 -0.002884 0.002798 0.999992 0.000153 -0.000117 1.000000 0.046900 -0.045400 0.997867 
