-0.000747 0.001507 0.999999 0.009067 0.004446 0.999949 0.009049 0.004506 0.999949 -0.000809 0.001727 0.999998 
-0.000660 0.001332 0.999999 0.008222 0.004031 0.999958 0.008206 0.004086 0.999958 -0.000717 0.001531 0.999999 
-0.000350 0.000705 1.000000 0.009215 0.004521 0.999947 0.009192 0.004579 0.999947 -0.000431 0.000920 0.999999 
-0.000281 0.000566 1.000000 0.008366 0.004104 0.999957 0.008344 0.004157 0.999957 -0.000356 0.000760 1.000000 
0.001021 -0.002059 0.999997 0.009949 0.004881 0.999939 0.009906 0.004936 0.999939 0.000870 -0.001857 0.999998 
-0.000741 0.001484 0.999999 0.014015 0.006922 0.999878 0.013981 0.007013 0.999878 -0.000857 0.001816 0.999998 
0.000367 -0.000732 1.000000 0.011158 0.005540 0.999922 0.011120 0.005606 0.999922 0.000232 -0.000489 1.000000 
0.000628 -0.001249 0.999999 0.010029 0.004984 0.999937 0.009991 0.005041 0.999937 0.000492 -0.001037 0.999999 
0.001042 -0.002059 0.999997 0.014017 0.007013 0.999877 0.013962 0.007092 0.999877 0.000844 -0.001767 0.999998 
0.001212 -0.002379 0.999996 0.012817 0.006458 0.999897 0.012763 0.006529 0.999897 0.001019 -0.002117 0.999997 
0.001996 -0.003847 0.999991 0.010419 0.005350 0.999931 0.010363 0.005402 0.999932 0.001795 -0.003656 0.999992 
0.002013 -0.003777 0.999991 0.009376 0.004946 0.999944 0.009322 0.004991 0.999944 0.001822 -0.003610 0.999992 
0.003066 -0.005508 0.999980 0.005356 0.002951 0.999981 0.005304 0.002965 0.999982 0.002878 -0.005453 0.999981 
0.002414 -0.004139 0.999989 0.007694 0.004443 0.999961 0.007642 0.004475 0.999961 0.002225 -0.004018 0.999989 
0.002453 -0.004026 0.999989 0.006997 0.004222 0.999967 0.006947 0.004250 0.999967 0.002271 -0.003921 0.999990 
0.003630 -0.005671 0.999977 0.004077 0.002585 0.999988 0.004027 0.002588 0.999989 0.003446 -0.005658 0.999978 
0.003915 -0.005699 0.999976 0.000364 0.000248 1.000000 0.000328 0.000226 1.000000 0.003781 -0.005776 0.999976 
0.003929 -0.005291 0.999978 0.000304 0.000224 1.000000 0.000271 0.000202 1.000000 0.003804 -0.005370 0.999978 
0.003610 -0.004411 0.999984 -0.003081 -0.002498 0.999992 -0.003092 -0.002539 0.999992 0.003564 -0.004559 0.999983 
0.003297 -0.003645 0.999988 -0.001805 -0.001619 0.999997 -0.001817 -0.001650 0.999997 0.003250 -0.003758 0.999988 
0.000400 -0.000408 1.000000 0.000101 0.000098 1.000000 0.000098 0.000096 1.000000 0.000389 -0.000415 1.000000 
-0.001616 0.001634 0.999997 -0.002785 -0.002729 0.999992 -0.002758 -0.002737 0.999992 -0.001519 0.001606 0.999998 
-0.002492 -0.002519 0.999994 -0.001677 0.001645 0.999997 -0.001584 0.001625 0.999997 -0.002467 -0.002524 0.999994 
0.000587 0.000614 1.000000 -0.003191 0.003026 0.999990 -0.003136 0.003109 0.999990 0.000602 0.000637 1.000000 
0.000546 0.000589 1.000000 -0.002992 0.002753 0.999992 -0.002943 0.002831 0.999992 0.000560 0.000610 1.000000 
0.000499 0.000567 1.000000 -0.002850 0.002487 0.999993 -0.002806 0.002561 0.999993 0.000511 0.000588 1.000000 
0.000775 0.000932 0.999999 -0.003875 0.003191 0.999987 -0.003823 0.003294 0.999987 0.000788 0.000961 0.999999 
0.002088 0.002623 0.999994 -0.004302 0.003393 0.999985 -0.004282 0.003536 0.999985 0.002093 0.002662 0.999994 
0.004344 0.005700 0.999974 -0.004504 0.003401 0.999984 -0.004552 0.003599 0.999983 0.004330 0.005755 0.999974 
0.005831 0.007922 0.999952 -0.002845 0.002075 0.999994 -0.002972 0.002270 0.999993 0.005795 0.007975 0.999951 
0.014380 0.021164 0.999673 -0.009692 0.006520 0.999932 -0.010009 0.007062 0.999925 0.014291 0.021311 0.999671 
0.007193 0.010331 0.999921 0.031406 0.050281 0.998241 -0.023642 0.014771 0.999611 -0.003846 0.038090 0.999267 -0.004390 0.002902 0.999986 -0.001329 0.016071 0.999870 
0.002284 0.003381 0.999992 0.049547 0.082806 0.995333 -0.023977 0.014316 0.999610 -0.005817 0.078205 0.996920 -0.003854 0.002470 0.999990 -0.001443 0.027033 0.999633 
0.004130 0.006275 0.999972 -0.003436 0.002145 0.999992 -0.016277 0.009365 0.999824 -0.004628 0.090784 0.995860 0.057531 0.099899 0.993333 -0.000712 0.026471 0.999649 
0.002993 0.004628 0.999985 -0.003044 0.001866 0.999994 -0.007370 0.004113 0.999964 -0.003996 0.088997 0.996024 0.053989 0.096919 0.993827 -0.000375 0.021110 0.999777 
0.000790 0.001247 0.999999 -0.002245 0.001348 0.999997 0.000657 -0.000356 1.000000 -0.003974 0.078628 0.996896 0.045015 0.083453 0.995495 -0.000291 0.013595 0.999908 
0.000238 0.000382 1.000000 -0.000971 0.000574 0.999999 0.005611 -0.002978 0.999980 -0.003996 0.063019 0.998004 0.036395 0.068958 0.996955 -0.000193 0.005754 0.999983 
0.002583 0.004207 0.999988 0.003110 -0.001808 0.999994 0.007484 -0.003918 0.999964 -0.003708 0.047965 0.998842 0.029993 0.057614 0.997888 -0.000177 0.003654 0.999993 
0.002320 0.003858 0.999990 0.005425 -0.003087 0.999981 0.007664 -0.003957 0.999963 -0.003237 0.040815 0.999161 0.025751 0.050152 0.998410 -0.000173 0.003349 0.999994 
0.002050 0.003504 0.999992 0.009439 -0.005222 0.999942 0.007478 -0.003797 0.999965 -0.002723 0.032181 0.999478 0.021304 0.042180 0.998883 -0.000176 0.002975 0.999996 
0.000391 0.000686 1.000000 0.013280 -0.007156 0.999886 0.007753 -0.003863 0.999962 -0.002114 0.023370 0.999725 0.016558 0.033402 0.999305 -0.000042 0.000631 1.000000 
-0.003752 -0.006634 0.999971 0.017825 -0.009519 0.999796 0.009705 -0.004811 0.999941 -0.001261 0.013616 0.999906 0.011281 0.022874 0.999675 0.000391 -0.005646 0.999984 
-0.007432 -0.013007 0.999888 0.023827 -0.012851 0.999633 0.012006 -0.006037 0.999910 -0.000233 0.002502 0.999997 0.005615 0.011222 0.999921 0.000786 -0.011169 0.999937 
-0.010481 -0.017998 0.999783 0.028966 -0.015921 0.999454 0.013991 -0.007190 0.999876 0.000753 -0.008169 0.999966 0.000009 0.000017 1.000000 0.001099 -0.015681 0.999876 
-0.013104 -0.022295 0.999666 0.034113 -0.018914 0.999239 0.013364 -0.006869 0.999887 0.001084 -0.011318 0.999935 0.000705 0.001378 0.999999 0.001498 -0.020711 0.999784 
-0.012901 -0.021856 0.999678 0.000642 0.001254 0.999999 0.013633 -0.007007 0.999883 0.001615 -0.014864 0.999888 0.040822 -0.022725 0.998908 0.001740 -0.020535 0.999788 
-0.011096 -0.018813 0.999761 0.000569 0.001112 0.999999 0.014369 -0.007385 0.999869 0.002321 -0.018328 0.999829 0.046403 -0.025810 0.998589 0.001934 -0.018756 0.999822 
-0.010311 -0.017502 0.999794 0.000511 0.000999 0.999999 0.015465 -0.007951 0.999849 0.003041 -0.021567 0.999763 0.049093 -0.027277 0.998422 0.002352 -0.019970 0.999798 
-0.012035 -0.020404 0.999719 0.000431 0.000842 1.000000 0.016287 -0.008375 0.999832 0.003741 -0.025432 0.999670 0.050866 -0.028280 0.998305 0.003209 -0.025926 0.999659 
-0.016031 -0.027163 0.999502 0.000356 0.000695 1.000000 0.016878 -0.008678 0.999820 0.004304 -0.029618 0.999552 0.052112 -0.028956 0.998221 0.004368 -0.035818 0.999349 
-0.020766 -0.035105 0.999168 0.000286 0.000559 1.000000 0.017226 -0.008857 0.999812 0.004680 -0.033623 0.999424 0.053070 -0.029516 0.998154 0.005374 -0.046519 0.998903 
-0.025713 -0.043324 0.998730 0.000222 0.000433 1.000000 0.017215 -0.008851 0.999813 0.004872 -0.037373 0.999290 0.053240 -0.029668 0.998141 0.006091 -0.057321 0.998337 
-0.030209 -0.050769 0.998253 0.000163 0.000318 1.000000 0.016732 -0.008603 0.999823 0.004949 -0.040439 0.999170 0.052866 -0.029503 0.998166 0.006530 -0.066661 0.997754 
-0.033585 -0.056377 0.997845 0.000108 0.000210 1.000000 0.015765 -0.008105 0.999843 0.004956 -0.042280 0.999093 0.051993 -0.029027 0.998225 0.006777 -0.073115 0.997301 
-0.035404 -0.059444 0.997604 0.000056 0.000110 1.000000 0.014316 -0.007361 0.999870 0.004939 -0.042717 0.999075 0.050628 -0.028251 0.998318 0.006930 -0.075997 0.997084 
-0.036224 -0.060956 0.997483 0.000007 0.000014 1.000000 0.012381 -0.006366 0.999903 0.004906 -0.042238 0.999096 0.048735 -0.027136 0.998443 0.007058 -0.076631 0.997035 
-0.036508 -0.061536 0.997437 -0.000020 -0.000040 1.000000 0.009933 -0.005107 0.999938 0.004781 -0.040940 0.999150 0.046363 -0.025781 0.998592 0.007038 -0.075665 0.997108 
-0.036209 -0.061088 0.997475 -0.000032 -0.000063 1.000000 0.006938 -0.003567 0.999970 0.004575 -0.038855 0.999234 0.043427 -0.024141 0.998765 0.006881 -0.073097 0.997301 
-0.035313 -0.059667 0.997594 -0.000044 -0.000085 1.000000 0.003416 -0.001756 0.999993 0.004319 -0.036087 0.999339 0.039946 -0.022191 0.998955 0.006644 -0.069022 0.997593 
-0.033935 -0.057460 0.997771 0.000009 0.000018 1.000000 0.002399 -0.001234 0.999996 0.003826 -0.031423 0.999499 0.036036 -0.019995 0.999150 0.006310 -0.063990 0.997931 
-0.032226 -0.054701 0.997983 0.000243 0.000475 1.000000 0.001742 -0.000895 0.999998 0.003157 -0.025810 0.999662 0.031199 -0.017288 0.999364 0.005815 -0.058516 0.998270 
-0.030213 -0.051422 0.998220 0.000123 0.000241 1.000000 0.001150 -0.000591 0.999999 0.002380 -0.019542 0.999806 0.025620 -0.014175 0.999571 0.005131 -0.051802 0.998644 
-0.027859 -0.047554 0.998480 -0.000019 -0.000037 1.000000 0.000967 -0.000497 0.999999 0.001553 -0.012868 0.999916 0.019610 -0.010830 0.999749 0.004377 -0.044607 0.998995 
-0.024407 -0.041806 0.998828 -0.000140 -0.000274 1.000000 0.000350 -0.000180 1.000000 0.001080 -0.008941 0.999959 0.014477 -0.007975 0.999863 0.003728 -0.037802 0.999278 
-0.021521 -0.036981 0.999084 -0.000133 -0.000261 1.000000 0.000279 -0.000143 1.000000 0.000757 -0.006245 0.999980 0.009659 -0.005308 0.999939 0.003317 -0.033361 0.999438 
-0.018282 -0.031515 0.999336 -0.000127 -0.000247 1.000000 0.000185 -0.000095 1.000000 0.000423 -0.003482 0.999994 0.004717 -0.002585 0.999986 0.002841 -0.028362 0.999594 
-0.014594 -0.025240 0.999575 -0.000939 -0.001835 0.999998 -0.001273 0.000654 0.999999 0.000253 -0.002069 0.999998 -0.000374 0.000204 1.000000 0.002233 -0.022050 0.999754 
-0.010216 -0.017641 0.999792 -0.000839 -0.001640 0.999998 -0.002243 0.001153 0.999997 0.000207 -0.001695 0.999999 -0.000764 0.000418 1.000000 0.001504 -0.014915 0.999888 
-0.006231 -0.010754 0.999923 -0.000739 -0.001445 0.999999 -0.004875 0.002505 0.999985 0.000177 -0.001448 0.999999 -0.000744 0.000408 1.000000 0.000742 -0.007385 0.999972 
-0.002980 -0.005143 0.999982 -0.000648 -0.001266 0.999999 -0.007689 0.003950 0.999963 0.000157 -0.001290 0.999999 -0.000401 0.000219 1.000000 0.000077 -0.000764 1.000000 
-0.001758 -0.003028 0.999994 -0.000434 -0.000848 1.000000 -0.009882 0.005077 0.999938 -0.000165 0.001364 0.999999 -0.004157 0.002282 0.999989 -0.000258 0.002602 0.999997 
-0.002579 -0.004438 0.999987 -0.000365 -0.000714 1.000000 -0.011406 0.005861 0.999918 -0.000309 0.002563 0.999997 -0.004990 0.002741 0.999984 -0.000283 0.002874 0.999996 
-0.001514 -0.002605 0.999995 -0.000303 -0.000592 1.000000 -0.012322 0.006332 0.999904 -0.000275 0.002280 0.999997 -0.005234 0.002876 0.999982 -0.000439 0.004442 0.999990 
-0.001383 -0.002379 0.999996 -0.000258 -0.000504 1.000000 -0.012188 0.006264 0.999906 -0.000250 0.002072 0.999998 -0.004707 0.002587 0.999986 -0.000451 0.004565 0.999989 
-0.001840 -0.003163 0.999993 -0.000120 -0.000235 1.000000 -0.011613 0.005973 0.999915 -0.000250 0.002061 0.999998 -0.002764 0.001520 0.999995 -0.000436 0.004395 0.999990 
-0.001967 -0.003381 0.999992 -0.000085 -0.000166 1.000000 -0.010037 0.005163 0.999936 -0.000255 0.002106 0.999998 -0.001039 0.000572 0.999999 -0.000425 0.004278 0.999991 
-0.001777 -0.003055 0.999994 -0.000051 -0.000100 1.000000 -0.007881 0.004053 0.999961 -0.000231 0.001904 0.999998 -0.000918 0.000505 0.999999 -0.000317 0.003188 0.999995 
-0.001961 -0.003371 0.999992 -0.000027 -0.000052 1.000000 -0.005188 0.002669 0.999983 -0.000218 0.001796 0.999998 0.000233 -0.000128 1.000000 -0.000192 0.001923 0.999998 
-0.002790 -0.004796 0.999985 0.000007 0.000014 1.000000 -0.002181 0.001122 0.999997 -0.000248 0.002036 0.999998 0.001560 -0.000858 0.999998 0.000004 -0.000035 1.000000 
-0.003411 -0.005875 0.999977 -0.000051 -0.000099 1.000000 0.000039 -0.000020 1.000000 -0.000222 0.001816 0.999998 0.001556 -0.000854 0.999998 0.000233 -0.002315 0.999997 
-0.004065 -0.007011 0.999967 -0.000045 -0.000089 1.000000 0.000024 -0.000013 1.000000 -0.000133 0.001090 0.999999 0.002446 -0.001341 0.999996 0.000360 -0.003565 0.999994 
-0.004538 -0.007824 0.999959 -0.000280 -0.000546 1.000000 -0.000077 0.000039 1.000000 0.000078 -0.000641 1.000000 0.004783 -0.002622 0.999985 0.000439 -0.004341 0.999990 
-0.005147 -0.008870 0.999947 -0.000265 -0.000517 1.000000 -0.000048 0.000025 1.000000 0.000279 -0.002282 0.999997 0.007474 -0.004099 0.999964 0.000556 -0.005513 0.999985 
-0.005856 -0.010084 0.999932 -0.000238 -0.000466 1.000000 -0.000012 0.000006 1.000000 0.000464 -0.003799 0.999993 0.009986 -0.005481 0.999935 0.000687 -0.006828 0.999976 
-0.006437 -0.011077 0.999918 -0.000366 -0.000713 1.000000 0.002751 -0.001417 0.999995 0.000629 -0.005170 0.999986 0.012320 -0.006765 0.999901 0.000916 -0.009127 0.999958 
-0.006788 -0.011677 0.999909 -0.000329 -0.000641 1.000000 0.002522 -0.001299 0.999996 0.000788 -0.006477 0.999979 0.014491 -0.007959 0.999863 0.000977 -0.009748 0.999952 
-0.007108 -0.012223 0.999900 -0.000294 -0.000573 1.000000 0.002322 -0.001196 0.999997 0.000922 -0.007583 0.999971 0.016316 -0.008964 0.999827 0.001033 -0.010315 0.999946 
-0.007307 -0.012562 0.999894 -0.000260 -0.000508 1.000000 0.002166 -0.001116 0.999997 0.001031 -0.008488 0.999963 0.017817 -0.009790 0.999793 0.001070 -0.010696 0.999942 
-0.007284 -0.012518 0.999895 0.000848 0.001654 0.999998 0.002991 -0.001541 0.999994 0.001032 -0.008516 0.999963 0.019063 -0.010478 0.999763 0.001223 -0.012282 0.999924 
-0.007068 -0.012142 0.999901 0.000766 0.001494 0.999999 0.002791 -0.001437 0.999995 0.001112 -0.009185 0.999957 0.020049 -0.011024 0.999738 0.001180 -0.011863 0.999929 
-0.006890 -0.011836 0.999906 -0.000685 -0.001335 0.999999 0.004665 -0.002405 0.999986 0.001283 -0.010601 0.999943 0.020814 -0.011447 0.999718 0.001122 -0.011269 0.999936 
-0.007009 -0.012033 0.999903 0.000360 0.000701 1.000000 0.006183 -0.003188 0.999976 0.001156 -0.009598 0.999953 0.021130 -0.011627 0.999709 0.001264 -0.012783 0.999917 
-0.006737 -0.011565 0.999910 -0.000709 -0.001380 0.999999 0.008427 -0.004348 0.999955 0.001237 -0.010292 0.999946 0.021433 -0.011796 0.999701 0.001223 -0.012390 0.999922 
-0.006407 -0.010995 0.999919 -0.000218 -0.000424 1.000000 0.008560 -0.004419 0.999954 0.001200 -0.009998 0.999949 0.021468 -0.011818 0.999700 0.001227 -0.012451 0.999922 
-0.006109 -0.010484 0.999926 -0.000186 -0.000362 1.000000 0.007834 -0.004044 0.999961 0.001203 -0.010019 0.999949 0.021299 -0.011725 0.999704 0.001160 -0.011776 0.999930 
-0.005812 -0.009977 0.999933 0.000085 0.000166 1.000000 0.007126 -0.003678 0.999968 0.001198 -0.009967 0.999950 0.020860 -0.011481 0.999716 0.001144 -0.011581 0.999932 
-0.005568 -0.009561 0.999939 0.000076 0.000147 1.000000 0.006527 -0.003369 0.999973 0.001171 -0.009739 0.999952 0.020269 -0.011152 0.999732 0.001083 -0.010963 0.999939 
-0.005352 -0.009194 0.999943 0.000071 0.000137 1.000000 0.005983 -0.003088 0.999977 0.001135 -0.009440 0.999955 0.019566 -0.010763 0.999751 0.001030 -0.010414 0.999945 
-0.005027 -0.008638 0.999950 0.000526 0.001024 0.999999 0.005754 -0.002970 0.999979 0.001067 -0.008867 0.999960 0.018689 -0.010277 0.999773 0.001033 -0.010443 0.999945 
-0.004785 -0.008225 0.999955 0.000699 0.001360 0.999999 0.005074 -0.002619 0.999984 0.001018 -0.008456 0.999964 0.017867 -0.009823 0.999792 0.000993 -0.010022 0.999949 
-0.004624 -0.007950 0.999958 0.000634 0.001234 0.999999 0.004607 -0.002377 0.999987 0.000982 -0.008153 0.999966 0.017127 -0.009414 0.999809 0.000943 -0.009513 0.999954 
-0.004537 -0.007801 0.999959 0.000139 0.000271 1.000000 0.004693 -0.002422 0.999986 0.000989 -0.008212 0.999966 0.016510 -0.009073 0.999823 0.000895 -0.009013 0.999959 
-0.004498 -0.007736 0.999960 0.000125 0.000244 1.000000 0.004254 -0.002196 0.999989 0.000958 -0.007953 0.999968 0.015926 -0.008751 0.999835 0.000868 -0.008746 0.999961 
-0.004489 -0.007720 0.999960 -0.000793 -0.001543 0.999998 0.004100 -0.002117 0.999989 0.001036 -0.008579 0.999963 0.015379 -0.008451 0.999846 0.000805 -0.008080 0.999967 
-0.004416 -0.007594 0.999961 -0.000012 -0.000023 1.000000 0.004688 -0.002422 0.999986 0.000942 -0.007813 0.999969 0.014889 -0.008181 0.999856 0.000901 -0.009055 0.999959 
-0.004415 -0.007594 0.999961 -0.000024 -0.000047 1.000000 0.004234 -0.002188 0.999989 0.000917 -0.007607 0.999971 0.014456 -0.007944 0.999864 0.000877 -0.008811 0.999961 
-0.004361 -0.007501 0.999962 0.000373 0.000724 1.000000 0.003987 -0.002060 0.999990 0.000875 -0.007258 0.999973 0.014009 -0.007698 0.999872 0.000909 -0.009134 0.999958 
-0.004394 -0.007558 0.999962 0.000338 0.000657 1.000000 0.003616 -0.001868 0.999992 0.000852 -0.007070 0.999975 0.013624 -0.007486 0.999879 0.000890 -0.008941 0.999960 
-0.004441 -0.007638 0.999961 0.000305 0.000593 1.000000 0.003280 -0.001694 0.999993 0.000832 -0.006900 0.999976 0.013273 -0.007293 0.999885 0.000875 -0.008789 0.999961 
-0.004482 -0.007709 0.999960 0.000276 0.000536 1.000000 0.002977 -0.001538 0.999994 0.000813 -0.006743 0.999977 0.012953 -0.007118 0.999891 0.000861 -0.008651 0.999962 
-0.004495 -0.007730 0.999960 0.000476 0.000925 0.999999 0.002543 -0.001314 0.999996 0.000787 -0.006525 0.999978 0.012642 -0.006946 0.999896 0.000867 -0.008708 0.999962 
-0.004537 -0.007803 0.999959 0.000151 0.000294 1.000000 0.002665 -0.001377 0.999996 0.000795 -0.006590 0.999978 0.012366 -0.006795 0.999900 0.000849 -0.008522 0.999963 
-0.004500 -0.007741 0.999960 0.000923 0.001795 0.999998 0.001900 -0.000981 0.999998 0.000746 -0.006182 0.999981 0.012047 -0.006619 0.999906 0.000903 -0.009075 0.999958 
-0.004545 -0.007819 0.999959 0.000835 0.001623 0.999998 0.001726 -0.000892 0.999998 0.000733 -0.006074 0.999981 0.011798 -0.006482 0.999909 0.000889 -0.008926 0.999960 
-0.004593 -0.007902 0.999958 0.000755 0.001468 0.999999 0.001568 -0.000810 0.999998 0.000719 -0.005960 0.999982 0.011544 -0.006342 0.999913 0.000877 -0.008802 0.999961 
-0.004643 -0.007988 0.999957 0.000386 0.000751 1.000000 0.002160 -0.001116 0.999997 0.000718 -0.005949 0.999982 0.011296 -0.006206 0.999917 0.000868 -0.008717 0.999962 
-0.004700 -0.008084 0.999956 0.000350 0.000680 1.000000 0.001962 -0.001014 0.999998 0.000702 -0.005824 0.999983 0.011047 -0.006069 0.999921 0.000861 -0.008641 0.999962 
-0.004750 -0.008171 0.999955 0.000316 0.000614 1.000000 0.001779 -0.000919 0.999998 0.000688 -0.005703 0.999984 0.010806 -0.005937 0.999924 0.000853 -0.008568 0.999963 
-0.004790 -0.008239 0.999955 0.000051 0.000098 1.000000 0.001913 -0.000988 0.999998 0.000694 -0.005750 0.999983 0.010581 -0.005813 0.999927 0.000841 -0.008436 0.999964 
-0.004807 -0.008268 0.999954 0.000044 0.000085 1.000000 0.001735 -0.000897 0.999998 0.000679 -0.005631 0.999984 0.010377 -0.005701 0.999930 0.000831 -0.008342 0.999965 
-0.004817 -0.008286 0.999954 0.000039 0.000076 1.000000 0.001572 -0.000813 0.999998 0.000667 -0.005527 0.999985 0.010204 -0.005606 0.999932 0.000822 -0.008248 0.999966 
-0.004825 -0.008301 0.999954 0.000035 0.000068 1.000000 0.001428 -0.000738 0.999999 0.000656 -0.005439 0.999985 0.010057 -0.005525 0.999934 0.000814 -0.008165 0.999966 
-0.004833 -0.008313 0.999954 0.000032 0.000062 1.000000 0.001297 -0.000670 0.999999 0.000647 -0.005360 0.999985 0.009925 -0.005453 0.999936 0.000806 -0.008090 0.999967 
-0.004840 -0.008326 0.999954 0.000028 0.000055 1.000000 0.001179 -0.000609 0.999999 0.000638 -0.005288 0.999986 0.009805 -0.005387 0.999937 0.000800 -0.008023 0.999967 
-0.004846 -0.008337 0.999954 0.000026 0.000050 1.000000 0.001074 -0.000555 0.999999 0.000630 -0.005223 0.999986 0.009697 -0.005328 0.999939 0.000793 -0.007962 0.999968 
-0.004852 -0.008347 0.999953 0.000023 0.000044 1.000000 0.000977 -0.000505 0.999999 0.000623 -0.005164 0.999986 0.009599 -0.005274 0.999940 0.000788 -0.007907 0.999968 
-0.004857 -0.008356 0.999953 0.000020 0.000039 1.000000 0.000888 -0.000459 1.000000 0.000617 -0.005111 0.999987 0.009509 -0.005224 0.999941 0.000783 -0.007856 0.999969 
-0.004859 -0.008359 0.999953 -0.000823 -0.001600 0.999998 0.001790 -0.000925 0.999998 0.000685 -0.005677 0.999984 0.009401 -0.005165 0.999942 0.000759 -0.007607 0.999971 
-0.004805 -0.008265 0.999954 0.000051 0.000099 1.000000 0.003141 -0.001624 0.999994 0.000577 -0.004794 0.999988 0.009235 -0.005074 0.999944 0.000883 -0.008881 0.999960 
-0.004789 -0.008238 0.999955 -0.000314 -0.000610 1.000000 0.002669 -0.001380 0.999995 0.000621 -0.005149 0.999987 0.009014 -0.004953 0.999947 0.000845 -0.008487 0.999964 
-0.004758 -0.008184 0.999955 -0.000282 -0.000547 1.000000 0.002426 -0.001254 0.999996 0.000600 -0.004975 0.999987 0.008769 -0.004819 0.999950 0.000828 -0.008315 0.999965 
-0.004726 -0.008129 0.999956 -0.000252 -0.000490 1.000000 0.002197 -0.001136 0.999997 0.000581 -0.004818 0.999988 0.008545 -0.004696 0.999952 0.000812 -0.008152 0.999966 
-0.004692 -0.008071 0.999956 -0.000225 -0.000438 1.000000 0.001994 -0.001031 0.999997 0.000564 -0.004676 0.999989 0.008344 -0.004585 0.999955 0.000796 -0.007998 0.999968 
-0.004636 -0.007974 0.999957 0.000417 0.000810 1.000000 0.002297 -0.001188 0.999997 0.000499 -0.004148 0.999991 0.008132 -0.004469 0.999957 0.000865 -0.008706 0.999962 
-0.004662 -0.008019 0.999957 0.000377 0.000731 1.000000 0.002078 -0.001075 0.999997 0.000488 -0.004051 0.999992 0.007916 -0.004350 0.999959 0.000853 -0.008579 0.999963 
-0.004697 -0.008079 0.999956 0.000338 0.000657 1.000000 0.001869 -0.000966 0.999998 0.000477 -0.003964 0.999992 0.007709 -0.004236 0.999961 0.000843 -0.008477 0.999964 
-0.004736 -0.008146 0.999956 0.000303 0.000589 1.000000 0.001680 -0.000868 0.999998 0.000468 -0.003885 0.999992 0.007520 -0.004133 0.999963 0.000835 -0.008396 0.999964 
-0.004767 -0.008199 0.999955 0.000088 0.000171 1.000000 0.001373 -0.000710 0.999999 0.000486 -0.004036 0.999992 0.007372 -0.004051 0.999965 0.000812 -0.008159 0.999966 
-0.004783 -0.008227 0.999955 0.000057 0.000110 1.000000 0.001190 -0.000615 0.999999 0.000482 -0.003997 0.999992 0.007251 -0.003985 0.999966 0.000802 -0.008057 0.999967 
-0.004799 -0.008254 0.999954 0.000050 0.000098 1.000000 0.001074 -0.000555 0.999999 0.000473 -0.003925 0.999992 0.007136 -0.003921 0.999967 0.000796 -0.007996 0.999968 
-0.004813 -0.008278 0.999954 0.000045 0.000088 1.000000 0.000968 -0.000501 0.999999 0.000465 -0.003859 0.999992 0.007031 -0.003864 0.999968 0.000790 -0.007940 0.999968 
-0.004825 -0.008299 0.999954 0.000041 0.000079 1.000000 0.000875 -0.000452 1.000000 0.000458 -0.003800 0.999993 0.006938 -0.003813 0.999969 0.000785 -0.007890 0.999969 
-0.004836 -0.008317 0.999954 0.000037 0.000071 1.000000 0.000788 -0.000407 1.000000 0.000451 -0.003745 0.999993 0.006851 -0.003765 0.999969 0.000781 -0.007843 0.999969 
-0.004845 -0.008332 0.999954 0.000033 0.000065 1.000000 0.000710 -0.000367 1.000000 0.000445 -0.003696 0.999993 0.006774 -0.003723 0.999970 0.000776 -0.007800 0.999969 
-0.004852 -0.008346 0.999953 0.000031 0.000059 1.000000 0.000640 -0.000331 1.000000 0.000440 -0.003652 0.999993 0.006704 -0.003684 0.999971 0.000773 -0.007761 0.999970 
-0.004859 -0.008358 0.999953 0.000028 0.000054 1.000000 0.000576 -0.000298 1.000000 0.000435 -0.003612 0.999993 0.006640 -0.003649 0.999971 0.000769 -0.007726 0.999970 
-0.004865 -0.008367 0.999953 0.000026 0.000050 1.000000 0.000522 -0.000270 1.000000 0.000431 -0.003576 0.999994 0.006585 -0.003619 0.999972 0.000766 -0.007694 0.999970 
-0.004870 -0.008376 0.999953 0.000024 0.000046 1.000000 0.000470 -0.000243 1.000000 0.000427 -0.003543 0.999994 0.006532 -0.003590 0.999972 0.000763 -0.007665 0.999970 
-0.004875 -0.008385 0.999953 0.000022 0.000042 1.000000 0.000424 -0.000219 1.000000 0.000423 -0.003513 0.999994 0.006486 -0.003565 0.999973 0.000760 -0.007639 0.999971 
-0.004880 -0.008393 0.999953 0.000020 0.000039 1.000000 0.000382 -0.000198 1.000000 0.000420 -0.003486 0.999994 0.006444 -0.003542 0.999973 0.000758 -0.007615 0.999971 
-0.004881 -0.008396 0.999953 0.000015 0.000030 1.000000 0.000337 -0.000174 1.000000 0.000418 -0.003471 0.999994 0.006417 -0.003526 0.999973 0.000755 -0.007585 0.999971 
-0.004849 -0.008340 0.999953 0.000529 0.001028 0.999999 0.000660 -0.000341 1.000000 0.000381 -0.003163 0.999995 0.006379 -0.003506 0.999974 0.000822 -0.008260 0.999966 
-0.004867 -0.008371 0.999953 0.000475 0.000923 0.999999 0.000594 -0.000307 1.000000 0.000380 -0.003158 0.999995 0.006317 -0.003472 0.999974 0.000815 -0.008190 0.999966 
-0.004894 -0.008418 0.999953 0.000423 0.000821 1.000000 0.000521 -0.000269 1.000000 0.000380 -0.003152 0.999995 0.006242 -0.003430 0.999975 0.000810 -0.008140 0.999967 
-0.004916 -0.008456 0.999952 0.000379 0.000736 1.000000 0.000454 -0.000235 1.000000 0.000378 -0.003141 0.999995 0.006172 -0.003392 0.999975 0.000805 -0.008092 0.999967 
-0.004935 -0.008488 0.999952 0.000341 0.000662 1.000000 0.000402 -0.000208 1.000000 0.000377 -0.003132 0.999995 0.006117 -0.003362 0.999976 0.000801 -0.008049 0.999967 
-0.004927 -0.008474 0.999952 0.000802 0.001558 0.999998 0.000699 -0.000361 1.000000 0.000343 -0.002849 0.999996 0.006056 -0.003328 0.999976 0.000864 -0.008699 0.999962 
-0.004967 -0.008542 0.999951 0.000129 0.000250 1.000000 0.001931 -0.000999 0.999998 0.000377 -0.003137 0.999995 0.005983 -0.003289 0.999977 0.000861 -0.008662 0.999962 
-0.004993 -0.008586 0.999951 0.000116 0.000225 1.000000 0.001760 -0.000911 0.999998 0.000368 -0.003058 0.999995 0.005836 -0.003208 0.999978 0.000853 -0.008586 0.999963 
-0.005011 -0.008617 0.999950 0.000104 0.000202 1.000000 0.001594 -0.000825 0.999998 0.000358 -0.002975 0.999996 0.005673 -0.003118 0.999979 0.000845 -0.008506 0.999963 
-0.005027 -0.008645 0.999950 0.000093 0.000181 1.000000 0.001442 -0.000746 0.999999 0.000349 -0.002898 0.999996 0.005524 -0.003036 0.999980 0.000838 -0.008432 0.999964 
-0.005042 -0.008670 0.999950 0.000084 0.000163 1.000000 0.001305 -0.000675 0.999999 0.000340 -0.002828 0.999996 0.005389 -0.002962 0.999981 0.000831 -0.008365 0.999965 
-0.005050 -0.008684 0.999950 -0.000070 -0.000135 1.000000 0.000862 -0.000446 1.000000 0.000360 -0.002992 0.999995 0.005281 -0.002903 0.999982 0.000807 -0.008111 0.999967 
-0.005045 -0.008675 0.999950 -0.000063 -0.000122 1.000000 0.000780 -0.000403 1.000000 0.000352 -0.002927 0.999996 0.005199 -0.002858 0.999982 0.000801 -0.008048 0.999967 
-0.005039 -0.008664 0.999950 -0.000055 -0.000107 1.000000 0.000709 -0.000367 1.000000 0.000345 -0.002869 0.999996 0.005129 -0.002819 0.999983 0.000795 -0.007991 0.999968 
-0.004986 -0.008574 0.999951 0.000522 0.001013 0.999999 0.000591 -0.000306 1.000000 0.000312 -0.002587 0.999997 0.005108 -0.002808 0.999983 0.000848 -0.008515 0.999963 
-0.004952 -0.008513 0.999952 0.000718 0.001392 0.999999 0.000405 -0.000210 1.000000 0.000300 -0.002493 0.999997 0.005081 -0.002794 0.999983 0.000857 -0.008598 0.999963 
-0.004972 -0.008547 0.999951 -0.000177 -0.000344 1.000000 0.002351 -0.001218 0.999996 0.000340 -0.002826 0.999996 0.005051 -0.002778 0.999983 0.000855 -0.008584 0.999963 
-0.004966 -0.008537 0.999951 -0.000159 -0.000309 1.000000 0.002139 -0.001108 0.999997 0.000334 -0.002771 0.999996 0.004988 -0.002743 0.999984 0.000843 -0.008467 0.999964 
-0.004949 -0.008508 0.999952 -0.000141 -0.000274 1.000000 0.001948 -0.001009 0.999998 0.000325 -0.002697 0.999996 0.004890 -0.002689 0.999984 0.000831 -0.008345 0.999965 
-0.004936 -0.008486 0.999952 -0.000126 -0.000244 1.000000 0.001777 -0.000920 0.999998 0.000314 -0.002611 0.999997 0.004773 -0.002624 0.999985 0.000820 -0.008232 0.999966 
-0.004925 -0.008466 0.999952 -0.000113 -0.000220 1.000000 0.001625 -0.000842 0.999998 0.000304 -0.002528 0.999997 0.004657 -0.002561 0.999986 0.000809 -0.008131 0.999967 
-0.004914 -0.008446 0.999952 -0.000102 -0.000198 1.000000 0.001488 -0.000770 0.999999 0.000295 -0.002448 0.999997 0.004543 -0.002498 0.999987 0.000800 -0.008037 0.999967 
-0.004903 -0.008428 0.999952 -0.000092 -0.000178 1.000000 0.001364 -0.000706 0.999999 0.000286 -0.002372 0.999997 0.004434 -0.002438 0.999987 0.000792 -0.007952 0.999968 
-0.004894 -0.008413 0.999953 -0.000083 -0.000162 1.000000 0.001249 -0.000647 0.999999 0.000277 -0.002301 0.999997 0.004328 -0.002380 0.999988 0.000784 -0.007875 0.999969 
-0.004885 -0.008397 0.999953 -0.000075 -0.000146 1.000000 0.001144 -0.000592 0.999999 0.000269 -0.002235 0.999997 0.004229 -0.002326 0.999988 0.000777 -0.007802 0.999969 
-0.004872 -0.008374 0.999953 -0.000068 -0.000132 1.000000 0.000942 -0.000488 0.999999 0.000266 -0.002206 0.999998 0.004151 -0.002283 0.999989 0.000767 -0.007697 0.999970 
-0.004859 -0.008353 0.999953 -0.000178 -0.000344 1.000000 0.000866 -0.000448 1.000000 0.000273 -0.002269 0.999997 0.004071 -0.002239 0.999989 0.000754 -0.007565 0.999971 
-0.004838 -0.008316 0.999954 -0.000160 -0.000310 1.000000 0.000794 -0.000411 1.000000 0.000266 -0.002210 0.999998 0.004005 -0.002203 0.999990 0.000747 -0.007499 0.999972 
-0.004819 -0.008283 0.999954 -0.000144 -0.000279 1.000000 0.000730 -0.000378 1.000000 0.000260 -0.002157 0.999998 0.003947 -0.002170 0.999990 0.000741 -0.007439 0.999972 
-0.004789 -0.008231 0.999955 -0.000268 -0.000519 1.000000 0.000049 -0.000025 1.000000 0.000320 -0.002647 0.999996 0.003901 -0.002146 0.999990 0.000735 -0.007347 0.999973 
-0.004736 -0.008140 0.999956 0.000223 0.000433 1.000000 0.000889 -0.000461 0.999999 0.000263 -0.002182 0.999998 0.003917 -0.002155 0.999990 0.000803 -0.008045 0.999967 
-0.004718 -0.008109 0.999956 0.000201 0.000389 1.000000 0.000819 -0.000424 1.000000 0.000260 -0.002153 0.999998 0.003892 -0.002141 0.999990 0.000791 -0.007926 0.999968 
-0.004715 -0.008103 0.999956 0.000180 0.000350 1.000000 0.000752 -0.000390 1.000000 0.000254 -0.002105 0.999998 0.003825 -0.002104 0.999990 0.000783 -0.007838 0.999969 
-0.004717 -0.008107 0.999956 0.000162 0.000314 1.000000 0.000682 -0.000353 1.000000 0.000248 -0.002058 0.999998 0.003754 -0.002065 0.999991 0.000775 -0.007764 0.999970 
-0.004730 -0.008129 0.999956 0.000146 0.000282 1.000000 0.000619 -0.000321 1.000000 0.000243 -0.002016 0.999998 0.003691 -0.002030 0.999991 0.000770 -0.007713 0.999970 
-0.004731 -0.008131 0.999956 -0.000135 -0.000261 1.000000 0.000353 -0.000183 1.000000 0.000278 -0.002307 0.999997 0.003667 -0.002017 0.999991 0.000742 -0.007423 0.999972 
-0.004723 -0.008116 0.999956 -0.000120 -0.000233 1.000000 0.000322 -0.000167 1.000000 0.000272 -0.002251 0.999997 0.003636 -0.002000 0.999991 0.000738 -0.007376 0.999973 
-0.004714 -0.008101 0.999956 -0.000106 -0.000206 1.000000 0.000295 -0.000153 1.000000 0.000265 -0.002199 0.999998 0.003608 -0.001985 0.999992 0.000733 -0.007333 0.999973 
-0.004706 -0.008088 0.999956 -0.000094 -0.000182 1.000000 0.000269 -0.000140 1.000000 0.000260 -0.002153 0.999998 0.003583 -0.001971 0.999992 0.000729 -0.007295 0.999973 
-0.004699 -0.008076 0.999956 -0.000083 -0.000162 1.000000 0.000244 -0.000127 1.000000 0.000255 -0.002112 0.999998 0.003558 -0.001957 0.999992 0.000726 -0.007258 0.999973 
-0.004692 -0.008064 0.999956 -0.000073 -0.000142 1.000000 0.000222 -0.000115 1.000000 0.000250 -0.002074 0.999998 0.003535 -0.001945 0.999992 0.000722 -0.007225 0.999974 
-0.004686 -0.008052 0.999957 -0.000064 -0.000124 1.000000 0.000205 -0.000107 1.000000 0.000246 -0.002040 0.999998 0.003519 -0.001936 0.999992 0.000720 -0.007197 0.999974 
-0.004679 -0.008041 0.999957 -0.000056 -0.000108 1.000000 0.000191 -0.000099 1.000000 0.000243 -0.002010 0.999998 0.003504 -0.001928 0.999992 0.000717 -0.007170 0.999974 
-0.004651 -0.007993 0.999957 0.000419 0.000812 1.000000 0.000541 -0.000280 1.000000 0.000204 -0.001696 0.999999 0.003511 -0.001931 0.999992 0.000776 -0.007771 0.999970 
-0.004651 -0.007993 0.999957 -0.000185 -0.000357 1.000000 0.002827 -0.001466 0.999995 0.000224 -0.001860 0.999998 0.003558 -0.001957 0.999992 0.000815 -0.008175 0.999966 
-0.004643 -0.007977 0.999957 -0.000163 -0.000316 1.000000 0.002559 -0.001327 0.999996 0.000225 -0.001874 0.999998 0.003588 -0.001974 0.999992 0.000802 -0.008048 0.999967 
-0.004634 -0.007962 0.999958 -0.000144 -0.000278 1.000000 0.002318 -0.001202 0.999997 0.000226 -0.001882 0.999998 0.003610 -0.001986 0.999992 0.000790 -0.007931 0.999968 
-0.004623 -0.007944 0.999958 -0.000126 -0.000244 1.000000 0.002095 -0.001087 0.999997 0.000227 -0.001886 0.999998 0.003621 -0.001992 0.999991 0.000779 -0.007822 0.999969 
-0.004608 -0.007917 0.999958 -0.000236 -0.000458 1.000000 0.001628 -0.000844 0.999998 0.000249 -0.002072 0.999998 0.003627 -0.001996 0.999991 0.000753 -0.007549 0.999971 
