0.000586 0.000255 1.000000 0.000409 -0.000951 0.999999 0.000416 -0.000952 0.999999 0.000613 0.000250 1.000000 
-0.000512 -0.000223 1.000000 0.000803 -0.001867 0.999998 0.000813 -0.001859 0.999998 -0.000475 -0.000194 1.000000 
-0.003110 -0.001352 0.999994 -0.000068 0.000159 1.000000 -0.000078 0.000178 1.000000 -0.003143 -0.001284 0.999994 
-0.002825 -0.001229 0.999995 -0.000056 0.000130 1.000000 -0.000064 0.000147 1.000000 -0.002855 -0.001166 0.999995 
-0.002567 -0.001116 0.999996 -0.000048 0.000112 1.000000 -0.000056 0.000128 1.000000 -0.002593 -0.001060 0.999996 
-0.002304 -0.001002 0.999997 -0.000043 0.000100 1.000000 -0.000050 0.000114 1.000000 -0.002327 -0.000951 0.999997 
-0.001321 -0.000575 0.999999 0.000825 -0.001920 0.999998 0.000833 -0.001907 0.999998 -0.001290 -0.000527 0.999999 
-0.000751 -0.000327 1.000000 0.000326 -0.000758 1.000000 0.000328 -0.000751 1.000000 -0.000741 -0.000303 1.000000 
0.000456 0.000198 1.000000 -0.000527 0.001225 0.999999 -0.000533 0.001219 0.999999 0.000432 0.000177 1.000000 
-0.001260 -0.000548 0.999999 -0.001778 0.004136 0.999990 -0.001807 0.004133 0.999990 -0.001365 -0.000558 0.999999 
-0.000834 -0.000363 1.000000 -0.001509 0.003509 0.999993 -0.001532 0.003505 0.999993 -0.000921 -0.000376 1.000000 
-0.000718 -0.000312 1.000000 -0.001377 0.003202 0.999994 -0.001398 0.003198 0.999994 -0.000797 -0.000326 1.000000 
-0.000431 -0.000188 1.000000 -0.001261 0.002932 0.999995 -0.001280 0.002927 0.999995 -0.000501 -0.000205 1.000000 
-0.000163 -0.000071 1.000000 -0.001226 0.002852 0.999995 -0.001244 0.002846 0.999995 -0.000228 -0.000093 1.000000 
-0.000385 -0.000168 1.000000 -0.002153 0.005011 0.999985 -0.002185 0.005000 0.999985 -0.000502 -0.000205 1.000000 
-0.000320 -0.000139 1.000000 -0.002547 0.005928 0.999979 -0.002584 0.005914 0.999979 -0.000456 -0.000186 1.000000 
0.001059 0.000460 0.999999 -0.004052 0.009435 0.999947 -0.004107 0.009403 0.999947 0.000857 0.000350 1.000000 
-0.000410 -0.000178 1.000000 -0.006476 0.015078 0.999865 -0.006570 0.015041 0.999865 -0.000753 -0.000307 1.000000 
-0.001196 -0.000520 0.999999 -0.009013 0.020985 0.999739 -0.009145 0.020937 0.999739 -0.001679 -0.000686 0.999998 
-0.000974 -0.000423 0.999999 -0.010868 0.025304 0.999621 -0.011026 0.025243 0.999621 -0.001552 -0.000634 0.999999 
-0.002989 -0.001301 0.999995 -0.009242 0.021503 0.999726 -0.009382 0.021465 0.999726 -0.003500 -0.001431 0.999993 
-0.002685 -0.001169 0.999996 -0.003575 0.008315 0.999959 -0.003633 0.008310 0.999959 -0.002897 -0.001185 0.999995 
-0.004653 -0.002027 0.999987 -0.001513 0.003514 0.999993 -0.001547 0.003533 0.999993 -0.004776 -0.001955 0.999987 
-0.005163 -0.002251 0.999984 -0.000518 0.001202 0.999999 -0.000539 0.001231 0.999999 -0.005238 -0.002146 0.999984 
-0.003686 -0.001604 0.999992 -0.002987 0.006946 0.999971 -0.003039 0.006951 0.999971 -0.003877 -0.001585 0.999991 
-0.001758 -0.000732 0.999998 -0.004421 0.010743 0.999933 -0.004491 0.010726 0.999932 -0.002015 -0.000787 0.999998 
0.003137 0.001223 0.999994 -0.000967 0.002512 0.999996 -0.000975 0.002487 0.999996 0.003106 0.001132 0.999995 
0.005373 0.002099 0.999983 0.000220 -0.000570 1.000000 0.000236 -0.000601 1.000000 0.005431 0.001983 0.999983 
0.001684 0.000657 0.999998 -0.000718 0.001863 0.999998 -0.000725 0.001848 0.999998 0.001656 0.000604 0.999998 
0.001543 0.000602 0.999999 -0.000651 0.001691 0.999998 -0.000658 0.001677 0.999998 0.001518 0.000554 0.999999 
0.001140 0.000403 0.999999 -0.005033 0.014444 0.999883 -0.005118 0.014406 0.999883 0.000824 0.000271 1.000000 
0.005437 0.001664 0.999984 -0.000571 0.001894 0.999998 -0.000572 0.001858 0.999998 0.005430 0.001530 0.999984 
0.004675 0.001475 0.999988 0.000067 -0.000216 1.000000 0.000077 -0.000244 1.000000 0.004711 0.001372 0.999988 
-0.001513 -0.000481 0.999999 -0.001808 0.005771 0.999982 -0.001846 0.005769 0.999982 -0.001653 -0.000485 0.999999 
0.001049 0.000317 0.999999 -0.000988 0.003316 0.999994 -0.001006 0.003304 0.999994 0.000981 0.000273 0.999999 
0.002020 0.000609 0.999998 -0.000892 0.003009 0.999995 -0.000907 0.002991 0.999995 0.001966 0.000545 0.999998 
0.020910 0.009548 0.999736 -0.000333 -0.000093 1.000000 -0.000538 0.001811 0.999998 0.001058 -0.002104 0.999997 -0.002407 0.005245 0.999983 0.011256 -0.015808 0.999812 
0.007647 0.003452 0.999965 -0.000257 -0.000071 1.000000 -0.000516 0.001737 0.999998 0.000950 -0.001887 0.999998 -0.004811 0.010605 0.999932 0.006754 -0.009451 0.999933 
0.003836 0.001716 0.999991 -0.000311 -0.000086 1.000000 -0.002712 0.009215 0.999954 0.000822 -0.001634 0.999998 -0.009007 0.020039 0.999759 0.004421 -0.006191 0.999971 
0.004333 0.001921 0.999989 -0.000506 -0.000136 1.000000 -0.006540 0.022619 0.999723 0.000673 -0.001338 0.999999 -0.014048 0.031521 0.999404 0.002077 -0.002919 0.999994 
0.007365 0.003238 0.999968 -0.000573 -0.000151 1.000000 -0.010600 0.037409 0.999244 0.000542 -0.001079 0.999999 -0.018774 0.042452 0.998922 0.000112 -0.000158 1.000000 
0.010347 0.004522 0.999936 -0.000357 -0.000093 1.000000 -0.014468 0.051812 0.998552 0.000436 -0.000869 1.000000 -0.023043 0.052386 0.998361 -0.002031 0.002879 0.999994 
0.011812 0.005168 0.999917 0.000376 0.000097 1.000000 -0.017841 0.064041 0.997788 0.000377 -0.000751 1.000000 -0.026871 0.060978 0.997777 -0.004382 0.006218 0.999971 
0.012016 0.005278 0.999914 0.001134 0.000294 0.999999 -0.020787 0.074462 0.997007 0.000326 -0.000649 1.000000 -0.030359 0.068596 0.997182 -0.006798 0.009648 0.999930 
0.011129 0.004923 0.999926 0.001990 0.000520 0.999998 -0.023458 0.083470 0.996234 0.000279 -0.000557 1.000000 -0.033556 0.075296 0.996596 -0.009386 0.013312 0.999867 
0.009807 0.004380 0.999942 0.003129 0.000827 0.999995 -0.025908 0.091231 0.995493 0.000235 -0.000467 1.000000 -0.036444 0.081000 0.996048 -0.012005 0.017006 0.999783 
0.008417 0.003800 0.999957 0.004239 0.001134 0.999990 -0.028085 0.097742 0.994815 0.000191 -0.000381 1.000000 -0.038953 0.085684 0.995561 -0.014419 0.020398 0.999688 
0.007154 0.003266 0.999969 0.005267 0.001427 0.999985 -0.029918 0.102812 0.994251 0.000140 -0.000278 1.000000 -0.041064 0.089351 0.995153 -0.016451 0.023239 0.999595 
0.005784 0.002670 0.999980 0.005947 0.001633 0.999981 -0.031321 0.106214 0.993850 0.000076 -0.000151 1.000000 -0.042530 0.091540 0.994893 -0.018171 0.025624 0.999506 
0.004302 0.002007 0.999989 0.006592 0.001835 0.999977 -0.032233 0.107903 0.993639 0.000042 -0.000084 1.000000 -0.043462 0.092612 0.994753 -0.019496 0.027449 0.999433 
0.003064 0.001441 0.999994 0.006770 0.001905 0.999975 -0.032575 0.107928 0.993625 0.000015 -0.000029 1.000000 -0.043765 0.092549 0.994746 -0.020191 0.028389 0.999393 
0.001252 0.000593 0.999999 0.006554 0.001860 0.999977 -0.032476 0.106746 0.993756 -0.043492 0.091437 0.994861 -0.020821 0.029239 0.999356 -0.045504 0.090386 0.994867 0.056347 -0.112183 0.992089 
0.000504 0.000240 1.000000 0.006192 0.001767 0.999979 -0.031965 0.104523 0.994009 -0.042740 0.089539 0.995066 -0.020697 0.029044 0.999364 -0.044718 0.088522 0.995070 0.055051 -0.110036 0.992402 
0.000503 0.000239 1.000000 0.005684 0.001624 0.999983 -0.031000 0.101302 0.994373 -0.041410 0.086752 0.995369 -0.020005 0.028071 0.999406 -0.043326 0.085767 0.995373 0.053320 -0.106581 0.992873 
0.000271 0.000129 1.000000 0.005227 0.001496 0.999985 -0.029738 0.097076 0.994833 -0.039429 0.082590 0.995803 -0.019265 0.027030 0.999449 -0.041254 0.081657 0.995806 0.050975 -0.101874 0.993490 
0.000221 0.000105 1.000000 0.004697 0.001346 0.999988 -0.028252 0.092124 0.995347 -0.037325 0.078182 0.996240 -0.018314 0.025693 0.999502 -0.039052 0.077300 0.996243 0.048253 -0.096441 0.994168 
0.000239 0.000113 1.000000 0.004193 0.001204 0.999990 -0.026401 0.085952 0.995949 -0.034889 0.073080 0.996716 -0.017005 0.023850 0.999571 -0.036502 0.072255 0.996718 0.045122 -0.090187 0.994902 
0.000251 0.000119 1.000000 0.003601 0.001037 0.999993 -0.024214 0.078661 0.996607 -0.032161 0.067365 0.997210 -0.015367 0.021545 0.999650 -0.033647 0.066605 0.997212 0.041610 -0.083171 0.995666 
0.000273 0.000130 1.000000 0.003011 0.000870 0.999995 -0.021741 0.070444 0.997279 -0.029182 0.061126 0.997703 -0.013479 0.018887 0.999731 -0.030529 0.060435 0.997705 0.037763 -0.075479 0.996432 
0.000273 0.000130 1.000000 0.002444 0.000708 0.999997 -0.019036 0.061503 0.997925 -0.026021 0.054504 0.998174 -0.011396 0.015957 0.999808 -0.027221 0.053888 0.998176 0.033681 -0.067322 0.997163 
0.000270 0.000128 1.000000 0.001883 0.000547 0.999998 -0.016158 0.052067 0.998513 -0.022865 0.047894 0.998591 -0.009093 0.012724 0.999878 -0.023919 0.047352 0.998592 0.029597 -0.059162 0.997810 
0.000249 0.000118 1.000000 0.001333 0.000388 0.999999 -0.013172 0.042335 0.999017 -0.019700 0.041264 0.998954 -0.006663 0.009318 0.999934 -0.020608 0.040797 0.998955 0.025512 -0.050999 0.998373 
0.000238 0.000113 1.000000 0.000799 0.000233 1.000000 -0.010104 0.032395 0.999424 -0.016535 0.034635 0.999263 -0.004147 0.005797 0.999975 -0.017296 0.034242 0.999264 0.021405 -0.042792 0.998855 
0.000224 0.000106 1.000000 0.000334 0.000098 1.000000 -0.006977 0.022322 0.999726 -0.013344 0.027951 0.999520 -0.001603 0.002240 0.999996 -0.013958 0.027634 0.999521 0.017263 -0.034515 0.999255 
0.000210 0.000100 1.000000 0.000262 0.000077 1.000000 -0.003830 0.012253 0.999918 -0.010189 0.021342 0.999720 0.000867 -0.001211 0.999999 -0.010657 0.021099 0.999721 0.013178 -0.026353 0.999566 
0.000194 0.000092 1.000000 0.000205 0.000060 1.000000 -0.000729 0.002332 0.999997 -0.007084 0.014839 0.999865 0.003299 -0.004610 0.999984 -0.007409 0.014669 0.999865 0.009160 -0.018320 0.999790 
0.000167 0.000079 1.000000 0.000215 0.000063 1.000000 -0.000012 0.000037 1.000000 -0.004906 0.010277 0.999935 0.002964 -0.004142 0.999987 -0.005131 0.010158 0.999935 0.006344 -0.012689 0.999899 
-0.000156 -0.000074 1.000000 0.000215 0.000063 1.000000 -0.000009 0.000029 1.000000 -0.004260 0.008931 0.999951 0.002579 -0.003602 0.999990 -0.004458 0.008834 0.999951 0.005842 -0.011669 0.999915 
-0.000586 -0.000279 1.000000 0.000228 0.000067 1.000000 -0.000007 0.000022 1.000000 -0.004662 0.009767 0.999941 0.003062 -0.004267 0.999986 -0.004884 0.009671 0.999941 0.007362 -0.014623 0.999866 
0.000292 0.000139 1.000000 0.000243 0.000071 1.000000 -0.000005 0.000016 1.000000 0.001366 -0.002695 0.999995 -0.004628 0.009684 0.999942 0.004321 -0.005999 0.999973 
0.000904 0.000430 0.999999 0.000827 0.000242 1.000000 -0.000000 0.000001 1.000000 0.001820 -0.003588 0.999992 -0.004460 0.009328 0.999947 0.004816 -0.006681 0.999966 
0.001550 0.000737 0.999999 0.005262 0.001542 0.999985 -0.000085 0.000273 1.000000 0.001835 -0.003628 0.999992 -0.005064 0.010599 0.999931 0.004168 -0.005790 0.999975 
0.002505 0.001190 0.999996 0.006170 0.001808 0.999979 -0.000079 0.000253 1.000000 0.001133 -0.002243 0.999997 -0.005816 0.012190 0.999909 0.004104 -0.005704 0.999975 
0.004470 0.002120 0.999988 0.005543 0.001624 0.999983 -0.000392 0.001253 0.999999 0.001303 -0.002579 0.999996 -0.006828 0.014330 0.999874 0.005538 -0.007692 0.999955 
0.005244 0.002484 0.999983 0.005016 0.001470 0.999986 -0.000355 0.001137 0.999999 0.001178 -0.002331 0.999997 -0.008012 0.016832 0.999826 0.006689 -0.009289 0.999934 
0.005122 0.002425 0.999984 0.003504 0.001026 0.999993 -0.000933 0.002987 0.999995 0.001408 -0.002785 0.999995 -0.009163 0.019262 0.999772 0.007187 -0.009980 0.999924 
0.004899 0.002319 0.999985 0.003387 0.000991 0.999994 -0.001013 0.003243 0.999994 0.001574 -0.003114 0.999994 -0.009961 0.020938 0.999731 0.007667 -0.010649 0.999914 
0.004299 0.002035 0.999989 0.003104 0.000908 0.999995 -0.001506 0.004824 0.999987 0.001422 -0.002813 0.999995 -0.010723 0.022539 0.999688 0.007092 -0.009851 0.999926 
0.003810 0.001804 0.999991 0.003289 0.000962 0.999994 -0.002235 0.007160 0.999972 0.001436 -0.002843 0.999995 -0.011567 0.024313 0.999637 0.006332 -0.008798 0.999941 
0.003450 0.001634 0.999993 0.003008 0.000880 0.999995 -0.002896 0.009276 0.999953 0.001294 -0.002561 0.999996 -0.012475 0.026216 0.999578 0.005732 -0.007964 0.999952 
0.003267 0.001548 0.999993 0.002729 0.000799 0.999996 -0.003448 0.011043 0.999933 0.001163 -0.002302 0.999997 -0.013242 0.027823 0.999525 0.005289 -0.007349 0.999959 
0.003144 0.001489 0.999994 0.003575 0.001045 0.999993 -0.004122 0.013209 0.999904 0.001430 -0.002834 0.999995 -0.013840 0.029069 0.999482 0.004696 -0.006531 0.999968 
0.002949 0.001398 0.999995 0.005251 0.001533 0.999985 -0.004888 0.015682 0.999865 0.001983 -0.003935 0.999990 -0.014285 0.029995 0.999448 0.003915 -0.005454 0.999977 
0.002538 0.001203 0.999996 0.004720 0.001378 0.999988 -0.005062 0.016239 0.999855 -0.014571 0.030592 0.999426 0.003599 -0.005014 0.999981 -0.015217 0.030195 0.999428 0.023488 -0.046612 0.998637 
0.002121 0.001005 0.999997 0.004231 0.001235 0.999990 -0.005120 0.016426 0.999852 -0.014721 0.030909 0.999414 0.003369 -0.004693 0.999983 -0.015379 0.030517 0.999416 0.023290 -0.046217 0.998660 
0.001750 0.000830 0.999998 0.003315 0.000968 0.999994 -0.005020 0.016108 0.999858 0.001492 -0.002961 0.999995 -0.014761 0.030996 0.999411 0.003497 -0.004871 0.999982 
0.001426 0.000676 0.999999 0.005154 0.001503 0.999986 -0.005284 0.016975 0.999842 -0.014706 0.030885 0.999415 0.003049 -0.004253 0.999986 -0.015371 0.030509 0.999416 0.024283 -0.048337 0.998536 
0.001048 0.000497 0.999999 0.004235 0.001235 0.999990 -0.005052 0.016231 0.999856 -0.014585 0.030629 0.999424 0.003312 -0.004620 0.999984 -0.015249 0.030264 0.999426 0.023981 -0.047715 0.998573 
0.000615 0.000292 1.000000 0.003838 0.001119 0.999992 -0.004699 0.015096 0.999875 -0.014388 0.030215 0.999440 0.003395 -0.004737 0.999983 -0.015047 0.029865 0.999441 0.023287 -0.046333 0.998655 
0.000198 0.000094 1.000000 0.003052 0.000890 0.999995 -0.004454 0.014313 0.999888 -0.014105 0.029626 0.999462 0.003535 -0.004932 0.999982 -0.014756 0.029291 0.999462 0.022805 -0.045347 0.998711 
0.000188 0.000089 1.000000 0.002783 0.000811 0.999996 -0.004044 0.012997 0.999907 -0.013787 0.028958 0.999486 0.003810 -0.005315 0.999979 -0.014424 0.028631 0.999486 0.022007 -0.043759 0.998800 
0.001792 0.000849 0.999998 0.002550 0.000743 0.999996 -0.003613 0.011611 0.999926 0.000695 -0.001379 0.999999 -0.014134 0.029693 0.999459 0.004476 -0.006238 0.999971 
0.004963 0.002350 0.999985 0.004099 0.001195 0.999991 -0.003155 0.010138 0.999944 -0.000641 0.001271 0.999999 -0.014569 0.030622 0.999425 0.005027 -0.006999 0.999963 
0.004640 0.002196 0.999987 0.003670 0.001069 0.999993 -0.002996 0.009636 0.999949 -0.000238 0.000472 1.000000 -0.013750 0.028915 0.999487 0.005133 -0.007144 0.999961 
0.004227 0.002000 0.999989 0.006179 0.001797 0.999979 -0.003280 0.010565 0.999939 0.000758 -0.001506 0.999999 -0.013336 0.028046 0.999518 0.004628 -0.006455 0.999968 
0.004061 0.001921 0.999990 0.010266 0.002982 0.999943 -0.003062 0.009873 0.999947 -0.012839 0.027009 0.999553 0.004418 -0.006184 0.999971 -0.013390 0.026619 0.999556 0.020836 -0.041730 0.998912 
0.004006 0.001894 0.999990 0.009233 0.002679 0.999954 -0.002818 0.009098 0.999955 -0.012337 0.025971 0.999587 0.005044 -0.007058 0.999962 -0.012865 0.025594 0.999590 0.020935 -0.041804 0.998906 
0.003818 0.001804 0.999991 0.007094 0.002058 0.999973 -0.002449 0.007908 0.999966 -0.011844 0.024948 0.999619 0.005630 -0.007874 0.999953 -0.012351 0.024587 0.999621 0.020042 -0.039919 0.999002 
0.003268 0.001544 0.999993 0.007796 0.002260 0.999967 -0.002572 0.008309 0.999962 -0.011527 0.024280 0.999639 0.005127 -0.007177 0.999961 -0.012026 0.023938 0.999641 0.020254 -0.040434 0.998977 
0.003096 0.001463 0.999994 0.007077 0.002051 0.999973 -0.002333 0.007537 0.999969 -0.011273 0.023749 0.999654 0.005211 -0.007294 0.999960 -0.011763 0.023417 0.999657 0.019459 -0.038844 0.999056 
0.003191 0.001507 0.999994 0.010446 0.003021 0.999941 -0.003121 0.010105 0.999944 -0.011156 0.023508 0.999661 0.004390 -0.006165 0.999971 -0.011639 0.023176 0.999664 0.021851 -0.043931 0.998796 
0.003396 0.001603 0.999993 0.007299 0.002110 0.999971 -0.002954 0.009569 0.999950 -0.011044 0.023281 0.999668 0.005335 -0.007485 0.999958 -0.011519 0.022947 0.999670 0.021381 -0.042831 0.998854 
0.003633 0.001714 0.999992 0.006669 0.001928 0.999976 -0.002688 0.008707 0.999958 -0.010948 0.023091 0.999673 0.005645 -0.007920 0.999953 -0.011417 0.022754 0.999676 0.020647 -0.041346 0.998932 
0.003914 0.001846 0.999991 0.008371 0.002417 0.999962 -0.003023 0.009805 0.999947 -0.010902 0.023006 0.999676 0.005356 -0.007528 0.999957 -0.011366 0.022664 0.999679 0.021695 -0.043612 0.998813 
0.004256 0.002006 0.999989 0.010034 0.002892 0.999945 -0.003358 0.010905 0.999935 -0.010858 0.022928 0.999678 0.005097 -0.007177 0.999961 -0.011316 0.022579 0.999681 0.022708 -0.045835 0.998691 
0.004571 0.002153 0.999987 0.009098 0.002622 0.999955 -0.003043 0.009884 0.999947 -0.010787 0.022793 0.999682 0.005517 -0.007768 0.999955 -0.011239 0.022439 0.999685 0.021823 -0.044020 0.998792 
0.004835 0.002276 0.999986 0.007732 0.002228 0.999968 -0.002932 0.009525 0.999950 -0.010710 0.022644 0.999686 0.005948 -0.008372 0.999947 -0.011156 0.022286 0.999689 0.021377 -0.043062 0.998844 
0.005070 0.002385 0.999984 0.006678 0.001924 0.999976 -0.002696 0.008760 0.999958 -0.010558 0.022335 0.999695 0.006369 -0.008964 0.999940 -0.010995 0.021976 0.999698 0.020744 -0.041738 0.998913 
0.005219 0.002454 0.999983 0.006532 0.001879 0.999977 -0.003338 0.010866 0.999935 -0.010389 0.021985 0.999704 0.006420 -0.009049 0.999938 -0.010816 0.021627 0.999708 0.022508 -0.045368 0.998717 
0.005358 0.002518 0.999982 0.007514 0.002159 0.999969 -0.003419 0.011136 0.999932 -0.010287 0.021780 0.999710 0.006209 -0.008760 0.999942 -0.010708 0.021421 0.999713 0.022695 -0.045845 0.998691 
0.005447 0.002559 0.999982 0.006835 0.001964 0.999975 -0.003100 0.010100 0.999944 -0.010183 0.021570 0.999715 0.006409 -0.009042 0.999939 -0.010599 0.021212 0.999719 0.021700 -0.043809 0.998804 
0.005466 0.002567 0.999982 0.005816 0.001671 0.999982 -0.002845 0.009269 0.999953 -0.010062 0.021325 0.999722 0.006639 -0.009364 0.999934 -0.010472 0.020969 0.999725 0.020833 -0.042013 0.998900 
0.005432 0.002549 0.999982 0.005304 0.001524 0.999985 -0.002583 0.008415 0.999961 -0.009932 0.021059 0.999729 0.006715 -0.009470 0.999933 -0.010336 0.020706 0.999732 0.019954 -0.040216 0.998992 
0.005324 0.002497 0.999983 0.005958 0.001711 0.999981 -0.002625 0.008556 0.999960 -0.009868 0.020931 0.999732 0.006486 -0.009154 0.999937 -0.010271 0.020582 0.999735 0.020052 -0.040476 0.998979 
0.005144 0.002412 0.999984 0.004988 0.001433 0.999987 -0.002423 0.007897 0.999966 -0.009823 0.020843 0.999734 0.006654 -0.009389 0.999934 -0.010226 0.020500 0.999738 0.019430 -0.039181 0.999043 
0.004880 0.002288 0.999985 0.004374 0.001256 0.999990 -0.002227 0.007261 0.999971 -0.009799 0.020799 0.999736 0.006716 -0.009475 0.999933 -0.010203 0.020461 0.999739 0.018884 -0.038057 0.999097 
0.004589 0.002151 0.999987 0.003996 0.001148 0.999991 -0.002040 0.006650 0.999976 -0.009745 0.020692 0.999738 0.006656 -0.009390 0.999934 -0.010151 0.020362 0.999741 0.018261 -0.036786 0.999156 
0.004270 0.002001 0.999989 0.003632 0.001043 0.999993 -0.001917 0.006249 0.999979 -0.009716 0.020633 0.999740 0.006525 -0.009205 0.999936 -0.010124 0.020312 0.999742 0.017711 -0.035671 0.999207 
0.003915 0.001835 0.999991 0.003304 0.000949 0.999994 -0.001851 0.006035 0.999980 -0.009725 0.020652 0.999739 0.006334 -0.008935 0.999940 -0.010137 0.020338 0.999742 0.017256 -0.034757 0.999247 
0.003540 0.001659 0.999992 0.003009 0.000864 0.999995 -0.001827 0.005957 0.999981 -0.009759 0.020721 0.999738 0.006103 -0.008610 0.999944 -0.010177 0.020414 0.999740 0.016878 -0.034001 0.999279 
0.003195 0.001498 0.999994 0.002736 0.000786 0.999996 -0.001835 0.005983 0.999980 -0.009813 0.020833 0.999735 0.005865 -0.008273 0.999949 -0.010237 0.020533 0.999737 0.016564 -0.033373 0.999306 
0.002920 0.001369 0.999995 0.002484 0.000713 0.999997 -0.001871 0.006100 0.999980 -0.009891 0.020997 0.999731 0.005644 -0.007962 0.999952 -0.010322 0.020701 0.999732 0.016317 -0.032877 0.999326 
0.002720 0.001275 0.999995 0.002146 0.000616 0.999998 -0.001929 0.006288 0.999978 -0.009987 0.021202 0.999725 0.005490 -0.007744 0.999955 -0.010424 0.020908 0.999727 0.016159 -0.032552 0.999339 
0.002554 0.001197 0.999996 0.002883 0.000828 0.999996 -0.002164 0.007059 0.999973 -0.010101 0.021443 0.999719 0.005153 -0.007273 0.999960 -0.010545 0.021150 0.999721 0.016715 -0.033722 0.999291 
0.002380 0.001116 0.999997 0.002109 0.000605 0.999998 -0.002236 0.007294 0.999971 -0.010211 0.021679 0.999713 0.005129 -0.007239 0.999961 -0.010663 0.021387 0.999714 0.016608 -0.033482 0.999301 
0.002230 0.001046 0.999997 0.001640 0.000471 0.999999 -0.002317 0.007557 0.999969 -0.010330 0.021931 0.999706 0.005017 -0.007080 0.999962 -0.010789 0.021640 0.999708 0.016487 -0.033222 0.999312 
0.002119 0.000994 0.999997 0.002987 0.000857 0.999995 -0.002704 0.008826 0.999957 -0.010453 0.022190 0.999699 0.004536 -0.006407 0.999969 -0.010919 0.021898 0.999701 0.017473 -0.035302 0.999224 
0.001976 0.000927 0.999998 0.004350 0.001247 0.999990 -0.003093 0.010104 0.999944 -0.010575 0.022448 0.999692 0.004043 -0.005717 0.999975 -0.011048 0.022157 0.999693 0.018472 -0.037427 0.999129 
0.001791 0.000839 0.999998 0.003944 0.001130 0.999992 -0.003083 0.010072 0.999945 -0.010681 0.022677 0.999686 0.003940 -0.005573 0.999977 -0.011161 0.022387 0.999687 0.018170 -0.036809 0.999157 
0.001589 0.000745 0.999998 0.003110 0.000891 0.999995 -0.003242 0.010593 0.999939 -0.010795 0.022921 0.999679 0.003871 -0.005474 0.999978 -0.011282 0.022633 0.999680 0.018219 -0.036880 0.999154 
0.001361 0.000638 0.999999 0.002810 0.000805 0.999996 -0.003244 0.010601 0.999939 -0.010905 0.023156 0.999672 0.003730 -0.005274 0.999979 -0.011400 0.022871 0.999673 0.017971 -0.036376 0.999177 
0.001140 0.000534 0.999999 0.002855 0.000818 0.999996 -0.003429 0.011208 0.999931 -0.011025 0.023412 0.999665 0.003515 -0.004972 0.999981 -0.011529 0.023128 0.999666 0.018295 -0.037055 0.999146 
0.000919 0.000431 0.999999 0.002576 0.000738 0.999996 -0.003452 0.011283 0.999930 -0.011145 0.023666 0.999658 0.003357 -0.004748 0.999983 -0.011657 0.023384 0.999659 0.018077 -0.036613 0.999166 
0.000733 0.000344 1.000000 0.001730 0.000495 0.999998 -0.003593 0.011744 0.999925 -0.011276 0.023945 0.999650 0.003281 -0.004641 0.999984 -0.011796 0.023664 0.999650 0.018036 -0.036501 0.999171 
0.000617 0.000289 1.000000 0.002702 0.000773 0.999996 -0.003863 0.012634 0.999913 -0.011402 0.024211 0.999642 0.002920 -0.004132 0.999987 -0.011929 0.023930 0.999642 0.018716 -0.037954 0.999104 
0.000503 0.000236 1.000000 0.004406 0.001259 0.999990 -0.004299 0.014076 0.999892 -0.011509 0.024441 0.999635 0.002382 -0.003377 0.999991 -0.012043 0.024160 0.999636 0.019907 -0.040513 0.998981 
0.000375 0.000176 1.000000 0.004245 0.001214 0.999990 -0.004235 0.013865 0.999895 -0.011591 0.024619 0.999630 0.002378 -0.003370 0.999991 -0.012130 0.024339 0.999630 0.019732 -0.040163 0.998998 
0.000246 0.000115 1.000000 0.003830 0.001095 0.999992 -0.004181 0.013688 0.999898 -0.011669 0.024789 0.999625 0.002344 -0.003323 0.999992 -0.012212 0.024510 0.999625 0.019388 -0.039454 0.999033 
0.000223 0.000105 1.000000 0.003476 0.000994 0.999993 -0.004183 0.013693 0.999897 -0.011750 0.024963 0.999619 0.002292 -0.003249 0.999992 -0.012298 0.024683 0.999620 0.019101 -0.038868 0.999062 
0.000204 0.000096 1.000000 0.003147 0.000900 0.999995 -0.004208 0.013775 0.999896 -0.011838 0.025153 0.999614 0.002223 -0.003150 0.999993 -0.012391 0.024871 0.999614 0.018856 -0.038368 0.999086 
0.000199 0.000093 1.000000 0.002204 0.000630 0.999997 -0.004490 0.014703 0.999882 -0.011936 0.025362 0.999607 0.002187 -0.003099 0.999993 -0.012493 0.025078 0.999607 0.019094 -0.038817 0.999064 
0.001110 0.000520 0.999999 0.001357 0.000388 0.999999 -0.004574 0.014982 0.999877 -0.012081 0.025675 0.999597 0.002365 -0.003350 0.999992 -0.012635 0.025367 0.999598 0.018405 -0.037305 0.999134 
0.001019 0.000477 0.999999 0.001213 0.000347 0.999999 -0.004597 0.015057 0.999876 -0.012165 0.025853 0.999592 0.002259 -0.003200 0.999992 -0.012723 0.025545 0.999593 0.018252 -0.036992 0.999149 
0.001008 0.000472 0.999999 0.002017 0.000575 0.999998 -0.005193 0.017045 0.999841 -0.012259 0.026056 0.999585 0.001836 -0.002603 0.999995 -0.012823 0.025746 0.999586 0.019570 -0.039734 0.999019 
0.000892 0.000418 1.000000 0.001815 0.000518 0.999998 -0.005140 0.016871 0.999844 -0.012323 0.026195 0.999581 0.001786 -0.002532 0.999995 -0.012891 0.025887 0.999582 0.019302 -0.039185 0.999046 
0.000770 0.000360 1.000000 0.001627 0.000464 0.999999 -0.005105 0.016755 0.999847 -0.012389 0.026339 0.999576 0.001722 -0.002442 0.999996 -0.012961 0.026031 0.999577 0.019071 -0.038709 0.999069 
0.000649 0.000304 1.000000 0.001450 0.000413 0.999999 -0.005098 0.016734 0.999847 -0.012463 0.026499 0.999571 0.001633 -0.002316 0.999996 -0.013040 0.026192 0.999572 0.018877 -0.038311 0.999088 
0.000570 0.000267 1.000000 0.001297 0.000370 0.999999 -0.005127 0.016828 0.999845 -0.012547 0.026678 0.999565 0.001528 -0.002166 0.999996 -0.013129 0.026372 0.999566 0.018726 -0.038004 0.999102 
0.000519 0.000243 1.000000 0.001167 0.000333 0.999999 -0.005181 0.017005 0.999842 -0.012638 0.026871 0.999559 0.001411 -0.002001 0.999997 -0.013224 0.026564 0.999560 0.018612 -0.037772 0.999113 
0.001883 0.000881 0.999998 0.001046 0.000298 0.999999 -0.005216 0.017121 0.999840 -0.013299 0.028281 0.999512 0.001697 -0.002404 0.999996 -0.013902 0.027928 0.999513 0.017986 -0.036405 0.999175 
0.001811 0.000848 0.999998 0.000266 0.000076 1.000000 -0.005344 0.017543 0.999832 -0.013337 0.028362 0.999509 0.001741 -0.002466 0.999995 -0.013942 0.028009 0.999510 0.018095 -0.036593 0.999166 
0.001827 0.000855 0.999998 0.002276 0.000647 0.999997 -0.006133 0.020176 0.999778 -0.013325 0.028337 0.999510 0.001204 -0.001710 0.999998 -0.013930 0.027984 0.999511 0.020378 -0.041397 0.998935 
0.001791 0.000838 0.999998 0.004049 0.001151 0.999991 -0.006277 0.020662 0.999767 -0.013303 0.028295 0.999511 0.000964 -0.001371 0.999999 -0.013907 0.027944 0.999513 0.021270 -0.043408 0.998831 
0.001771 0.000829 0.999998 0.003649 0.001037 0.999993 -0.006267 0.020636 0.999767 -0.013252 0.028194 0.999515 0.001158 -0.001647 0.999998 -0.013854 0.027844 0.999516 0.021456 -0.043732 0.998813 
0.001715 0.000802 0.999998 0.003287 0.000934 0.999994 -0.006030 0.019853 0.999785 -0.013192 0.028073 0.999519 0.001331 -0.001892 0.999997 -0.013792 0.027726 0.999520 0.020965 -0.042722 0.998867 
0.001685 0.000788 0.999998 0.001661 0.000472 0.999999 -0.005945 0.019580 0.999791 -0.013137 0.027963 0.999523 0.001787 -0.002539 0.999995 -0.013735 0.027617 0.999524 0.020811 -0.042319 0.998887 
0.001598 0.000747 0.999998 0.000793 0.000225 1.000000 -0.006050 0.019933 0.999783 -0.013059 0.027801 0.999528 0.001823 -0.002591 0.999995 -0.013654 0.027460 0.999530 0.020807 -0.042264 0.998890 
0.001540 0.000720 0.999999 0.001386 0.000393 0.999999 -0.006152 0.020272 0.999776 -0.012967 0.027604 0.999535 0.001756 -0.002496 0.999995 -0.013559 0.027266 0.999536 0.021332 -0.043398 0.998830 
0.001447 0.000676 0.999999 0.001255 0.000356 0.999999 -0.005903 0.019452 0.999793 -0.012889 0.027435 0.999540 0.001841 -0.002618 0.999995 -0.013478 0.027101 0.999542 0.020783 -0.042289 0.998889 
0.001379 0.000645 0.999999 0.001695 0.000481 0.999998 -0.005798 0.019109 0.999801 -0.012809 0.027268 0.999546 0.001848 -0.002629 0.999995 -0.013396 0.026937 0.999547 0.020770 -0.042327 0.998888 
0.001338 0.000625 0.999999 0.000619 0.000176 1.000000 -0.005767 0.019009 0.999803 -0.012728 0.027099 0.999552 0.002003 -0.002848 0.999994 -0.013311 0.026771 0.999553 0.020452 -0.041620 0.998924 
0.001344 0.000628 0.999999 0.000566 0.000161 1.000000 -0.005614 0.018506 0.999813 -0.012667 0.026974 0.999556 0.002019 -0.002871 0.999994 -0.013247 0.026647 0.999557 0.019997 -0.040686 0.998972 
0.001356 0.000634 0.999999 0.000516 0.000146 1.000000 -0.005495 0.018110 0.999821 -0.012622 0.026884 0.999559 0.002015 -0.002866 0.999994 -0.013199 0.026558 0.999560 0.019597 -0.039862 0.999013 
0.001366 0.000638 0.999999 0.000469 0.000133 1.000000 -0.005420 0.017865 0.999826 -0.012601 0.026844 0.999560 0.001976 -0.002810 0.999994 -0.013178 0.026519 0.999561 0.019259 -0.039164 0.999047 
0.001362 0.000636 0.999999 0.000425 0.000121 1.000000 -0.005399 0.017794 0.999827 -0.012626 0.026901 0.999558 0.001897 -0.002698 0.999995 -0.013204 0.026575 0.999560 0.019006 -0.038646 0.999072 
0.001342 0.000627 0.999999 0.000383 0.000109 1.000000 -0.005437 0.017921 0.999825 -0.012701 0.027063 0.999553 0.001767 -0.002513 0.999995 -0.013283 0.026735 0.999554 0.018839 -0.038304 0.999089 
0.001340 0.000626 0.999999 0.000344 0.000098 1.000000 -0.005507 0.018152 0.999820 -0.012805 0.027283 0.999546 0.001627 -0.002314 0.999996 -0.013392 0.026953 0.999547 0.018728 -0.038080 0.999099 
0.001330 0.000621 0.999999 0.000298 0.000085 1.000000 -0.005572 0.018363 0.999816 -0.012901 0.027487 0.999539 0.001499 -0.002131 0.999997 -0.013492 0.027155 0.999540 0.018629 -0.037878 0.999109 
0.001321 0.000617 0.999999 0.000258 0.000073 1.000000 -0.005630 0.018555 0.999812 -0.012987 0.027671 0.999533 0.001383 -0.001966 0.999997 -0.013583 0.027338 0.999534 0.018539 -0.037696 0.999117 
0.001315 0.000614 0.999999 0.000219 0.000062 1.000000 -0.005682 0.018728 0.999808 -0.013065 0.027838 0.999527 0.001278 -0.001817 0.999998 -0.013665 0.027503 0.999528 0.018457 -0.037529 0.999125 
0.001307 0.000611 0.999999 0.000185 0.000053 1.000000 -0.005730 0.018885 0.999805 -0.013137 0.027989 0.999522 0.001183 -0.001682 0.999998 -0.013739 0.027653 0.999523 0.018383 -0.037379 0.999132 
0.001297 0.000606 0.999999 0.001261 0.000358 0.999999 -0.006000 0.019783 0.999786 -0.013207 0.028139 0.999517 0.000874 -0.001244 0.999999 -0.013814 0.027800 0.999518 0.019127 -0.038961 0.999058 
0.001257 0.000587 0.999999 0.001115 0.000316 0.999999 -0.006050 0.019950 0.999783 -0.013286 0.028307 0.999511 0.000773 -0.001100 0.999999 -0.013897 0.027968 0.999512 0.019017 -0.038736 0.999069 
0.001186 0.000554 0.999999 0.000985 0.000280 0.999999 -0.006101 0.020117 0.999779 -0.013366 0.028477 0.999505 0.000662 -0.000942 0.999999 -0.013981 0.028138 0.999506 0.018926 -0.038551 0.999077 
0.001098 0.000513 0.999999 0.000865 0.000245 1.000000 -0.006148 0.020272 0.999776 -0.013441 0.028638 0.999499 0.000552 -0.000785 1.000000 -0.014061 0.028299 0.999501 0.018847 -0.038390 0.999085 
0.001025 0.000479 0.999999 0.000763 0.000216 1.000000 -0.006191 0.020415 0.999772 -0.013511 0.028786 0.999494 0.000452 -0.000643 1.000000 -0.014134 0.028446 0.999495 0.018774 -0.038242 0.999092 
0.000962 0.000450 0.999999 0.000674 0.000191 1.000000 -0.006230 0.020544 0.999770 -0.013573 0.028918 0.999490 0.000363 -0.000516 1.000000 -0.014200 0.028578 0.999491 0.018710 -0.038111 0.999098 
0.000913 0.000426 0.999999 0.000601 0.000171 1.000000 -0.006265 0.020659 0.999767 -0.013628 0.029035 0.999485 0.000284 -0.000404 1.000000 -0.014258 0.028696 0.999486 0.018652 -0.037993 0.999104 
0.000872 0.000407 1.000000 0.000536 0.000152 1.000000 -0.006297 0.020764 0.999765 -0.013678 0.029142 0.999482 0.000214 -0.000304 1.000000 -0.014311 0.028802 0.999483 0.018599 -0.037886 0.999109 
0.000827 0.000386 1.000000 0.000470 0.000133 1.000000 -0.006326 0.020859 0.999762 -0.013724 0.029239 0.999478 0.000148 -0.000211 1.000000 -0.014359 0.028899 0.999479 0.018551 -0.037788 0.999114 
0.000785 0.000367 1.000000 0.000410 0.000116 1.000000 -0.006352 0.020945 0.999760 -0.013765 0.029327 0.999475 0.000089 -0.000126 1.000000 -0.014403 0.028987 0.999476 0.018508 -0.037699 0.999118 
0.000742 0.000347 1.000000 0.000351 0.000100 1.000000 -0.006376 0.021024 0.999759 -0.013803 0.029409 0.999472 0.000034 -0.000048 1.000000 -0.014443 0.029068 0.999473 0.018468 -0.037618 0.999122 
0.000703 0.000328 1.000000 0.000297 0.000084 1.000000 -0.006397 0.021095 0.999757 -0.013838 0.029483 0.999469 -0.000017 0.000025 1.000000 -0.014480 0.029143 0.999470 0.018432 -0.037545 0.999125 
0.000670 0.000313 1.000000 0.000249 0.000071 1.000000 -0.006417 0.021159 0.999756 -0.013869 0.029548 0.999467 -0.000061 0.000087 1.000000 -0.014513 0.029208 0.999468 0.018399 -0.037478 0.999128 
0.000640 0.000299 1.000000 0.000207 0.000059 1.000000 -0.006434 0.021217 0.999754 -0.013897 0.029609 0.999465 -0.000102 0.000145 1.000000 -0.014543 0.029269 0.999466 0.018370 -0.037418 0.999131 
0.000620 0.000290 1.000000 0.000175 0.000050 1.000000 -0.006450 0.021268 0.999753 -0.013922 0.029661 0.999463 -0.000136 0.000194 1.000000 -0.014569 0.029321 0.999464 0.018344 -0.037366 0.999133 
0.000603 0.000282 1.000000 0.000149 0.000042 1.000000 -0.006464 0.021315 0.999752 -0.013944 0.029708 0.999461 -0.000167 0.000238 1.000000 -0.014592 0.029367 0.999462 0.018321 -0.037319 0.999135 
0.000581 0.000272 1.000000 0.000117 0.000033 1.000000 -0.006477 0.021359 0.999751 -0.013965 0.029753 0.999460 -0.000197 0.000281 1.000000 -0.014614 0.029412 0.999461 0.018299 -0.037274 0.999138 
0.000562 0.000262 1.000000 0.000087 0.000025 1.000000 -0.006490 0.021398 0.999750 -0.013984 0.029793 0.999458 -0.000225 0.000320 1.000000 -0.014635 0.029453 0.999459 0.018279 -0.037233 0.999139 
0.000545 0.000254 1.000000 0.000062 0.000018 1.000000 -0.006500 0.021433 0.999749 -0.014001 0.029829 0.999457 -0.000248 0.000353 1.000000 -0.014653 0.029489 0.999458 0.018261 -0.037198 0.999141 
0.000535 0.000250 1.000000 0.000044 0.000013 1.000000 -0.006510 0.021466 0.999748 -0.014016 0.029862 0.999456 -0.000269 0.000383 1.000000 -0.014669 0.029521 0.999457 0.018245 -0.037165 0.999143 
0.000512 0.000239 1.000000 0.000534 0.000152 1.000000 -0.006599 0.021760 0.999741 -0.014041 0.029914 0.999454 -0.000359 0.000512 1.000000 -0.014695 0.029574 0.999455 0.018606 -0.037929 0.999107 
0.000474 0.000221 1.000000 0.000474 0.000134 1.000000 -0.006615 0.021812 0.999740 -0.014067 0.029969 0.999452 -0.000396 0.000563 1.000000 -0.014723 0.029629 0.999453 0.018576 -0.037870 0.999110 
0.000428 0.000200 1.000000 0.000413 0.000117 1.000000 -0.006629 0.021860 0.999739 -0.014092 0.030023 0.999450 -0.000433 0.000617 1.000000 -0.014749 0.029683 0.999451 0.018550 -0.037816 0.999113 
0.000390 0.000182 1.000000 -0.000734 -0.000208 1.000000 -0.006849 0.022590 0.999721 -0.014123 0.030088 0.999447 -0.000365 0.000519 1.000000 -0.014782 0.029749 0.999448 0.018752 -0.038175 0.999095 
0.000429 0.000200 1.000000 0.000294 0.000083 1.000000 -0.007051 0.023264 0.999704 -0.014161 0.030167 0.999445 -0.000586 0.000834 0.999999 -0.014822 0.029826 0.999445 0.019403 -0.039571 0.999028 
0.000481 0.000225 1.000000 0.000264 0.000075 1.000000 -0.007082 0.023368 0.999702 -0.014206 0.030262 0.999441 -0.000619 0.000882 0.999999 -0.014868 0.029918 0.999442 0.019358 -0.039479 0.999033 
0.000504 0.000236 1.000000 0.000239 0.000068 1.000000 -0.007115 0.023477 0.999699 -0.014253 0.030363 0.999437 -0.000674 0.000960 0.999999 -0.014917 0.030018 0.999438 0.019303 -0.039367 0.999038 
0.000497 0.000232 1.000000 0.000205 0.000058 1.000000 -0.007146 0.023578 0.999696 -0.014299 0.030461 0.999434 -0.000734 0.001045 0.999999 -0.014966 0.030114 0.999434 0.019254 -0.039267 0.999043 
0.000479 0.000224 1.000000 0.000169 0.000048 1.000000 -0.007174 0.023669 0.999694 -0.014342 0.030551 0.999430 -0.000792 0.001128 0.999999 -0.015010 0.030204 0.999431 0.019210 -0.039177 0.999048 
