0.003197 0.000554 0.999995 0.000900 0.000343 1.000000 0.002063 -0.005044 0.999985 -0.000118 -0.000326 1.000000 0.000012 -0.000067 1.000000 -0.000260 -0.000720 1.000000 
0.002720 0.000472 0.999996 0.002740 0.001047 0.999996 0.002479 -0.006047 0.999979 0.000118 0.000328 1.000000 -0.000068 0.000396 1.000000 -0.000400 -0.001110 0.999999 
0.002495 0.000438 0.999997 0.001396 0.000533 0.999999 0.002602 -0.006347 0.999976 0.000088 0.000244 1.000000 -0.000055 0.000320 1.000000 -0.000311 -0.000865 1.000000 
0.002419 0.000429 0.999997 0.001204 0.000460 0.999999 0.002281 -0.005563 0.999982 0.000067 0.000185 1.000000 -0.000057 0.000326 1.000000 -0.000258 -0.000716 1.000000 
0.002166 0.000389 0.999998 0.001974 0.000755 0.999998 0.001891 -0.004608 0.999988 0.000122 0.000338 1.000000 -0.000044 0.000249 1.000000 -0.000240 -0.000668 1.000000 
0.001854 0.000336 0.999998 0.001792 0.000686 0.999998 0.001741 -0.004241 0.999989 0.000111 0.000308 1.000000 -0.000010 0.000058 1.000000 -0.000222 -0.000619 1.000000 
0.001597 0.000291 0.999999 0.001686 0.000645 0.999998 0.001647 -0.004011 0.999991 0.000102 0.000285 1.000000 -0.000013 0.000071 1.000000 -0.000231 -0.000642 1.000000 
0.002757 0.000504 0.999996 0.001625 0.000622 0.999998 0.001848 -0.004503 0.999988 0.000009 0.000024 1.000000 -0.000066 0.000366 1.000000 -0.000251 -0.000698 1.000000 
0.002279 0.000419 0.999997 0.000935 0.000358 0.999999 0.002039 -0.004969 0.999986 -0.000000 -0.000000 1.000000 -0.000039 0.000213 1.000000 -0.000256 -0.000713 1.000000 
0.002147 0.000398 0.999998 0.000854 0.000327 1.000000 0.001691 -0.004122 0.999990 -0.000087 -0.000243 1.000000 0.000259 -0.001410 0.999999 -0.000168 -0.000468 1.000000 
0.005197 0.000990 0.999986 0.000004 0.000001 1.000000 0.001091 -0.002673 0.999996 -0.000231 -0.000642 1.000000 0.000180 -0.000955 1.000000 0.000213 0.000592 1.000000 
0.004320 0.000815 0.999990 0.000887 0.000337 1.000000 0.001252 -0.003072 0.999994 -0.000228 -0.000634 1.000000 0.000108 -0.000580 1.000000 -0.000051 -0.000143 1.000000 
0.003791 0.000723 0.999993 0.000583 0.000221 1.000000 0.001453 -0.003580 0.999993 -0.000216 -0.000603 1.000000 0.000099 -0.000522 1.000000 -0.000107 -0.000297 1.000000 
0.003777 0.000725 0.999993 0.000528 0.000199 1.000000 0.001807 -0.004473 0.999988 -0.000197 -0.000547 1.000000 0.000099 -0.000519 1.000000 -0.000150 -0.000416 1.000000 
0.004457 0.000862 0.999990 0.000710 0.000265 1.000000 0.002094 -0.005220 0.999984 -0.000177 -0.000491 1.000000 0.000101 -0.000527 1.000000 -0.000129 -0.000358 1.000000 
0.006528 0.001487 0.999978 -0.013859 -0.004950 0.999892 0.010786 -0.028009 0.999549 -0.004269 -0.011736 0.999922 0.000204 -0.000903 1.000000 -0.004167 -0.011460 0.999926 
0.004523 0.001191 0.999989 -0.019533 -0.006382 0.999789 0.014579 -0.041112 0.999048 -0.008765 -0.023001 0.999697 0.000122 -0.000466 1.000000 -0.009250 -0.024359 0.999660 
0.002948 0.000850 0.999995 0.014244 0.004374 0.999889 0.016892 -0.050760 0.998568 -0.006843 -0.018013 0.999814 0.000572 -0.001999 0.999998 -0.012149 -0.032194 0.999408 
0.061059 0.017040 0.997989 0.008674 0.002678 0.999959 0.000588 -0.001918 0.999998 -0.011717 -0.031062 0.999449 0.012638 -0.041816 0.999045 -0.001799 -0.004726 0.999987 
0.062891 0.017204 0.997872 0.022757 0.007756 0.999711 0.000997 -0.002943 0.999995 -0.008193 -0.021567 0.999734 0.010685 -0.035979 0.999295 -0.000273 -0.000709 1.000000 
0.047426 0.014105 0.998775 0.051170 0.020140 0.998487 0.002345 -0.005995 0.999979 -0.002537 -0.006711 0.999974 0.014174 -0.044114 0.998926 -0.000058 -0.000150 1.000000 
0.023435 0.007777 0.999695 0.084390 0.037188 0.995739 0.005155 -0.011792 0.999917 0.006200 0.016491 0.999845 0.013934 -0.038961 0.999144 0.000082 0.000210 1.000000 
0.003496 0.001307 0.999993 0.112562 0.056044 0.992063 0.013510 -0.027524 0.999530 0.014790 0.039567 0.999107 0.014212 -0.035411 0.999272 0.000258 0.000661 1.000000 
0.002892 0.001177 0.999995 0.130818 0.069460 0.988970 0.021302 -0.040977 0.998933 0.019129 0.051475 0.998491 0.014415 -0.033133 0.999347 0.000360 0.000923 1.000000 
0.007163 0.003018 0.999970 0.143116 0.077782 0.986645 0.027439 -0.051900 0.998275 0.021720 0.058481 0.998052 0.013930 -0.030978 0.999423 0.000434 0.001108 0.999999 
0.013246 0.005747 0.999896 0.153545 0.084948 0.984484 0.032422 -0.060601 0.997635 0.023673 0.063608 0.997694 0.013465 -0.029129 0.999485 0.000501 0.001272 0.999999 
0.019168 0.008742 0.999778 0.162596 0.092967 0.982303 0.037320 -0.067862 0.996996 0.025390 0.069098 0.997287 0.011839 -0.024423 0.999632 0.000558 0.001432 0.999999 
0.022812 0.011047 0.999679 0.165096 0.099508 0.981245 0.041131 -0.071106 0.996620 0.025354 0.072344 0.997057 0.010426 -0.020300 0.999740 0.000565 0.001512 0.999999 
0.025657 0.013294 0.999582 0.162308 0.104274 0.981215 0.045338 -0.073586 0.996258 0.024083 0.073741 0.996987 0.009457 -0.017246 0.999807 0.000528 0.001507 0.999999 
0.023853 0.012922 0.999632 0.106806 0.098359 0.989403 0.040554 -0.044992 0.998164 0.018505 0.065709 0.997667 0.007762 -0.013553 0.999878 0.005466 0.016642 0.999847 
0.013636 0.007601 0.999878 0.033457 -0.025200 0.999122 0.012887 0.060097 0.998109 0.001933 -0.003280 0.999993 0.035090 0.046999 0.998278 0.012721 0.043282 0.998982 
0.001032 0.000589 0.999999 0.040658 -0.028104 0.998778 0.009613 0.062205 0.998017 -0.000634 0.001051 0.999999 0.023185 0.033815 0.999159 0.010317 0.044765 0.998944 
0.005190 0.003019 0.999982 0.029394 -0.019136 0.999385 0.004786 0.055532 0.998445 0.002529 -0.004115 0.999988 0.014631 0.022608 0.999637 0.007661 0.050386 0.998700 
0.007526 0.004725 0.999961 0.017172 -0.010451 0.999798 0.001567 0.045499 0.998963 0.009920 0.016379 0.999817 0.006582 -0.009947 0.999929 0.004572 0.048397 0.998818 
0.006723 0.004385 0.999968 0.012505 -0.007284 0.999895 -0.000142 0.030178 0.999545 0.002145 0.003697 0.999991 0.009451 -0.013761 0.999861 0.001988 0.038544 0.999255 
0.005996 0.004034 0.999974 0.012402 -0.006975 0.999899 -0.000466 0.013551 0.999908 -0.004455 -0.007951 0.999958 0.013854 -0.019564 0.999713 0.000502 0.025761 0.999668 
0.005324 0.003635 0.999979 0.009523 -0.005294 0.999941 0.000270 -0.004874 0.999988 -0.004398 -0.007943 0.999959 0.019451 -0.027075 0.999444 -0.000028 0.006535 0.999979 
0.004899 0.003383 0.999982 0.004085 -0.002288 0.999989 0.000481 -0.008561 0.999963 0.001079 0.001935 0.999998 0.025961 -0.035744 0.999024 -0.000010 0.001641 0.999999 
0.006407 0.004428 0.999970 0.003792 -0.002133 0.999991 0.000663 -0.011865 0.999929 0.000974 0.001738 0.999998 0.034379 -0.047308 0.998289 -0.000015 0.002305 0.999997 
0.006873 0.004761 0.999965 0.003490 -0.001964 0.999992 0.000754 -0.013594 0.999907 0.002109 0.003761 0.999991 0.038497 -0.052869 0.997859 -0.000009 0.001350 0.999999 
0.008709 0.006047 0.999944 0.004873 -0.002734 0.999984 0.000844 -0.015185 0.999884 0.001928 0.003451 0.999992 0.041119 -0.056356 0.997564 -0.000008 0.001197 0.999999 
0.010490 0.007301 0.999918 0.007797 -0.004364 0.999960 0.000901 -0.016138 0.999869 0.001849 0.003318 0.999993 0.043252 -0.059173 0.997310 -0.000007 0.001033 0.999999 
0.011105 0.007745 0.999908 0.017073 -0.009558 0.999809 0.000814 -0.014824 0.999890 0.005570 0.009996 0.999935 0.045109 -0.061593 0.997081 0.000013 -0.002228 0.999998 
0.011435 0.007994 0.999903 0.020862 -0.011628 0.999715 0.000801 -0.014544 0.999894 0.006203 0.011184 0.999918 0.046694 -0.063624 0.996881 0.000015 -0.002746 0.999996 
0.067613 0.051247 0.996395 0.021786 -0.011448 0.999697 0.002433 -0.050995 0.998696 0.004844 0.009263 0.999945 0.035577 -0.045104 0.998349 -0.000147 -0.022209 0.999753 
0.058128 0.043117 0.997378 0.024350 -0.012182 0.999629 0.000861 -0.051572 0.998669 0.030715 -0.039681 0.998740 0.005123 0.010293 0.999934 -0.001562 -0.031575 0.999500 
0.049255 0.033727 0.998217 0.027610 -0.012918 0.999535 -0.001320 -0.038874 0.999243 0.020933 -0.029174 0.999355 0.003722 0.007997 0.999961 -0.003108 -0.025464 0.999671 
0.060670 0.037156 0.997466 0.031211 -0.014511 0.999407 -0.001847 -0.022055 0.999755 0.010213 -0.015854 0.999822 0.008000 0.017318 0.999818 -0.001904 -0.009980 0.999948 
0.033724 0.019151 0.999248 0.034425 -0.015503 0.999287 -0.000053 -0.000396 1.000000 0.002009 -0.003349 0.999992 0.012373 0.027690 0.999540 -0.001551 -0.005939 0.999981 
0.012549 0.006890 0.999898 0.044016 -0.018913 0.998852 0.003128 0.019776 0.999800 0.000429 -0.000738 1.000000 0.021540 0.050746 0.998479 -0.001147 -0.003793 0.999992 
0.008876 0.004989 0.999948 0.073944 -0.029204 0.996835 0.006376 0.040207 0.999171 0.000639 -0.001076 0.999999 0.032146 0.083575 0.995983 -0.000425 -0.001347 0.999999 
0.010768 0.006262 0.999922 0.091974 -0.035142 0.995141 0.009416 0.058389 0.998250 -0.000106 0.000172 1.000000 0.041618 0.113613 0.992653 0.001689 0.005242 0.999985 
0.011727 0.006997 0.999907 0.099407 -0.037400 0.994344 0.012090 0.074225 0.997168 -0.000121 0.000193 1.000000 0.049186 0.138066 0.989201 0.004625 0.014265 0.999888 
0.011881 0.007246 0.999903 0.101574 -0.037624 0.994116 0.013718 0.085850 0.996214 -0.000140 0.000217 1.000000 0.053767 0.154512 0.986527 0.007124 0.022273 0.999727 
0.012009 0.007500 0.999900 0.102028 -0.036809 0.994100 0.013930 0.091821 0.995678 -0.000162 0.000245 1.000000 0.054934 0.162813 0.985127 0.008314 0.026767 0.999607 
0.012185 0.007802 0.999895 0.101485 -0.035307 0.994210 0.012883 0.092287 0.995649 -0.000156 0.000231 1.000000 0.053105 0.163441 0.985123 0.008200 0.027561 0.999586 
0.012212 0.008017 0.999893 0.100115 -0.033350 0.994417 0.011102 0.088870 0.995981 -0.000137 0.000198 1.000000 0.049551 0.159161 0.986008 0.007200 0.025525 0.999648 
0.012730 0.008546 0.999882 0.097435 -0.030982 0.994760 0.008911 0.082260 0.996571 -0.000086 0.000121 1.000000 0.045006 0.150995 0.987509 0.005700 0.021554 0.999751 
0.012842 0.008792 0.999879 0.093855 -0.028714 0.995172 0.006890 0.073886 0.997243 0.000100 -0.000138 1.000000 0.040627 0.141030 0.989171 0.004000 0.016138 0.999862 
0.012149 0.008461 0.999890 0.091177 -0.027026 0.995468 0.005305 0.065162 0.997861 0.000137 -0.000186 1.000000 0.036769 0.131205 0.990673 0.002252 0.009595 0.999951 
0.010102 0.007140 0.999923 0.089327 -0.025826 0.995668 0.004114 0.056447 0.998397 0.000176 -0.000237 1.000000 0.033464 0.121981 0.991968 0.000457 0.002029 0.999998 
0.008026 0.005719 0.999951 0.087908 -0.024868 0.995818 0.003338 0.047076 0.998886 0.002268 -0.003026 0.999993 0.026626 0.098301 0.994800 0.000093 0.000417 1.000000 
0.007574 0.005326 0.999957 0.080933 -0.023220 0.996449 0.002807 0.038648 0.999249 0.005623 -0.007604 0.999955 0.022217 0.080095 0.996540 0.000076 0.000343 1.000000 
0.008293 0.005734 0.999949 0.072266 -0.021225 0.997160 0.002376 0.031770 0.999492 0.008701 -0.011962 0.999891 0.019639 0.068687 0.997445 0.000067 0.000301 1.000000 
0.010807 0.007330 0.999915 0.065215 -0.019818 0.997674 0.002013 0.025979 0.999660 0.011426 -0.016012 0.999807 0.018200 0.061240 0.997957 0.000058 0.000260 1.000000 
0.013060 0.008699 0.999877 0.058308 -0.018286 0.998131 0.001707 0.021349 0.999771 0.013767 -0.019644 0.999712 0.017414 0.056594 0.998245 0.000049 0.000222 1.000000 
0.013748 0.009032 0.999865 0.052007 -0.016687 0.998507 0.001478 0.018077 0.999836 0.015266 -0.022081 0.999640 0.016749 0.053078 0.998450 0.000042 0.000187 1.000000 
0.012794 0.008349 0.999883 0.046700 -0.015148 0.998794 0.001379 0.016676 0.999860 0.015166 -0.022079 0.999641 0.016322 0.051087 0.998561 0.000035 0.000156 1.000000 
0.010267 0.006699 0.999925 0.042146 -0.013677 0.999018 0.001417 0.017107 0.999853 0.013337 -0.019415 0.999723 0.016172 0.050546 0.998591 0.000029 0.000132 1.000000 
0.007070 0.004629 0.999964 0.037867 -0.012197 0.999208 0.001519 0.018441 0.999829 0.010625 -0.015411 0.999825 0.016175 0.050893 0.998573 0.000025 0.000113 1.000000 
0.003608 0.002374 0.999991 0.033367 -0.010629 0.999387 0.001685 0.020632 0.999786 0.007197 -0.010385 0.999920 0.016645 0.052932 0.998459 0.000022 0.000098 1.000000 
0.000413 0.000273 1.000000 0.028231 -0.008900 0.999562 0.001911 0.023598 0.999720 0.002886 -0.004141 0.999987 0.017777 0.057091 0.998211 0.000020 0.000088 1.000000 
0.000008 0.000005 1.000000 0.022098 -0.006962 0.999732 0.002091 0.025811 0.999665 0.000024 -0.000035 1.000000 0.020175 0.064795 0.997695 -0.000028 -0.000125 1.000000 
0.000008 0.000005 1.000000 0.017538 -0.005540 0.999831 0.002245 0.027630 0.999616 0.000012 -0.000017 1.000000 0.022863 0.073193 0.997056 -0.000026 -0.000117 1.000000 
0.000001 0.000000 1.000000 0.013552 -0.004298 0.999899 0.002358 0.028891 0.999580 0.000056 -0.000081 1.000000 0.024965 0.079528 0.996520 -0.000023 -0.000102 1.000000 
-0.000215 -0.000142 1.000000 0.009673 -0.003075 0.999948 0.002403 0.029338 0.999567 -0.000434 0.000622 1.000000 0.025984 0.082489 0.996253 -0.000014 -0.000063 1.000000 
-0.000189 -0.000125 1.000000 0.005694 -0.001813 0.999982 0.002347 0.028567 0.999589 -0.000637 0.000914 0.999999 0.025887 0.081967 0.996299 0.000034 0.000152 1.000000 
-0.000199 -0.000132 1.000000 0.001438 -0.000459 0.999999 0.002262 0.027449 0.999621 -0.001883 0.002705 0.999995 0.025543 0.080566 0.996422 -0.000023 -0.000102 1.000000 
-0.000194 -0.000128 1.000000 -0.001042 0.000334 0.999999 0.002193 0.026526 0.999646 -0.003498 0.005030 0.999981 0.025064 0.078693 0.996584 -0.000121 -0.000543 1.000000 
-0.000198 -0.000131 1.000000 -0.002622 0.000844 0.999996 0.002131 0.025628 0.999669 -0.005040 0.007248 0.999961 0.024423 0.076291 0.996786 -0.000212 -0.000950 1.000000 
-0.000208 -0.000137 1.000000 -0.004147 0.001344 0.999990 0.002090 0.024973 0.999686 -0.006241 0.009009 0.999940 0.024008 0.074435 0.996937 -0.000259 -0.001161 0.999999 
-0.000226 -0.000147 1.000000 -0.006707 0.002193 0.999975 0.002052 0.024255 0.999704 -0.007027 0.010214 0.999923 0.023529 0.072247 0.997109 -0.000196 -0.000876 1.000000 
-0.000345 -0.000223 1.000000 -0.010249 0.003388 0.999942 0.002024 0.023609 0.999719 -0.007592 0.011131 0.999909 0.023152 0.070266 0.997260 -0.000064 -0.000286 1.000000 
-0.000734 -0.000471 1.000000 -0.014238 0.004759 0.999887 0.002010 0.023126 0.999731 -0.008113 0.011996 0.999895 0.022936 0.068769 0.997369 0.000072 0.000320 1.000000 
-0.000475 -0.000302 1.000000 -0.018226 0.006174 0.999815 0.002005 0.022713 0.999740 -0.008480 0.012666 0.999884 0.022822 0.067461 0.997461 0.000293 0.001296 0.999999 
-0.000480 -0.000302 1.000000 -0.020926 0.007153 0.999755 0.001996 0.022363 0.999748 -0.008645 0.013008 0.999878 0.022673 0.066371 0.997537 0.000432 0.001910 0.999998 
-0.000486 -0.000305 1.000000 -0.022616 0.007780 0.999714 0.001987 0.022094 0.999754 -0.008607 0.013023 0.999878 0.022539 0.065539 0.997595 0.000533 0.002353 0.999997 
-0.000496 -0.000310 1.000000 -0.023613 0.008164 0.999688 0.001979 0.021885 0.999759 -0.008497 0.012901 0.999881 0.022431 0.064893 0.997640 0.000601 0.002649 0.999996 
-0.000473 -0.000295 1.000000 -0.023841 0.008261 0.999682 0.001968 0.021714 0.999762 -0.008410 0.012772 0.999883 0.022306 0.064385 0.997676 0.000624 0.002751 0.999996 
-0.000422 -0.000264 1.000000 -0.023369 0.008092 0.999694 0.001958 0.021612 0.999765 -0.008172 0.012409 0.999890 0.022190 0.064100 0.997697 0.000624 0.002750 0.999996 
-0.000365 -0.000228 1.000000 -0.022444 0.007770 0.999718 0.001959 0.021638 0.999764 -0.007776 0.011808 0.999900 0.022210 0.064187 0.997691 0.000614 0.002707 0.999996 
-0.000321 -0.000200 1.000000 -0.021097 0.007300 0.999751 0.001962 0.021696 0.999763 -0.007215 0.010956 0.999914 0.022256 0.064370 0.997678 0.000595 0.002621 0.999996 
-0.000304 -0.000190 1.000000 -0.019298 0.006670 0.999792 0.001967 0.021781 0.999761 -0.006482 0.009843 0.999931 0.022314 0.064634 0.997660 0.000563 0.002482 0.999997 
-0.000287 -0.000179 1.000000 -0.017069 0.005890 0.999837 0.001971 0.021886 0.999759 -0.005580 0.008473 0.999949 0.022379 0.064962 0.997637 0.000523 0.002307 0.999997 
-0.000267 -0.000167 1.000000 -0.014441 0.004974 0.999883 0.001977 0.022011 0.999756 -0.004520 0.006864 0.999966 0.022454 0.065348 0.997610 0.000476 0.002099 0.999998 
-0.000246 -0.000154 1.000000 -0.011446 0.003934 0.999927 0.001983 0.022148 0.999753 -0.003307 0.005022 0.999982 0.022535 0.065770 0.997580 0.000423 0.001865 0.999998 
-0.000223 -0.000139 1.000000 -0.008120 0.002785 0.999963 0.001989 0.022285 0.999750 -0.001942 0.002950 0.999994 0.022617 0.066194 0.997550 0.000366 0.001613 0.999999 
-0.000118 -0.000074 1.000000 -0.004364 0.001492 0.999989 0.001986 0.022350 0.999748 -0.000605 0.000918 0.999999 0.022631 0.066501 0.997530 0.000279 0.001230 0.999999 
-0.000008 -0.000005 1.000000 -0.001786 0.000609 0.999998 0.002008 0.022634 0.999742 -0.000474 0.000718 1.000000 0.022614 0.066637 0.997521 0.000218 0.000961 1.000000 
0.000051 0.000032 1.000000 -0.000339 0.000116 1.000000 0.002041 0.023030 0.999733 -0.001076 0.001630 0.999998 0.022713 0.067029 0.997492 0.000151 0.000666 1.000000 
0.000053 0.000033 1.000000 -0.000249 0.000085 1.000000 0.002049 0.023144 0.999730 -0.000964 0.001461 0.999998 0.022838 0.067450 0.997461 0.000151 0.000665 1.000000 
0.000046 0.000029 1.000000 -0.000014 0.000005 1.000000 0.002067 0.023367 0.999725 -0.000860 0.001302 0.999999 0.023040 0.068124 0.997411 0.000147 0.000650 1.000000 
0.000022 0.000014 1.000000 0.001304 -0.000443 0.999999 0.002097 0.023752 0.999716 -0.000786 0.001190 0.999999 0.023217 0.068768 0.997362 0.000123 0.000543 1.000000 
0.000024 0.000015 1.000000 0.003271 -0.001109 0.999994 0.002135 0.024235 0.999704 -0.000700 0.001059 0.999999 0.023385 0.069425 0.997313 0.000090 0.000398 1.000000 
-0.000167 -0.000105 1.000000 0.005669 -0.001918 0.999982 0.002192 0.024907 0.999687 -0.000836 0.001262 0.999999 0.023525 0.070052 0.997266 0.000046 0.000201 1.000000 
-0.000141 -0.000089 1.000000 0.007852 -0.002650 0.999966 0.002232 0.025415 0.999674 -0.000740 0.001115 0.999999 0.023673 0.070717 0.997215 0.000011 0.000046 1.000000 
-0.000115 -0.000072 1.000000 0.008412 -0.002832 0.999961 0.002252 0.025669 0.999668 -0.000651 0.000979 0.999999 0.023820 0.071336 0.997168 0.000005 0.000022 1.000000 
-0.000167 -0.000106 1.000000 0.008768 -0.002947 0.999957 0.002282 0.026011 0.999659 -0.001088 0.001634 0.999998 0.023926 0.071782 0.997133 -0.000010 -0.000045 1.000000 
-0.000134 -0.000085 1.000000 0.009026 -0.003029 0.999955 0.002288 0.026106 0.999657 -0.000956 0.001434 0.999999 0.023998 0.072092 0.997109 -0.000009 -0.000041 1.000000 
-0.000111 -0.000070 1.000000 0.009185 -0.003081 0.999953 0.002290 0.026138 0.999656 -0.000855 0.001282 0.999999 0.024029 0.072226 0.997099 -0.000009 -0.000040 1.000000 
-0.000093 -0.000059 1.000000 0.009213 -0.003091 0.999953 0.002286 0.026099 0.999657 -0.000776 0.001163 0.999999 0.024019 0.072197 0.997101 -0.000009 -0.000040 1.000000 
-0.000081 -0.000051 1.000000 0.009150 -0.003070 0.999953 0.002282 0.026046 0.999658 -0.000701 0.001052 0.999999 0.024009 0.072164 0.997104 -0.000008 -0.000037 1.000000 
-0.000071 -0.000045 1.000000 0.009008 -0.003022 0.999955 0.002276 0.025975 0.999660 -0.000637 0.000955 0.999999 0.023993 0.072109 0.997108 -0.000007 -0.000032 1.000000 
-0.000765 -0.000484 1.000000 0.008738 -0.002932 0.999958 0.002295 0.026156 0.999655 -0.001032 0.001547 0.999998 0.023945 0.071953 0.997121 -0.000038 -0.000169 1.000000 
-0.000682 -0.000432 1.000000 0.008445 -0.002833 0.999960 0.002284 0.026030 0.999659 -0.000937 0.001405 0.999999 0.023920 0.071872 0.997127 -0.000031 -0.000135 1.000000 
-0.000606 -0.000384 1.000000 0.008116 -0.002723 0.999963 0.002273 0.025902 0.999662 -0.000851 0.001275 0.999999 0.023894 0.071787 0.997134 -0.000022 -0.000098 1.000000 
-0.001605 -0.001017 0.999998 0.007718 -0.002590 0.999967 0.002285 0.026001 0.999659 -0.000946 0.001417 0.999999 0.023821 0.071559 0.997152 -0.000063 -0.000278 1.000000 
-0.001434 -0.000909 0.999999 0.007295 -0.002448 0.999970 0.002271 0.025834 0.999664 -0.000851 0.001275 0.999999 0.023787 0.071446 0.997161 -0.000047 -0.000206 1.000000 
-0.001284 -0.000814 0.999999 0.006852 -0.002299 0.999974 0.002259 0.025691 0.999667 -0.000770 0.001153 0.999999 0.023788 0.071434 0.997162 -0.000035 -0.000156 1.000000 
-0.001148 -0.000728 0.999999 0.006407 -0.002151 0.999977 0.002247 0.025554 0.999671 -0.000697 0.001044 0.999999 0.023790 0.071418 0.997163 -0.000024 -0.000107 1.000000 
-0.001024 -0.000649 0.999999 0.005993 -0.002012 0.999980 0.002235 0.025413 0.999675 -0.000632 0.000946 0.999999 0.023762 0.071318 0.997171 -0.000010 -0.000046 1.000000 
-0.000911 -0.000578 0.999999 0.005603 -0.001881 0.999983 0.002224 0.025278 0.999678 -0.000573 0.000857 0.999999 0.023735 0.071213 0.997179 0.000002 0.000010 1.000000 
-0.001174 -0.000744 0.999999 0.005241 -0.001760 0.999985 0.002228 0.025297 0.999678 -0.000860 0.001288 0.999999 0.023704 0.071090 0.997188 -0.000016 -0.000072 1.000000 
-0.001052 -0.000667 0.999999 0.004924 -0.001654 0.999987 0.002218 0.025173 0.999681 -0.000783 0.001171 0.999999 0.023683 0.071004 0.997195 -0.000004 -0.000016 1.000000 
-0.000941 -0.000596 0.999999 0.004656 -0.001565 0.999988 0.002209 0.025064 0.999683 -0.000716 0.001072 0.999999 0.023664 0.070921 0.997201 0.000007 0.000032 1.000000 
-0.000841 -0.000533 1.000000 0.004454 -0.001497 0.999989 0.002202 0.024973 0.999686 -0.000657 0.000983 0.999999 0.023649 0.070855 0.997206 0.000016 0.000072 1.000000 
-0.000752 -0.000477 1.000000 0.004324 -0.001454 0.999990 0.002196 0.024904 0.999687 -0.000602 0.000901 0.999999 0.023638 0.070809 0.997210 0.000024 0.000104 1.000000 
-0.000674 -0.000428 1.000000 0.004272 -0.001436 0.999990 0.002193 0.024857 0.999689 -0.000555 0.000831 1.000000 0.023633 0.070784 0.997212 0.000029 0.000126 1.000000 
-0.000601 -0.000381 1.000000 0.004301 -0.001446 0.999990 0.002191 0.024834 0.999689 -0.000514 0.000769 1.000000 0.023634 0.070785 0.997212 0.000032 0.000142 1.000000 
-0.000532 -0.000337 1.000000 0.004396 -0.001478 0.999989 0.002190 0.024828 0.999689 -0.000473 0.000707 1.000000 0.023640 0.070802 0.997210 0.000035 0.000153 1.000000 
-0.000468 -0.000297 1.000000 0.004489 -0.001509 0.999989 0.002190 0.024824 0.999689 -0.000434 0.000650 1.000000 0.023645 0.070819 0.997209 0.000037 0.000162 1.000000 
-0.000408 -0.000259 1.000000 0.004574 -0.001538 0.999988 0.002189 0.024820 0.999690 -0.000399 0.000598 1.000000 0.023650 0.070836 0.997208 0.000039 0.000172 1.000000 
-0.000357 -0.000226 1.000000 0.004650 -0.001563 0.999988 0.002189 0.024817 0.999690 -0.000369 0.000552 1.000000 0.023654 0.070850 0.997206 0.000041 0.000179 1.000000 
-0.000314 -0.000199 1.000000 0.004710 -0.001584 0.999988 0.002188 0.024810 0.999690 -0.000343 0.000513 1.000000 0.023656 0.070858 0.997206 0.000041 0.000183 1.000000 
-0.000276 -0.000175 1.000000 0.004762 -0.001601 0.999987 0.002188 0.024807 0.999690 -0.000318 0.000477 1.000000 0.023666 0.070887 0.997204 0.000042 0.000183 1.000000 
-0.000242 -0.000153 1.000000 0.004813 -0.001618 0.999987 0.002188 0.024803 0.999690 -0.000298 0.000446 1.000000 0.023668 0.070895 0.997203 0.000042 0.000186 1.000000 
-0.000211 -0.000134 1.000000 0.004859 -0.001634 0.999987 0.002187 0.024800 0.999690 -0.000279 0.000418 1.000000 0.023670 0.070902 0.997202 0.000043 0.000189 1.000000 
-0.000185 -0.000117 1.000000 0.004900 -0.001647 0.999987 0.002187 0.024796 0.999690 -0.000262 0.000393 1.000000 0.023672 0.070908 0.997202 0.000043 0.000190 1.000000 
-0.000171 -0.000109 1.000000 0.004940 -0.001661 0.999986 0.002186 0.024791 0.999690 -0.000229 0.000342 1.000000 0.023673 0.070913 0.997202 0.000044 0.000193 1.000000 
-0.000150 -0.000095 1.000000 0.004973 -0.001672 0.999986 0.002186 0.024787 0.999690 -0.000215 0.000322 1.000000 0.023675 0.070918 0.997201 0.000044 0.000194 1.000000 
-0.000190 -0.000120 1.000000 0.005002 -0.001683 0.999986 0.002244 0.025399 0.999675 -0.002180 0.003259 0.999992 0.023644 0.070796 0.997211 0.000020 0.000090 1.000000 
-0.000172 -0.000109 1.000000 0.005019 -0.001688 0.999986 0.002238 0.025325 0.999677 -0.001973 0.002949 0.999994 0.023638 0.070772 0.997212 0.000024 0.000104 1.000000 
-0.000154 -0.000098 1.000000 0.005059 -0.001702 0.999986 0.002232 0.025262 0.999678 -0.001790 0.002676 0.999995 0.023632 0.070750 0.997214 0.000026 0.000114 1.000000 
-0.000137 -0.000087 1.000000 0.005099 -0.001716 0.999986 0.002228 0.025205 0.999680 -0.001625 0.002429 0.999996 0.023626 0.070730 0.997216 0.000028 0.000123 1.000000 
0.000276 0.000175 1.000000 0.005125 -0.001725 0.999985 0.002216 0.025083 0.999683 -0.001380 0.002063 0.999997 0.023615 0.070679 0.997220 0.000065 0.000284 1.000000 
0.000078 0.000050 1.000000 0.005155 -0.001735 0.999985 0.002217 0.025080 0.999683 -0.001341 0.002004 0.999997 0.023595 0.070617 0.997224 0.000051 0.000225 1.000000 
0.000069 0.000044 1.000000 0.005171 -0.001740 0.999985 0.002212 0.025024 0.999684 -0.001231 0.001840 0.999998 0.023578 0.070566 0.997228 0.000049 0.000217 1.000000 
-0.000087 -0.000055 1.000000 0.005207 -0.001753 0.999985 0.002244 0.025352 0.999676 -0.002303 0.003442 0.999991 0.023549 0.070460 0.997237 0.000023 0.000102 1.000000 
-0.000078 -0.000049 1.000000 0.005223 -0.001758 0.999985 0.002237 0.025273 0.999678 -0.002084 0.003115 0.999993 0.023540 0.070429 0.997239 0.000026 0.000114 1.000000 
-0.000068 -0.000043 1.000000 0.005249 -0.001767 0.999985 0.002231 0.025203 0.999680 -0.001889 0.002823 0.999994 0.023532 0.070401 0.997241 0.000028 0.000123 1.000000 
-0.000057 -0.000036 1.000000 0.005279 -0.001778 0.999984 0.002226 0.025140 0.999681 -0.001717 0.002566 0.999995 0.023525 0.070377 0.997243 0.000029 0.000129 1.000000 
-0.000049 -0.000031 1.000000 0.005308 -0.001787 0.999984 0.002221 0.025084 0.999683 -0.001563 0.002335 0.999996 0.023518 0.070353 0.997245 0.000030 0.000134 1.000000 
-0.000724 -0.000459 1.000000 0.005331 -0.001795 0.999984 0.002236 0.025241 0.999679 -0.001654 0.002472 0.999996 0.023511 0.070328 0.997247 -0.000004 -0.000019 1.000000 
-0.000649 -0.000412 1.000000 0.005360 -0.001805 0.999984 0.002232 0.025179 0.999680 -0.001517 0.002267 0.999996 0.023512 0.070315 0.997248 -0.000001 -0.000004 1.000000 
-0.000580 -0.000368 1.000000 0.005472 -0.001843 0.999983 0.002228 0.025138 0.999682 -0.001392 0.002080 0.999997 0.023512 0.070316 0.997248 0.000001 0.000003 1.000000 
-0.000514 -0.000326 1.000000 0.005583 -0.001881 0.999983 0.002225 0.025103 0.999682 -0.001285 0.001920 0.999997 0.023513 0.070318 0.997247 0.000002 0.000008 1.000000 
-0.000452 -0.000287 1.000000 0.005690 -0.001917 0.999982 0.002222 0.025074 0.999683 -0.001193 0.001782 0.999998 0.023513 0.070321 0.997247 0.000003 0.000011 1.000000 
-0.001972 -0.001252 0.999997 0.005792 -0.001951 0.999981 0.002268 0.025528 0.999672 -0.001743 0.002603 0.999995 0.023508 0.070296 0.997249 -0.000089 -0.000390 1.000000 
-0.001773 -0.001126 0.999998 0.005956 -0.002007 0.999980 0.002264 0.025482 0.999673 -0.001584 0.002366 0.999996 0.023523 0.070335 0.997246 -0.000078 -0.000344 1.000000 
-0.001593 -0.001012 0.999998 0.006204 -0.002090 0.999979 0.002262 0.025459 0.999673 -0.001443 0.002155 0.999997 0.023538 0.070383 0.997242 -0.000071 -0.000312 1.000000 
-0.001423 -0.000904 0.999999 0.006449 -0.002173 0.999977 0.002260 0.025441 0.999674 -0.001315 0.001964 0.999997 0.023552 0.070430 0.997239 -0.000064 -0.000282 1.000000 
-0.001270 -0.000807 0.999999 0.006675 -0.002249 0.999975 0.002260 0.025439 0.999674 -0.001196 0.001787 0.999998 0.023590 0.070543 0.997230 -0.000061 -0.000266 1.000000 
-0.001135 -0.000721 0.999999 0.006878 -0.002317 0.999974 0.002258 0.025425 0.999674 -0.001094 0.001634 0.999998 0.023599 0.070576 0.997227 -0.000055 -0.000243 1.000000 
-0.001024 -0.000650 0.999999 0.007056 -0.002378 0.999972 0.002257 0.025409 0.999675 -0.000973 0.001453 0.999998 0.023610 0.070610 0.997225 -0.000050 -0.000218 1.000000 
-0.000910 -0.000578 0.999999 0.007226 -0.002435 0.999971 0.002256 0.025400 0.999675 -0.000893 0.001333 0.999999 0.023620 0.070643 0.997222 -0.000045 -0.000199 1.000000 
-0.000809 -0.000514 1.000000 0.007376 -0.002486 0.999970 0.002255 0.025391 0.999675 -0.000820 0.001225 0.999999 0.023628 0.070670 0.997220 -0.000042 -0.000182 1.000000 
-0.000719 -0.000457 1.000000 0.007514 -0.002532 0.999969 0.002254 0.025382 0.999675 -0.000757 0.001131 0.999999 0.023635 0.070693 0.997218 -0.000039 -0.000169 1.000000 
-0.000637 -0.000404 1.000000 0.007633 -0.002572 0.999968 0.002253 0.025375 0.999675 -0.000699 0.001043 0.999999 0.023642 0.070716 0.997216 -0.000035 -0.000155 1.000000 
-0.000562 -0.000357 1.000000 0.007741 -0.002609 0.999967 0.002253 0.025368 0.999676 -0.000647 0.000966 0.999999 0.023649 0.070737 0.997215 -0.000033 -0.000143 1.000000 
-0.000496 -0.000315 1.000000 0.007838 -0.002641 0.999966 0.002252 0.025361 0.999676 -0.000600 0.000896 0.999999 0.023654 0.070755 0.997213 -0.000030 -0.000133 1.000000 
-0.000592 -0.000376 1.000000 0.007915 -0.002667 0.999965 0.002253 0.025366 0.999676 -0.000432 0.000646 1.000000 0.023660 0.070769 0.997212 -0.000028 -0.000122 1.000000 
-0.000523 -0.000332 1.000000 0.008009 -0.002699 0.999964 0.002252 0.025363 0.999676 -0.000395 0.000591 1.000000 0.023667 0.070789 0.997210 -0.000025 -0.000111 1.000000 
-0.000461 -0.000293 1.000000 0.008096 -0.002728 0.999964 0.002252 0.025360 0.999676 -0.000362 0.000540 1.000000 0.023673 0.070808 0.997209 -0.000023 -0.000100 1.000000 
-0.000400 -0.000254 1.000000 0.008180 -0.002757 0.999963 0.002252 0.025359 0.999676 -0.000329 0.000492 1.000000 0.023679 0.070828 0.997207 -0.000020 -0.000089 1.000000 
-0.000352 -0.000224 1.000000 0.008247 -0.002779 0.999962 0.002252 0.025357 0.999676 -0.000303 0.000453 1.000000 0.023683 0.070841 0.997206 -0.000019 -0.000082 1.000000 
-0.001026 -0.000652 0.999999 0.008277 -0.002790 0.999962 0.002275 0.025593 0.999670 -0.000572 0.000855 0.999999 0.023686 0.070835 0.997207 -0.000051 -0.000226 1.000000 
-0.001731 -0.001100 0.999998 0.008271 -0.002789 0.999962 0.002311 0.025957 0.999660 -0.001272 0.001899 0.999997 0.023686 0.070803 0.997209 -0.000091 -0.000399 1.000000 
-0.001559 -0.000991 0.999998 0.008364 -0.002821 0.999961 0.002307 0.025904 0.999662 -0.001163 0.001736 0.999998 0.023691 0.070813 0.997208 -0.000084 -0.000367 1.000000 
-0.001402 -0.000891 0.999999 0.008523 -0.002875 0.999960 0.002304 0.025872 0.999663 -0.001064 0.001588 0.999998 0.023699 0.070837 0.997206 -0.000078 -0.000342 1.000000 
-0.002555 -0.001625 0.999995 0.008666 -0.002923 0.999958 0.002346 0.026286 0.999652 -0.001616 0.002411 0.999996 0.023714 0.070873 0.997203 -0.000150 -0.000659 1.000000 
-0.000883 -0.000561 0.999999 0.008814 -0.002974 0.999957 0.002344 0.026262 0.999652 -0.002424 0.003616 0.999991 0.023722 0.070871 0.997203 -0.000074 -0.000323 1.000000 
-0.000790 -0.000502 1.000000 0.008942 -0.003018 0.999955 0.002338 0.026197 0.999654 -0.002206 0.003291 0.999992 0.023724 0.070873 0.997203 -0.000068 -0.000300 1.000000 
-0.000087 -0.000055 1.000000 0.008998 -0.003038 0.999955 0.002332 0.026132 0.999656 -0.002341 0.003492 0.999991 0.023718 0.070829 0.997206 -0.000026 -0.000115 1.000000 
-0.000075 -0.000048 1.000000 0.009026 -0.003048 0.999955 0.002325 0.026050 0.999658 -0.002123 0.003166 0.999993 0.023708 0.070795 0.997209 -0.000025 -0.000108 1.000000 
-0.000066 -0.000042 1.000000 0.009050 -0.003056 0.999954 0.002318 0.025975 0.999660 -0.001930 0.002879 0.999994 0.023699 0.070764 0.997212 -0.000024 -0.000105 1.000000 
-0.000057 -0.000036 1.000000 0.009073 -0.003064 0.999954 0.002312 0.025908 0.999662 -0.001759 0.002624 0.999995 0.023691 0.070735 0.997214 -0.000023 -0.000103 1.000000 
-0.000050 -0.000032 1.000000 0.009094 -0.003071 0.999954 0.002307 0.025847 0.999663 -0.001603 0.002392 0.999996 0.023683 0.070709 0.997216 -0.000023 -0.000101 1.000000 
-0.000041 -0.000026 1.000000 0.009116 -0.003079 0.999954 0.002302 0.025792 0.999665 -0.001463 0.002182 0.999997 0.023676 0.070686 0.997218 -0.000023 -0.000099 1.000000 
0.000036 0.000023 1.000000 0.009130 -0.003084 0.999954 0.002298 0.025740 0.999666 -0.001356 0.002023 0.999997 0.023674 0.070670 0.997219 -0.000017 -0.000077 1.000000 
0.000030 0.000019 1.000000 0.009135 -0.003085 0.999954 0.002294 0.025693 0.999667 -0.001246 0.001859 0.999997 0.023666 0.070644 0.997221 -0.000018 -0.000080 1.000000 
0.000023 0.000015 1.000000 0.009139 -0.003087 0.999953 0.002290 0.025650 0.999668 -0.001147 0.001711 0.999998 0.023659 0.070621 0.997223 -0.000019 -0.000084 1.000000 
0.000016 0.000010 1.000000 0.009140 -0.003088 0.999953 0.002287 0.025611 0.999669 -0.001058 0.001577 0.999998 0.023652 0.070599 0.997224 -0.000020 -0.000088 1.000000 
0.000009 0.000006 1.000000 0.009142 -0.003088 0.999953 0.002284 0.025576 0.999670 -0.000980 0.001462 0.999998 0.023646 0.070580 0.997226 -0.000021 -0.000092 1.000000 
0.000311 0.000198 1.000000 0.009133 -0.003086 0.999954 0.002290 0.025638 0.999669 -0.001431 0.002134 0.999997 0.023644 0.070559 0.997227 -0.000016 -0.000069 1.000000 
0.000289 0.000184 1.000000 0.009107 -0.003077 0.999954 0.002286 0.025588 0.999670 -0.001293 0.001929 0.999997 0.023636 0.070529 0.997230 -0.000014 -0.000060 1.000000 
0.000259 0.000165 1.000000 0.009073 -0.003066 0.999954 0.002282 0.025541 0.999671 -0.001190 0.001775 0.999998 0.023627 0.070497 0.997232 -0.000015 -0.000064 1.000000 
0.000232 0.000147 1.000000 0.009045 -0.003057 0.999954 0.002278 0.025500 0.999672 -0.001098 0.001637 0.999998 0.023618 0.070469 0.997234 -0.000016 -0.000068 1.000000 
0.000749 0.000477 1.000000 0.009001 -0.003043 0.999955 0.002275 0.025456 0.999673 -0.001279 0.001908 0.999997 0.023614 0.070429 0.997237 0.000014 0.000061 1.000000 
-0.000688 -0.000438 1.000000 0.008930 -0.003019 0.999956 0.002314 0.025842 0.999663 -0.001743 0.002598 0.999995 0.023613 0.070412 0.997239 -0.000070 -0.000305 1.000000 
-0.000616 -0.000392 1.000000 0.008941 -0.003023 0.999955 0.002309 0.025788 0.999665 -0.001605 0.002392 0.999996 0.023618 0.070424 0.997237 -0.000065 -0.000286 1.000000 
