0.002139 -0.000975 0.999997 -0.001522 -0.003377 0.999993 -0.001537 -0.003355 0.999993 0.002084 -0.000895 0.999997 
0.001557 -0.000710 0.999999 -0.000964 -0.002139 0.999997 -0.000973 -0.002124 0.999997 0.001524 -0.000654 0.999999 
0.001202 -0.000548 0.999999 -0.000680 -0.001508 0.999999 -0.000686 -0.001497 0.999999 0.001179 -0.000506 0.999999 
0.002211 -0.001008 0.999997 0.000294 0.000652 1.000000 0.000304 0.000663 1.000000 0.002248 -0.000965 0.999997 
0.003681 -0.001678 0.999992 -0.001221 -0.002710 0.999996 -0.001227 -0.002680 0.999996 0.003656 -0.001569 0.999992 
0.003297 -0.001503 0.999993 -0.001104 -0.002450 0.999996 -0.001109 -0.002423 0.999996 0.003274 -0.001405 0.999994 
0.001422 -0.000649 0.999999 -0.001789 -0.003967 0.999991 -0.001809 -0.003948 0.999991 0.001347 -0.000579 0.999999 
0.001497 -0.000683 0.999999 -0.002418 -0.005362 0.999983 -0.002446 -0.005338 0.999983 0.001391 -0.000597 0.999999 
-0.001533 0.000700 0.999999 -0.002601 -0.005765 0.999980 -0.002641 -0.005759 0.999980 -0.001677 0.000721 0.999998 
-0.002408 0.001100 0.999996 -0.001694 -0.003754 0.999992 -0.001724 -0.003758 0.999991 -0.002516 0.001082 0.999996 
-0.002330 0.001064 0.999997 -0.001536 -0.003404 0.999993 -0.001564 -0.003408 0.999993 -0.002430 0.001045 0.999997 
-0.002991 0.001366 0.999995 -0.001342 -0.002973 0.999995 -0.001369 -0.002983 0.999995 -0.003087 0.001328 0.999994 
-0.004686 0.002140 0.999987 -0.001223 -0.002710 0.999996 -0.001253 -0.002731 0.999995 -0.004793 0.002061 0.999986 
-0.007047 0.003220 0.999970 -0.000734 -0.001625 0.999998 -0.000763 -0.001663 0.999998 -0.007152 0.003077 0.999970 
-0.009071 0.004150 0.999950 0.000388 0.000858 1.000000 0.000368 0.000801 1.000000 -0.009141 0.003938 0.999950 
-0.008775 0.004015 0.999953 0.000440 0.000973 0.999999 0.000421 0.000917 0.999999 -0.008839 0.003808 0.999954 
-0.009259 0.004237 0.999948 0.000371 0.000820 1.000000 0.000350 0.000761 1.000000 -0.009331 0.004020 0.999948 
-0.014823 0.006783 0.999867 0.000299 0.000661 1.000000 0.000261 0.000569 1.000000 -0.014953 0.006443 0.999867 
-0.020786 0.010687 0.999727 -0.000044 -0.000086 1.000000 -0.000110 -0.000213 1.000000 -0.021018 0.010220 0.999727 
-0.019271 0.010174 0.999763 -0.000021 -0.000040 1.000000 -0.000084 -0.000158 1.000000 -0.019491 0.009740 0.999763 
-0.013388 0.006558 0.999889 -0.000614 -0.001268 0.999999 -0.000662 -0.001346 0.999999 -0.013557 0.006270 0.999888 
-0.013310 0.006359 0.999891 -0.000338 -0.000716 1.000000 -0.000381 -0.000795 1.000000 -0.013463 0.006067 0.999891 
-0.011638 0.005557 0.999917 -0.000217 -0.000460 1.000000 -0.000254 -0.000530 1.000000 -0.011768 0.005300 0.999917 
-0.022010 0.011454 0.999692 -0.000126 -0.000245 1.000000 -0.000198 -0.000379 1.000000 -0.022263 0.010962 0.999692 
-0.038974 0.021871 0.999001 -0.000157 -0.000282 1.000000 -0.000293 -0.000519 1.000000 -0.039453 0.020996 0.999001 
-0.034978 0.019622 0.999195 -0.000139 -0.000250 1.000000 -0.000261 -0.000463 1.000000 -0.035407 0.018837 0.999195 
-0.022440 0.012588 0.999669 -0.000122 -0.000219 1.000000 -0.000200 -0.000356 1.000000 -0.022717 0.012085 0.999669 
-0.004207 0.002360 0.999988 0.000008 0.000014 1.000000 -0.000007 -0.000012 1.000000 -0.004258 0.002265 0.999988 
-0.005787 0.003299 0.999978 -0.000274 -0.000486 1.000000 -0.000297 -0.000519 1.000000 -0.005869 0.003174 0.999978 
-0.060862 -0.136812 0.988726 -0.003816 -0.006720 0.999970 -0.005269 0.002980 0.999982 0.203795 -0.024068 0.978718 -0.005760 0.002739 0.999980 0.086483 -0.012167 0.996179 
-0.042224 -0.104176 0.993662 -0.002512 -0.004527 0.999987 -0.006150 0.003399 0.999975 0.096203 -0.019081 0.995179 -0.003159 0.001372 0.999994 -0.004687 0.001122 0.999988 
-0.024200 -0.059581 0.997930 -0.000682 -0.001184 0.999999 -0.007166 0.004110 0.999966 0.042933 -0.008042 0.999046 -0.003662 0.001592 0.999992 -0.020756 0.004730 0.999773 
-0.010353 -0.025056 0.999632 -0.003943 -0.006700 0.999970 0.001031 -0.000604 0.999999 -0.009436 0.001169 0.999955 -0.004208 0.001859 0.999989 -0.028303 0.004301 0.999590 
-0.002898 -0.006919 0.999972 -0.017974 -0.030273 0.999380 0.007689 -0.004544 0.999960 -0.039647 0.000853 0.999213 -0.004954 0.002217 0.999985 -0.005826 0.000172 0.999983 
-0.001154 -0.002753 0.999996 -0.017999 -0.030246 0.999380 0.004098 -0.002428 0.999989 -0.035389 -0.000790 0.999373 -0.003855 0.001727 0.999991 -0.000492 -0.000011 1.000000 
-0.000688 -0.001639 0.999998 -0.016270 -0.027374 0.999493 0.003740 -0.002213 0.999991 -0.032925 -0.000750 0.999458 -0.004305 0.001930 0.999989 0.000144 0.000003 1.000000 
-0.000604 -0.001439 0.999999 -0.015165 -0.025516 0.999559 0.003597 -0.002129 0.999991 -0.030710 -0.000700 0.999528 -0.003789 0.001699 0.999991 0.000140 0.000003 1.000000 
-0.000411 -0.000979 0.999999 -0.014218 -0.023921 0.999613 0.004157 -0.002460 0.999988 -0.029482 -0.000673 0.999565 -0.003438 0.001542 0.999993 0.000296 0.000007 1.000000 
-0.000241 -0.000571 1.000000 -0.012695 -0.021334 0.999692 0.004593 -0.002721 0.999986 -0.026731 -0.000602 0.999642 -0.002247 0.001011 0.999997 0.000183 0.000004 1.000000 
-0.000593 -0.001406 0.999999 -0.010550 -0.017731 0.999787 0.005298 -0.003139 0.999981 -0.022450 -0.000493 0.999748 0.000047 -0.000021 1.000000 -0.001452 -0.000031 0.999999 
-0.000346 -0.000821 1.000000 -0.008404 -0.014171 0.999864 0.005864 -0.003463 0.999977 -0.018642 -0.000387 0.999826 0.003370 -0.001517 0.999993 -0.002830 -0.000056 0.999996 
-0.000316 -0.000751 1.000000 -0.006197 -0.010499 0.999926 0.007320 -0.004302 0.999964 -0.015670 -0.000324 0.999877 0.003175 -0.001429 0.999994 -0.002533 -0.000049 0.999997 
-0.000280 -0.000665 1.000000 -0.003618 -0.006159 0.999974 0.008750 -0.005119 0.999949 -0.011410 -0.000237 0.999935 0.003861 -0.001738 0.999991 -0.002241 -0.000044 0.999997 
-0.000251 -0.000595 1.000000 -0.000629 -0.001077 0.999999 0.009946 -0.005789 0.999934 -0.005808 -0.000121 0.999983 0.005132 -0.002310 0.999984 -0.001969 -0.000039 0.999998 
-0.000219 -0.000520 1.000000 -0.000143 -0.000244 1.000000 0.009899 -0.005756 0.999934 -0.004034 -0.000084 0.999992 0.006226 -0.002801 0.999977 -0.001722 -0.000034 0.999999 
0.000239 0.000570 1.000000 -0.000142 -0.000243 1.000000 0.010067 -0.005853 0.999932 -0.003303 -0.000071 0.999995 0.007402 -0.003315 0.999967 -0.000365 -0.000007 1.000000 
0.000680 0.001632 0.999998 -0.001513 -0.002602 0.999995 0.012327 -0.007140 0.999899 -0.003576 -0.000078 0.999994 0.008803 -0.003921 0.999954 0.004208 0.000085 0.999991 
0.001708 0.004114 0.999990 -0.001370 -0.002358 0.999996 0.012108 -0.007009 0.999902 -0.002540 -0.000055 0.999997 0.009931 -0.004407 0.999941 0.006960 0.000138 0.999976 
0.002994 0.007214 0.999969 -0.001240 -0.002134 0.999997 0.012070 -0.006986 0.999903 -0.002029 -0.000044 0.999998 0.010470 -0.004644 0.999934 0.010428 0.000207 0.999946 
0.003930 0.009480 0.999947 -0.001082 -0.001863 0.999998 0.011704 -0.006771 0.999909 -0.001230 -0.000026 0.999999 0.011081 -0.004911 0.999927 0.012881 0.000242 0.999917 
0.004907 0.011840 0.999918 -0.000979 -0.001685 0.999998 0.011363 -0.006574 0.999914 -0.001049 -0.000022 0.999999 0.010846 -0.004806 0.999930 0.015503 0.000291 0.999880 
0.005754 0.013886 0.999887 -0.000883 -0.001520 0.999998 0.010763 -0.006227 0.999923 -0.000900 -0.000019 1.000000 0.010307 -0.004567 0.999936 0.017763 0.000332 0.999842 
0.006402 0.015436 0.999860 -0.000795 -0.001368 0.999999 0.009920 -0.005739 0.999934 -0.000832 -0.000017 1.000000 0.009404 -0.004170 0.999947 0.019444 0.000360 0.999811 
0.006809 0.016408 0.999842 -0.000717 -0.001235 0.999999 0.008791 -0.005084 0.999948 -0.000763 -0.000016 1.000000 0.008237 -0.003654 0.999959 0.020447 0.000371 0.999791 
0.007097 0.017094 0.999829 -0.000604 -0.001039 0.999999 0.007559 -0.004372 0.999962 -0.000904 -0.000018 1.000000 0.006639 -0.002947 0.999974 0.021045 0.000379 0.999778 
0.007187 0.017302 0.999824 -0.000475 -0.000818 1.000000 0.006207 -0.003590 0.999974 -0.001090 -0.000022 0.999999 0.004867 -0.002161 0.999986 0.021041 0.000377 0.999779 
0.006986 0.016807 0.999834 -0.000341 -0.000587 1.000000 0.004818 -0.002786 0.999985 -0.001103 -0.000022 0.999999 0.003223 -0.001432 0.999994 0.020290 0.000363 0.999794 
0.006594 0.015858 0.999853 -0.000242 -0.000416 1.000000 0.003771 -0.002181 0.999991 -0.001051 -0.000021 0.999999 0.001901 -0.000845 0.999998 0.019194 0.000342 0.999816 
0.006269 0.015067 0.999867 -0.000156 -0.000269 1.000000 0.002866 -0.001658 0.999995 -0.001072 -0.000021 0.999999 0.000624 -0.000277 1.000000 0.018305 0.000325 0.999832 
0.005928 0.014247 0.999881 -0.000079 -0.000136 1.000000 0.002091 -0.001209 0.999997 -0.000870 -0.000017 1.000000 -0.000043 0.000019 1.000000 0.017305 0.000307 0.999850 
0.005612 0.013485 0.999893 -0.000046 -0.000079 1.000000 0.001744 -0.001008 0.999998 -0.000664 -0.000013 1.000000 -0.000075 0.000033 1.000000 0.016340 0.000290 0.999866 
0.006603 0.015896 0.999852 -0.000476 -0.000820 1.000000 0.002604 -0.001506 0.999995 -0.002353 -0.000048 0.999997 0.001427 -0.000633 0.999999 0.017630 0.000323 0.999845 
0.006261 0.015075 0.999867 -0.000437 -0.000753 1.000000 0.002394 -0.001384 0.999996 -0.002147 -0.000044 0.999998 0.001265 -0.000561 0.999999 0.016791 0.000306 0.999859 
0.005901 0.014212 0.999882 -0.000392 -0.000675 1.000000 0.002207 -0.001276 0.999997 -0.001778 -0.000036 0.999998 0.001360 -0.000604 0.999999 0.015903 0.000284 0.999874 
0.005589 0.013463 0.999894 0.000258 0.000444 1.000000 0.002739 -0.001583 0.999995 -0.001095 -0.000022 0.999999 0.001272 -0.000564 0.999999 0.014938 0.000261 0.999888 
0.005182 0.012486 0.999909 -0.000140 -0.000241 1.000000 0.002933 -0.001695 0.999994 -0.001293 -0.000025 0.999999 0.001314 -0.000583 0.999999 0.014543 0.000254 0.999894 
0.004753 0.011451 0.999923 -0.000131 -0.000225 1.000000 0.002926 -0.001690 0.999994 -0.001323 -0.000026 0.999999 0.001213 -0.000538 0.999999 0.013364 0.000233 0.999911 
0.004255 0.010252 0.999938 -0.000110 -0.000189 1.000000 0.002947 -0.001702 0.999994 -0.001311 -0.000026 0.999999 0.001181 -0.000524 0.999999 0.011990 0.000208 0.999928 
0.003721 0.008965 0.999953 -0.000090 -0.000154 1.000000 0.002964 -0.001712 0.999994 -0.001264 -0.000024 0.999999 0.001203 -0.000534 0.999999 0.010515 0.000180 0.999945 
0.003225 0.007771 0.999965 -0.000073 -0.000125 1.000000 0.003021 -0.001745 0.999994 -0.001328 -0.000026 0.999999 0.001119 -0.000496 0.999999 0.009136 0.000156 0.999958 
0.002649 0.006384 0.999976 -0.000460 -0.000793 1.000000 0.003562 -0.002057 0.999992 -0.001713 -0.000033 0.999999 0.001050 -0.000466 0.999999 0.008394 0.000145 0.999965 
0.002084 0.005022 0.999985 -0.000446 -0.000769 1.000000 0.003576 -0.002063 0.999991 -0.001806 -0.000035 0.999998 0.000988 -0.000438 0.999999 0.006743 0.000117 0.999977 
0.001503 0.003622 0.999992 -0.000166 -0.000287 1.000000 0.003802 -0.002193 0.999990 -0.001581 -0.000030 0.999999 0.000947 -0.000420 0.999999 0.005005 0.000085 0.999987 
0.001169 0.002817 0.999995 -0.000052 -0.000090 1.000000 0.003816 -0.002202 0.999990 -0.001373 -0.000025 0.999999 0.002584 -0.001146 0.999996 0.002867 0.000044 0.999996 
0.000635 0.001532 0.999999 -0.001045 -0.001804 0.999998 0.005559 -0.003205 0.999979 -0.002495 -0.000046 0.999997 0.002378 -0.001054 0.999997 0.003731 0.000060 0.999993 
0.000570 0.001375 0.999999 -0.000979 -0.001693 0.999998 0.005670 -0.003266 0.999979 -0.002689 -0.000049 0.999996 0.002162 -0.000958 0.999997 0.003434 0.000054 0.999994 
0.000175 0.000422 1.000000 -0.001303 -0.002254 0.999997 0.006448 -0.003711 0.999972 -0.002663 -0.000047 0.999996 0.002883 -0.001278 0.999995 0.003133 0.000047 0.999995 
0.000158 0.000380 1.000000 -0.001188 -0.002056 0.999997 0.006670 -0.003839 0.999970 -0.002963 -0.000052 0.999996 0.002621 -0.001162 0.999996 0.002865 0.000043 0.999996 
0.000376 0.000907 1.000000 -0.001030 -0.001782 0.999998 0.006839 -0.003936 0.999969 -0.003541 -0.000062 0.999994 0.002319 -0.001027 0.999997 0.002824 0.000042 0.999996 
0.000377 0.000910 1.000000 -0.000843 -0.001459 0.999999 0.006959 -0.004005 0.999968 -0.003511 -0.000059 0.999994 0.002836 -0.001256 0.999995 0.002177 0.000031 0.999998 
0.000321 0.000776 1.000000 -0.000621 -0.001075 0.999999 0.007400 -0.004258 0.999964 -0.003518 -0.000058 0.999994 0.002750 -0.001217 0.999995 0.001955 0.000027 0.999998 
0.000290 0.000701 1.000000 -0.000583 -0.001009 0.999999 0.007416 -0.004267 0.999963 -0.003672 -0.000060 0.999993 0.002502 -0.001107 0.999996 0.001806 0.000025 0.999998 
0.000263 0.000634 1.000000 -0.000548 -0.000949 0.999999 0.007301 -0.004201 0.999965 -0.003718 -0.000061 0.999993 0.002286 -0.001012 0.999997 0.001673 0.000023 0.999999 
0.000045 0.000108 1.000000 -0.000460 -0.000796 1.000000 0.007027 -0.004043 0.999967 -0.003273 -0.000052 0.999995 0.003137 -0.001388 0.999994 0.000547 0.000007 1.000000 
0.000044 0.000107 1.000000 -0.000439 -0.000760 1.000000 0.006786 -0.003904 0.999969 -0.003238 -0.000051 0.999995 0.002880 -0.001274 0.999995 0.000539 0.000007 1.000000 
0.000135 0.000327 1.000000 -0.000368 -0.000637 1.000000 0.006650 -0.003826 0.999971 -0.003253 -0.000050 0.999995 0.003165 -0.001399 0.999994 0.000308 0.000004 1.000000 
0.000128 0.000309 1.000000 -0.000348 -0.000603 1.000000 0.006582 -0.003786 0.999971 -0.003313 -0.000051 0.999995 0.002915 -0.001289 0.999995 0.000305 0.000004 1.000000 
0.000125 0.000302 1.000000 -0.000331 -0.000574 1.000000 0.006488 -0.003732 0.999972 -0.003349 -0.000052 0.999994 0.002691 -0.001190 0.999996 0.000312 0.000004 1.000000 
0.000415 0.001004 0.999999 -0.000231 -0.000400 1.000000 0.006628 -0.003812 0.999971 -0.003473 -0.000053 0.999994 0.003316 -0.001466 0.999993 0.000408 0.000005 1.000000 
0.000354 0.000855 1.000000 -0.000224 -0.000388 1.000000 0.006515 -0.003747 0.999972 -0.003427 -0.000052 0.999994 0.003093 -0.001367 0.999994 0.000352 0.000004 1.000000 
0.000252 0.000611 1.000000 -0.000167 -0.000289 1.000000 0.006410 -0.003687 0.999973 -0.003246 -0.000049 0.999995 0.002980 -0.001317 0.999995 0.000159 0.000002 1.000000 
0.000392 0.000948 0.999999 -0.000113 -0.000197 1.000000 0.006309 -0.003629 0.999974 -0.003440 -0.000051 0.999994 0.002867 -0.001266 0.999995 0.000213 0.000003 1.000000 
0.000253 0.000614 1.000000 -0.000748 -0.001296 0.999999 0.007383 -0.004244 0.999964 -0.003880 -0.000057 0.999992 0.003300 -0.001456 0.999993 0.001191 0.000013 0.999999 
0.000197 0.000478 1.000000 -0.001334 -0.002311 0.999996 0.008080 -0.004644 0.999957 -0.004298 -0.000064 0.999991 0.003128 -0.001379 0.999994 0.002472 0.000029 0.999997 
0.000475 0.001153 0.999999 -0.001151 -0.001995 0.999997 0.007776 -0.004469 0.999960 -0.004417 -0.000065 0.999990 0.003318 -0.001463 0.999993 0.002339 0.000027 0.999997 
0.000320 0.000775 1.000000 -0.001001 -0.001735 0.999998 0.007502 -0.004310 0.999963 -0.004044 -0.000057 0.999992 0.003287 -0.001449 0.999994 0.001823 0.000019 0.999998 
0.000171 0.000416 1.000000 -0.000813 -0.001410 0.999999 0.007294 -0.004190 0.999965 -0.003655 -0.000049 0.999993 0.003152 -0.001389 0.999994 0.001399 0.000014 0.999999 
0.000260 0.000632 1.000000 -0.001339 -0.002321 0.999996 0.007981 -0.004584 0.999958 -0.004173 -0.000056 0.999991 0.003464 -0.001525 0.999993 0.002469 0.000024 0.999997 
0.000224 0.000545 1.000000 -0.001725 -0.002993 0.999994 0.010027 -0.005755 0.999933 -0.004492 -0.000060 0.999990 0.003276 -0.001443 0.999994 0.004573 0.000045 0.999990 
0.000638 0.001551 0.999999 -0.002388 -0.004145 0.999989 0.010417 -0.005975 0.999928 -0.004623 -0.000060 0.999989 0.005913 -0.002602 0.999979 0.005326 0.000051 0.999986 
0.000561 0.001364 0.999999 -0.002038 -0.003539 0.999992 0.010048 -0.005763 0.999933 -0.004257 -0.000054 0.999991 0.005427 -0.002388 0.999982 0.004859 0.000044 0.999988 
0.000324 0.000788 1.000000 -0.001855 -0.003222 0.999993 0.009396 -0.005388 0.999941 -0.003664 -0.000045 0.999993 0.005486 -0.002415 0.999982 0.003941 0.000034 0.999992 
0.000413 0.001004 0.999999 -0.001691 -0.002937 0.999994 0.008796 -0.005044 0.999949 -0.003627 -0.000045 0.999993 0.005228 -0.002300 0.999984 0.003600 0.000031 0.999994 
0.000438 0.001063 0.999999 -0.001543 -0.002680 0.999995 0.008363 -0.004795 0.999954 -0.003599 -0.000044 0.999994 0.004920 -0.002164 0.999986 0.003273 0.000027 0.999995 
0.000649 0.001579 0.999999 -0.001960 -0.003404 0.999992 0.009028 -0.005176 0.999946 -0.004251 -0.000051 0.999991 0.005285 -0.002324 0.999983 0.004243 0.000035 0.999991 
0.001095 0.002665 0.999996 -0.002471 -0.004296 0.999988 0.009578 -0.005485 0.999939 -0.004889 -0.000058 0.999988 0.006964 -0.003060 0.999971 0.005010 0.000040 0.999987 
0.000954 0.002321 0.999997 -0.002610 -0.004541 0.999986 0.009640 -0.005518 0.999938 -0.004935 -0.000058 0.999988 0.006430 -0.002826 0.999975 0.005302 0.000042 0.999986 
0.000871 0.002121 0.999997 -0.002368 -0.004119 0.999989 0.008992 -0.005147 0.999946 -0.004602 -0.000054 0.999989 0.005874 -0.002581 0.999979 0.004844 0.000038 0.999988 
0.000802 0.001953 0.999998 -0.001724 -0.003000 0.999994 0.009444 -0.005405 0.999941 -0.004148 -0.000048 0.999991 0.005370 -0.002359 0.999983 0.004543 0.000034 0.999990 
0.000738 0.001797 0.999998 -0.001577 -0.002744 0.999995 0.008869 -0.005076 0.999948 -0.003923 -0.000045 0.999992 0.004930 -0.002166 0.999985 0.004185 0.000032 0.999991 
0.000682 0.001660 0.999998 -0.001454 -0.002529 0.999996 0.008481 -0.004854 0.999952 -0.003809 -0.000044 0.999993 0.004537 -0.001994 0.999988 0.003885 0.000030 0.999992 
0.000628 0.001527 0.999999 -0.001851 -0.003221 0.999993 0.009123 -0.005220 0.999945 -0.004293 -0.000050 0.999991 0.004170 -0.001832 0.999990 0.004789 0.000038 0.999989 
0.000578 0.001406 0.999999 -0.001693 -0.002948 0.999994 0.008773 -0.005017 0.999949 -0.004204 -0.000049 0.999991 0.003837 -0.001686 0.999991 0.004390 0.000034 0.999990 
0.000536 0.001305 0.999999 -0.001063 -0.001852 0.999998 0.009329 -0.005333 0.999942 -0.003748 -0.000042 0.999993 0.003602 -0.001582 0.999992 0.004074 0.000030 0.999992 
0.000495 0.001204 0.999999 -0.000975 -0.001699 0.999998 0.008902 -0.005089 0.999947 -0.003668 -0.000041 0.999993 0.003313 -0.001456 0.999993 0.003744 0.000027 0.999993 
0.000913 0.002224 0.999997 -0.000935 -0.001629 0.999998 0.008670 -0.004955 0.999950 -0.003902 -0.000043 0.999992 0.004232 -0.001858 0.999989 0.003690 0.000026 0.999993 
0.000837 0.002037 0.999998 -0.000863 -0.001504 0.999998 0.008325 -0.004758 0.999954 -0.003817 -0.000042 0.999993 0.003895 -0.001710 0.999991 0.003401 0.000024 0.999994 
0.000769 0.001873 0.999998 -0.000805 -0.001403 0.999999 0.008056 -0.004605 0.999957 -0.003770 -0.000042 0.999993 0.003612 -0.001586 0.999992 0.003143 0.000022 0.999995 
0.000973 0.002369 0.999997 -0.000751 -0.001308 0.999999 0.007799 -0.004457 0.999960 -0.003869 -0.000043 0.999993 0.004079 -0.001791 0.999990 0.002931 0.000021 0.999996 
0.000690 0.001680 0.999998 -0.000706 -0.001231 0.999999 0.007554 -0.004317 0.999962 -0.003459 -0.000037 0.999994 0.004278 -0.001878 0.999989 0.002187 0.000015 0.999998 
0.000935 0.002278 0.999997 -0.000594 -0.001035 0.999999 0.007380 -0.004218 0.999964 -0.003641 -0.000039 0.999993 0.004599 -0.002019 0.999987 0.002048 0.000013 0.999998 
0.000801 0.001952 0.999998 -0.001657 -0.002892 0.999994 0.009638 -0.005499 0.999938 -0.004691 -0.000051 0.999989 0.004378 -0.001920 0.999989 0.004642 0.000031 0.999989 
0.000733 0.001788 0.999998 -0.001364 -0.002382 0.999996 0.009030 -0.005151 0.999946 -0.004258 -0.000045 0.999991 0.004012 -0.001760 0.999990 0.004127 0.000027 0.999991 
0.000675 0.001644 0.999998 -0.001261 -0.002201 0.999997 0.008560 -0.004883 0.999951 -0.004081 -0.000044 0.999992 0.003688 -0.001618 0.999992 0.003819 0.000025 0.999993 
0.000896 0.002185 0.999997 -0.001636 -0.002856 0.999995 0.009672 -0.005517 0.999938 -0.004634 -0.000051 0.999989 0.004121 -0.001807 0.999990 0.005142 0.000035 0.999987 
0.000790 0.001927 0.999998 -0.001493 -0.002607 0.999995 0.009006 -0.005137 0.999946 -0.004201 -0.000045 0.999991 0.004052 -0.001776 0.999990 0.004573 0.000030 0.999990 
0.000725 0.001769 0.999998 -0.001373 -0.002397 0.999996 0.008555 -0.004879 0.999952 -0.004039 -0.000043 0.999992 0.003724 -0.001632 0.999992 0.004215 0.000028 0.999991 
0.000682 0.001665 0.999998 -0.001265 -0.002209 0.999997 0.008225 -0.004691 0.999955 -0.003882 -0.000041 0.999992 0.003643 -0.001596 0.999992 0.003849 0.000025 0.999993 
0.000739 0.001804 0.999998 -0.001168 -0.002040 0.999997 0.007951 -0.004535 0.999958 -0.003867 -0.000041 0.999993 0.003697 -0.001620 0.999992 0.003564 0.000022 0.999994 
0.000280 0.000683 1.000000 -0.000624 -0.001090 0.999999 0.008334 -0.004751 0.999954 -0.002680 -0.000026 0.999996 0.004597 -0.002013 0.999987 0.002143 0.000011 0.999998 
0.000287 0.000701 1.000000 -0.000584 -0.001020 0.999999 0.007927 -0.004519 0.999958 -0.002663 -0.000025 0.999996 0.004216 -0.001846 0.999989 0.002060 0.000011 0.999998 
0.000293 0.000716 1.000000 -0.000552 -0.000964 0.999999 0.007608 -0.004337 0.999962 -0.002683 -0.000026 0.999996 0.003868 -0.001694 0.999991 0.001993 0.000010 0.999998 
0.000288 0.000703 1.000000 -0.000528 -0.000922 0.999999 0.007375 -0.004204 0.999964 -0.002732 -0.000026 0.999996 0.003570 -0.001564 0.999992 0.001906 0.000010 0.999998 
0.000271 0.000661 1.000000 -0.001107 -0.001934 0.999998 0.008114 -0.004626 0.999956 -0.003288 -0.000033 0.999995 0.003319 -0.001453 0.999993 0.003206 0.000018 0.999995 
0.000005 0.000012 1.000000 -0.000956 -0.001670 0.999998 0.007793 -0.004442 0.999960 -0.002683 -0.000025 0.999996 0.003756 -0.001645 0.999992 0.002272 0.000011 0.999997 
0.000464 0.001134 0.999999 -0.001377 -0.002405 0.999996 0.008279 -0.004719 0.999955 -0.003661 -0.000036 0.999993 0.003914 -0.001714 0.999991 0.003575 0.000020 0.999994 
0.000431 0.001052 0.999999 -0.001257 -0.002196 0.999997 0.007990 -0.004555 0.999958 -0.003614 -0.000036 0.999993 0.003602 -0.001577 0.999992 0.003285 0.000018 0.999995 
0.000449 0.001098 0.999999 -0.001088 -0.001901 0.999998 0.007670 -0.004371 0.999961 -0.003243 -0.000029 0.999995 0.005056 -0.002211 0.999985 0.002089 0.000009 0.999998 
0.000019 0.000045 1.000000 -0.000993 -0.001735 0.999998 0.007380 -0.004206 0.999964 -0.002715 -0.000023 0.999996 0.005081 -0.002222 0.999985 0.001058 0.000004 0.999999 
0.000027 0.000067 1.000000 -0.000907 -0.001586 0.999998 0.007163 -0.004082 0.999966 -0.002751 -0.000023 0.999996 0.004655 -0.002036 0.999987 0.001002 0.000004 0.999999 
0.000026 0.000064 1.000000 -0.000749 -0.001310 0.999999 0.006831 -0.003892 0.999969 -0.002584 -0.000021 0.999997 0.004494 -0.001965 0.999988 0.000715 0.000002 1.000000 
0.000014 0.000035 1.000000 -0.000684 -0.001196 0.999999 0.006720 -0.003829 0.999970 -0.002677 -0.000022 0.999996 0.004075 -0.001781 0.999990 0.000658 0.000002 1.000000 
0.000069 0.000168 1.000000 -0.000551 -0.000963 0.999999 0.006612 -0.003767 0.999971 -0.002407 -0.000018 0.999997 0.005388 -0.002354 0.999983 -0.000210 -0.000001 1.000000 
0.000078 0.000191 1.000000 -0.000515 -0.000900 0.999999 0.006530 -0.003720 0.999972 -0.002528 -0.000019 0.999997 0.004940 -0.002159 0.999985 -0.000135 -0.000000 1.000000 
0.000553 0.001354 0.999999 -0.000350 -0.000612 1.000000 0.006517 -0.003712 0.999972 -0.002979 -0.000022 0.999996 0.004991 -0.002180 0.999985 0.000268 0.000001 1.000000 
0.000888 0.002174 0.999997 -0.000971 -0.001698 0.999998 0.007130 -0.004061 0.999966 -0.004054 -0.000032 0.999992 0.004680 -0.002044 0.999987 0.001975 0.000006 0.999998 
0.000814 0.001994 0.999998 -0.000681 -0.001192 0.999999 0.007339 -0.004179 0.999964 -0.003782 -0.000029 0.999993 0.004311 -0.001883 0.999989 0.001904 0.000006 0.999998 
0.000748 0.001833 0.999998 -0.000639 -0.001118 0.999999 0.007055 -0.004017 0.999967 -0.003674 -0.000028 0.999993 0.003978 -0.001737 0.999991 0.001780 0.000005 0.999998 
0.001064 0.002606 0.999996 -0.001153 -0.002016 0.999997 0.007432 -0.004232 0.999963 -0.004442 -0.000036 0.999990 0.004187 -0.001828 0.999990 0.002995 0.000010 0.999996 
0.000973 0.002384 0.999997 -0.000905 -0.001583 0.999998 0.007445 -0.004238 0.999963 -0.004154 -0.000033 0.999991 0.003866 -0.001688 0.999991 0.002797 0.000009 0.999996 
0.000712 0.001746 0.999998 -0.000787 -0.001377 0.999999 0.007165 -0.004078 0.999966 -0.003489 -0.000026 0.999994 0.004379 -0.001910 0.999989 0.001996 0.000005 0.999998 
0.000261 0.000641 1.000000 -0.000701 -0.001227 0.999999 0.006836 -0.003891 0.999969 -0.002612 -0.000017 0.999997 0.005161 -0.002253 0.999984 0.000744 0.000001 1.000000 
0.000703 0.001724 0.999998 -0.000970 -0.001697 0.999998 0.007725 -0.004396 0.999961 -0.003247 -0.000022 0.999995 0.005924 -0.002585 0.999979 0.001938 0.000004 0.999998 
0.000647 0.001585 0.999999 -0.000660 -0.001156 0.999999 0.007469 -0.004250 0.999963 -0.002914 -0.000019 0.999996 0.005415 -0.002363 0.999983 0.001684 0.000003 0.999999 
0.000578 0.001416 0.999999 -0.000853 -0.001493 0.999999 0.007757 -0.004411 0.999960 -0.003116 -0.000019 0.999995 0.005478 -0.002390 0.999982 0.001841 0.000002 0.999998 
0.000977 0.002396 0.999997 -0.000787 -0.001379 0.999999 0.007362 -0.004185 0.999964 -0.003342 -0.000020 0.999994 0.006172 -0.002693 0.999977 0.001736 0.000002 0.999998 
0.000901 0.002209 0.999997 -0.001236 -0.002165 0.999997 0.007858 -0.004467 0.999959 -0.003626 -0.000023 0.999993 0.005709 -0.002490 0.999981 0.002868 0.000004 0.999996 
0.000828 0.002030 0.999998 -0.001580 -0.002767 0.999995 0.008253 -0.004692 0.999955 -0.003817 -0.000025 0.999993 0.005302 -0.002313 0.999983 0.003774 0.000006 0.999993 
0.000780 0.001912 0.999998 -0.001449 -0.002538 0.999996 0.007884 -0.004482 0.999959 -0.003656 -0.000024 0.999993 0.004938 -0.002154 0.999985 0.003529 0.000005 0.999994 
0.000746 0.001828 0.999998 -0.001328 -0.002326 0.999996 0.007591 -0.004315 0.999962 -0.003536 -0.000023 0.999994 0.004611 -0.002012 0.999987 0.003328 0.000005 0.999994 
0.000381 0.000934 0.999999 -0.001145 -0.002007 0.999997 0.007433 -0.004225 0.999963 -0.002737 -0.000016 0.999996 0.005250 -0.002291 0.999984 0.002263 0.000002 0.999997 
0.000306 0.000749 1.000000 -0.001054 -0.001847 0.999998 0.007200 -0.004093 0.999966 -0.002601 -0.000015 0.999997 0.005045 -0.002201 0.999985 0.001986 0.000001 0.999998 
-0.000051 -0.000124 1.000000 -0.002247 -0.003940 0.999990 0.010434 -0.005926 0.999928 -0.003417 -0.000020 0.999994 0.005637 -0.002459 0.999981 0.004656 0.000004 0.999989 
0.000454 0.001114 0.999999 -0.002475 -0.004344 0.999988 0.011638 -0.006602 0.999910 -0.004527 -0.000027 0.999990 0.005681 -0.002478 0.999981 0.006159 0.000006 0.999981 
0.000798 0.001958 0.999998 -0.002545 -0.004468 0.999987 0.010865 -0.006163 0.999922 -0.004733 -0.000030 0.999989 0.005515 -0.002405 0.999982 0.006543 0.000008 0.999979 
0.000742 0.001820 0.999998 -0.002312 -0.004058 0.999989 0.010055 -0.005704 0.999933 -0.004323 -0.000027 0.999991 0.005190 -0.002264 0.999984 0.005974 0.000008 0.999982 
0.000693 0.001700 0.999998 -0.002100 -0.003686 0.999991 0.009949 -0.005643 0.999935 -0.004117 -0.000026 0.999992 0.004986 -0.002174 0.999985 0.005697 0.000007 0.999984 
0.000650 0.001594 0.999999 -0.001301 -0.002285 0.999997 0.009692 -0.005496 0.999938 -0.003190 -0.000019 0.999995 0.004816 -0.002100 0.999986 0.004881 0.000004 0.999988 
0.000607 0.001490 0.999999 -0.001194 -0.002097 0.999997 0.009122 -0.005172 0.999945 -0.002974 -0.000018 0.999996 0.004615 -0.002012 0.999987 0.004489 0.000004 0.999990 
0.000576 0.001413 0.999999 -0.000736 -0.001292 0.999999 0.009559 -0.005419 0.999940 -0.002624 -0.000015 0.999997 0.004614 -0.002011 0.999987 0.004177 0.000003 0.999991 
0.000559 0.001372 0.999999 -0.000681 -0.001196 0.999999 0.009059 -0.005136 0.999946 -0.002480 -0.000014 0.999997 0.004599 -0.002005 0.999987 0.003803 0.000002 0.999993 
0.000476 0.001169 0.999999 -0.000638 -0.001121 0.999999 0.008729 -0.004948 0.999950 -0.002266 -0.000012 0.999997 0.004824 -0.002102 0.999986 0.003309 0.000000 0.999995 
0.000444 0.001090 0.999999 -0.000595 -0.001045 0.999999 0.008479 -0.004807 0.999952 -0.002335 -0.000012 0.999997 0.004567 -0.001990 0.999988 0.003043 0.000000 0.999995 
0.000413 0.001013 0.999999 -0.001170 -0.002056 0.999997 0.009226 -0.005229 0.999944 -0.002920 -0.000016 0.999996 0.004287 -0.001868 0.999989 0.004280 0.000002 0.999991 
0.000378 0.000928 0.999999 -0.001073 -0.001886 0.999998 0.008926 -0.005059 0.999947 -0.002900 -0.000016 0.999996 0.004104 -0.001788 0.999990 0.003903 0.000001 0.999992 
0.001032 0.002535 0.999996 -0.000870 -0.001530 0.999998 0.008627 -0.004888 0.999951 -0.003017 -0.000015 0.999995 0.006936 -0.003020 0.999971 0.002853 -0.000001 0.999996 
0.000938 0.002305 0.999997 -0.001388 -0.002439 0.999996 0.008775 -0.004971 0.999949 -0.003190 -0.000015 0.999995 0.007555 -0.003290 0.999966 0.003149 -0.000002 0.999995 
0.000722 0.001774 0.999998 -0.001276 -0.002243 0.999997 0.008366 -0.004740 0.999954 -0.002821 -0.000012 0.999996 0.007413 -0.003227 0.999967 0.002526 -0.000003 0.999997 
0.000924 0.002271 0.999997 -0.001162 -0.002043 0.999997 0.008958 -0.005075 0.999947 -0.003140 -0.000013 0.999995 0.007779 -0.003385 0.999964 0.002670 -0.000003 0.999996 
0.000849 0.002086 0.999997 -0.001067 -0.001876 0.999998 0.008424 -0.004772 0.999953 -0.003008 -0.000013 0.999995 0.007130 -0.003103 0.999970 0.002472 -0.000003 0.999997 
0.001131 0.002781 0.999995 -0.000946 -0.001664 0.999998 0.007949 -0.004503 0.999958 -0.003194 -0.000013 0.999995 0.007372 -0.003207 0.999968 0.002241 -0.000003 0.999997 
0.000778 0.001912 0.999998 -0.000871 -0.001532 0.999998 0.007655 -0.004336 0.999961 -0.002650 -0.000010 0.999996 0.007529 -0.003276 0.999966 0.001387 -0.000002 0.999999 
0.000717 0.001761 0.999998 -0.000802 -0.001410 0.999999 0.007444 -0.004217 0.999963 -0.002684 -0.000010 0.999996 0.006927 -0.003014 0.999971 0.001308 -0.000002 0.999999 
0.000316 0.000776 1.000000 -0.000692 -0.001217 0.999999 0.007291 -0.004129 0.999965 -0.002008 -0.000006 0.999998 0.007375 -0.003210 0.999968 0.000300 -0.000001 1.000000 
0.000098 0.000242 1.000000 -0.000985 -0.001732 0.999998 0.008037 -0.004551 0.999957 -0.001923 -0.000005 0.999998 0.007468 -0.003249 0.999967 0.000921 -0.000003 1.000000 
0.000613 0.001507 0.999999 -0.000842 -0.001480 0.999999 0.007723 -0.004373 0.999961 -0.002255 -0.000006 0.999997 0.008156 -0.003547 0.999960 0.000918 -0.000003 1.000000 
0.000398 0.000979 0.999999 -0.000615 -0.001082 0.999999 0.007527 -0.004261 0.999963 -0.001754 -0.000004 0.999998 0.008008 -0.003483 0.999962 0.000381 -0.000001 1.000000 
0.000806 0.001983 0.999998 -0.000526 -0.000926 0.999999 0.007219 -0.004087 0.999966 -0.002281 -0.000005 0.999997 0.007771 -0.003379 0.999964 0.000650 -0.000002 1.000000 
0.001139 0.002805 0.999995 -0.000442 -0.000778 1.000000 0.007052 -0.003992 0.999967 -0.002553 -0.000005 0.999997 0.008188 -0.003559 0.999960 0.000650 -0.000002 1.000000 
0.000339 0.000835 1.000000 -0.000414 -0.000729 1.000000 0.006807 -0.003853 0.999969 -0.001271 -0.000001 0.999999 0.009481 -0.004120 0.999947 -0.001272 0.000007 0.999999 
0.000717 0.001765 0.999998 -0.000391 -0.000688 1.000000 0.006702 -0.003793 0.999970 -0.001643 -0.000001 0.999999 0.009690 -0.004211 0.999944 -0.000937 0.000005 1.000000 
0.000653 0.001607 0.999998 -0.001802 -0.003176 0.999993 0.009265 -0.005234 0.999943 -0.003274 -0.000003 0.999995 0.008938 -0.003883 0.999953 0.002494 -0.000012 0.999997 
0.000604 0.001486 0.999999 -0.001328 -0.002342 0.999996 0.009360 -0.005286 0.999942 -0.002913 -0.000002 0.999996 0.008207 -0.003565 0.999960 0.002378 -0.000012 0.999997 
0.000561 0.001381 0.999999 -0.001030 -0.001817 0.999998 0.009090 -0.005133 0.999946 -0.002571 -0.000002 0.999997 0.007627 -0.003313 0.999965 0.002239 -0.000012 0.999997 
0.000854 0.002104 0.999997 -0.001820 -0.003213 0.999993 0.010192 -0.005748 0.999932 -0.003752 -0.000003 0.999993 0.007486 -0.003251 0.999967 0.004301 -0.000021 0.999991 
0.000788 0.001939 0.999998 -0.002701 -0.004776 0.999985 0.011524 -0.006490 0.999913 -0.004599 -0.000005 0.999989 0.007057 -0.003066 0.999970 0.006333 -0.000030 0.999980 
0.000737 0.001817 0.999998 -0.002736 -0.004839 0.999985 0.011136 -0.006269 0.999918 -0.004368 -0.000005 0.999990 0.006841 -0.002970 0.999972 0.006392 -0.000030 0.999980 
0.000687 0.001694 0.999998 -0.002164 -0.003829 0.999990 0.011015 -0.006200 0.999920 -0.003613 -0.000004 0.999993 0.006740 -0.002926 0.999973 0.005896 -0.000029 0.999983 
0.000637 0.001570 0.999999 -0.001664 -0.002944 0.999994 0.010456 -0.005885 0.999928 -0.002734 -0.000002 0.999996 0.006804 -0.002954 0.999972 0.005239 -0.000027 0.999986 
0.000601 0.001481 0.999999 -0.001517 -0.002683 0.999995 0.009744 -0.005484 0.999937 -0.002133 -0.000002 0.999998 0.007096 -0.003080 0.999970 0.004759 -0.000025 0.999989 
