-0.193654 -0.112951 0.000000
0.015634 -0.067385 0.000000
0.171430 -0.033465 0.000000
0.977110 0.212736 -0.000000
0.000000 0.000000 1.000000
0.212736 -0.977110 0.000000
-0.222774 0.021942 0.000000
-0.193654 -0.112951 0.000000
-0.229296 0.052154 0.000000
0.211015 -0.977483 0.000000
-0.000000 0.000000 1.000000
-0.977483 -0.211015 -0.000000
0.431641 0.218224 0.000000
0.398864 0.350947 -0.000000
0.434944 0.204851 0.000000
-0.239755 0.970834 -0.000000
-0.000000 0.000000 1.000000
0.970834 0.239755 0.000000
0.015634 -0.067385 0.000000
0.431641 0.218224 0.000000
0.189732 0.052142 0.000000
0.824408 0.565996 -0.000000
0.000000 0.000000 1.000000
0.565996 -0.824408 0.000000
0.398864 0.350947 -0.000000
0.189745 0.304612 -0.000000
0.101488 0.285057 -0.000000
-0.976321 -0.216327 0.000000
0.000000 0.000000 1.000000
-0.216327 0.976321 0.000000
0.189745 0.304612 -0.000000
-0.222774 0.021942 0.000000
0.071942 0.223890 0.000000
-0.824915 -0.565257 0.000000
0.000000 0.000000 1.000000
-0.565257 0.824915 0.000000
