0.305770 0.216736 0.001631
0.488086 0.329157 0.001745
0.348664 0.243185 0.001658
0.851186 0.524863 0.000534
-0.000455 -0.000280 1.000000
0.524863 -0.851187 0.000000
0.222726 0.642308 -0.000587
0.070750 0.491376 -0.000136
0.120531 0.540814 -0.000284
-0.709536 -0.704666 0.002104
0.001493 0.001483 0.999998
-0.704668 0.709538 0.000000
0.070750 0.491376 -0.000136
0.305770 0.216736 0.001631
0.172063 0.372984 0.000626
0.650168 -0.759775 0.004890
-0.003179 0.003715 0.999988
-0.759784 -0.650176 -0.000000
0.488086 0.329157 0.001745
0.419153 0.447215 0.001275
0.380578 0.513280 0.001012
-0.504227 0.863564 -0.003440
-0.001735 0.002971 0.999994
0.863569 0.504230 0.000000
0.321367 0.547656 0.000263
0.222726 0.642308 -0.000587
0.337609 0.532071 0.000403
-0.721531 0.692355 -0.006217
-0.004486 0.004304 0.999981
0.692368 0.721545 0.000000
0.419153 0.447215 0.001275
0.321367 0.547656 0.000263
0.341112 0.527375 0.000467
-0.697553 0.716496 -0.007222
-0.005038 0.005175 0.999974
0.716515 0.697572 0.000000
