-0.193834 -0.113016 0.000000
0.015453 -0.067446 0.000000
0.171407 -0.033488 0.000000
0.977105 0.212756 -0.000000
0.000000 0.000000 1.000000
0.212756 -0.977105 0.000000
-0.222957 0.021876 0.000000
-0.193834 -0.113016 0.000000
-0.229483 0.052103 0.000000
0.211034 -0.977479 0.000000
-0.000000 0.000000 1.000000
-0.977479 -0.211034 -0.000000
0.431824 0.218299 -0.000000
0.399048 0.351022 -0.000000
0.435135 0.204892 -0.000000
-0.239744 0.970836 -0.000000
-0.000000 0.000000 1.000000
0.970836 0.239744 0.000000
0.015453 -0.067446 0.000000
0.431824 0.218299 -0.000000
0.189685 0.052125 0.000000
0.824514 0.565841 -0.000000
0.000000 0.000000 1.000000
0.565841 -0.824514 0.000000
0.399048 0.351022 -0.000000
0.189929 0.304689 -0.000000
0.101451 0.285086 -0.000000
-0.976323 -0.216316 0.000000
0.000000 0.000000 1.000000
-0.216316 0.976323 0.000000
0.189929 0.304689 -0.000000
-0.222957 0.021876 0.000000
0.071942 0.223872 0.000000
-0.825016 -0.565109 0.000000
0.000000 0.000000 1.000000
-0.565109 0.825016 0.000000
