0.003207 -0.000472 0.999995 0.000137 0.000960 1.000000 0.000146 0.000979 1.000000 0.003238 -0.000403 0.999995 
0.000138 -0.000020 1.000000 0.000351 0.002442 0.999997 0.000366 0.002441 0.999997 0.000193 -0.000024 1.000000 
-0.000462 0.000069 1.000000 0.000422 0.002926 0.999996 0.000440 0.002921 0.999996 -0.000398 0.000050 1.000000 
0.000222 -0.000033 1.000000 0.000142 0.000981 1.000000 0.000148 0.000981 1.000000 0.000244 -0.000031 1.000000 
-0.003406 0.000510 0.999994 0.000561 0.003862 0.999992 0.000582 0.003838 0.999992 -0.003330 0.000423 0.999994 
-0.003100 0.000464 0.999995 0.000510 0.003507 0.999994 0.000528 0.003484 0.999994 -0.003030 0.000385 0.999995 
-0.002826 0.000423 0.999996 0.000463 0.003186 0.999995 0.000480 0.003166 0.999995 -0.002763 0.000351 0.999996 
-0.001581 0.000236 0.999999 0.000563 0.003881 0.999992 0.000585 0.003868 0.999992 -0.001499 0.000190 0.999999 
-0.002842 0.000425 0.999996 0.000761 0.005248 0.999986 0.000791 0.005226 0.999986 -0.002733 0.000346 0.999996 
-0.002582 0.000386 0.999997 0.000691 0.004761 0.999988 0.000717 0.004741 0.999989 -0.002483 0.000315 0.999997 
-0.002352 0.000348 0.999997 0.000810 0.005648 0.999984 0.000843 0.005628 0.999984 -0.002233 0.000280 0.999997 
-0.002130 0.000315 0.999998 0.001317 0.009170 0.999957 0.001371 0.009148 0.999957 -0.001932 0.000242 0.999998 
-0.001976 0.000294 0.999998 0.001233 0.008541 0.999963 0.001283 0.008522 0.999963 -0.001791 0.000226 0.999998 
-0.001805 0.000269 0.999998 0.000600 0.004154 0.999991 0.000624 0.004139 0.999991 -0.001717 0.000217 0.999999 
-0.001659 0.000248 0.999999 0.000520 0.003586 0.999993 0.000540 0.003572 0.999993 -0.001584 0.000201 0.999999 
-0.001541 0.000230 0.999999 0.000448 0.003093 0.999995 0.000466 0.003081 0.999995 -0.001477 0.000187 0.999999 
-0.001485 0.000193 0.999999 0.001722 0.013737 0.999904 0.001805 0.013717 0.999904 -0.001182 0.000127 0.999999 
-0.002298 0.000273 0.999997 0.003159 0.027625 0.999613 0.003327 0.027591 0.999614 -0.001686 0.000162 0.999999 
-0.003030 0.000388 0.999995 0.001572 0.012703 0.999918 0.001647 0.012675 0.999918 -0.002754 0.000291 0.999996 
-0.002634 0.000337 0.999996 0.000193 0.001559 0.999999 0.000200 0.001541 0.999999 -0.002606 0.000275 0.999997 
-0.002359 0.000302 0.999997 0.000195 0.001578 0.999999 0.000203 0.001562 0.999999 -0.002330 0.000246 0.999997 
-0.004404 0.000405 0.999990 0.001218 0.013895 0.999903 0.001300 0.013860 0.999903 -0.004101 0.000285 0.999992 
-0.004159 0.000279 0.999991 0.000334 0.005323 0.999986 0.000365 0.005295 0.999986 -0.004045 0.000181 0.999992 
-0.000193 0.000013 1.000000 0.000002 0.000039 1.000000 0.000003 0.000037 1.000000 -0.000192 0.000009 1.000000 
-0.000234 0.000022 1.000000 0.000342 0.003812 0.999993 0.000365 0.003808 0.999993 -0.000149 0.000011 1.000000 
0.000276 -0.000032 1.000000 0.001558 0.014069 0.999900 0.001645 0.014061 0.999900 0.000591 -0.000055 1.000000 
0.000740 -0.000093 1.000000 0.002742 0.022666 0.999739 0.002881 0.022654 0.999739 0.001248 -0.000128 0.999999 
0.000445 -0.000056 1.000000 0.003612 0.029517 0.999558 0.003793 0.029498 0.999558 0.001106 -0.000115 0.999999 
0.013166 0.002501 0.999910 -0.000880 0.000082 1.000000 0.003871 0.032836 0.999453 -0.000144 0.000616 1.000000 -0.000458 0.002770 0.999996 -0.002008 0.007315 0.999971 
-0.000111 -0.000022 1.000000 -0.000913 0.000070 1.000000 0.003570 0.035298 0.999370 -0.000135 0.000578 1.000000 -0.001137 0.006475 0.999978 -0.003484 0.012513 0.999916 
-0.000109 -0.000023 1.000000 0.000916 -0.000063 1.000000 0.003849 0.041454 0.999133 -0.000063 0.000268 1.000000 -0.001503 0.008181 0.999965 -0.004080 0.014613 0.999885 
-0.000064 -0.000013 1.000000 0.002561 -0.000171 0.999997 0.004102 0.045209 0.998969 -0.000030 0.000129 1.000000 -0.001744 0.009445 0.999954 -0.004474 0.016008 0.999862 
-0.000021 -0.000005 1.000000 0.004205 -0.000265 0.999991 0.004116 0.047300 0.998872 -0.000019 0.000082 1.000000 -0.001891 0.009977 0.999948 -0.004763 0.017039 0.999843 
0.000107 0.000024 1.000000 0.007328 -0.000425 0.999973 0.003975 0.048587 0.998811 -0.000017 0.000073 1.000000 -0.001963 0.009962 0.999948 -0.005105 0.018261 0.999820 
0.000639 0.000147 1.000000 0.011299 -0.000596 0.999936 0.003686 0.048244 0.998829 -0.000013 0.000057 1.000000 -0.002077 0.010165 0.999946 -0.005266 0.018840 0.999809 
0.002511 0.000588 0.999997 0.014891 -0.000725 0.999889 0.003339 0.046255 0.998924 -0.000009 0.000040 1.000000 -0.002140 0.010239 0.999945 -0.005083 0.018171 0.999822 
0.005664 0.001344 0.999983 0.018613 -0.000866 0.999826 0.003019 0.043189 0.999062 -0.002100 0.009902 0.999949 -0.004674 0.016709 0.999849 -0.002291 0.009729 0.999950 0.000863 -0.003679 0.999993 
0.010209 0.002436 0.999945 0.022259 -0.001028 0.999752 0.002788 0.040151 0.999190 -0.001940 0.009088 0.999957 -0.004138 0.014798 0.999882 -0.002088 0.008818 0.999959 0.000787 -0.003364 0.999994 
0.016046 0.003828 0.999864 0.026132 -0.001233 0.999658 0.002640 0.037521 0.999292 -0.001601 0.007503 0.999971 -0.003555 0.012713 0.999913 -0.001684 0.007110 0.999973 0.000666 -0.002839 0.999996 
0.023442 0.005554 0.999710 0.030164 -0.001500 0.999544 0.002537 0.034825 0.999390 0.000005 -0.000021 1.000000 -0.001322 0.006244 0.999980 -0.002824 0.010102 0.999945 
0.031512 0.007346 0.999476 0.033468 -0.001820 0.999438 0.002463 0.031789 0.999492 0.000017 -0.000073 1.000000 -0.000884 0.004251 0.999991 -0.001950 0.006989 0.999974 
0.046125 0.009107 0.998894 0.054128 -0.001583 0.998533 0.001536 0.029657 0.999559 0.000070 -0.000284 1.000000 -0.000575 0.003327 0.999994 -0.001651 0.005416 0.999984 
0.056922 0.007780 0.998348 0.073766 0.001755 0.997274 -0.000181 0.052018 0.998646 -0.000223 0.000797 1.000000 -0.000138 0.001233 0.999999 -0.005450 0.014921 0.999874 
0.047965 0.004622 0.998838 0.066133 0.006107 0.997792 -0.004285 0.059497 0.998219 -0.004189 0.012535 0.999913 -0.000046 0.000644 1.000000 -0.012247 0.027642 0.999543 
0.032624 0.001805 0.999466 0.041662 0.006660 0.999110 -0.008285 0.060113 0.998157 -0.016199 0.038831 0.999114 -0.000021 0.000661 1.000000 -0.025081 0.046236 0.998616 
0.004702 0.000331 0.999989 0.022609 0.004697 0.999733 -0.002043 0.011164 0.999936 -0.015848 0.033391 0.999317 0.000009 -0.000202 1.000000 -0.019105 0.031259 0.999329 
-0.000341 -0.000027 1.000000 0.014371 0.003370 0.999891 0.001105 -0.005281 0.999985 -0.000262 0.000531 1.000000 0.000061 -0.001114 0.999999 -0.001234 0.001929 0.999997 
0.001914 0.000165 0.999998 0.002134 0.000504 0.999998 0.000096 -0.000454 1.000000 0.002841 -0.005792 0.999979 0.001089 -0.017640 0.999844 0.000735 -0.001156 0.999999 
0.018721 0.001793 0.999823 0.000563 0.000133 1.000000 0.000012 -0.000056 1.000000 0.007190 -0.014462 0.999870 0.003205 -0.045364 0.998965 0.004885 -0.007668 0.999959 
0.031977 0.003282 0.999483 0.003169 0.000748 0.999995 -0.000341 0.001617 0.999999 0.013260 -0.026490 0.999561 0.005339 -0.070243 0.997516 0.009648 -0.015169 0.999838 
0.041326 0.004411 0.999136 0.007141 0.001679 0.999973 -0.000874 0.004162 0.999991 0.019832 -0.039878 0.999008 0.007260 -0.092572 0.995680 0.014313 -0.022729 0.999639 
0.046147 0.005058 0.998922 0.006436 0.001513 0.999978 -0.000627 0.002989 0.999995 0.025434 -0.051859 0.998330 0.009003 -0.112820 0.993575 0.018855 -0.030350 0.999361 
0.048393 0.005491 0.998813 0.008693 0.002037 0.999960 -0.000129 0.000618 1.000000 0.030877 -0.063946 0.997476 0.010801 -0.131077 0.991313 0.023017 -0.037595 0.999028 
0.049672 0.005853 0.998748 0.011825 0.002772 0.999926 0.000495 -0.002369 0.999997 0.035767 -0.075058 0.996537 0.012606 -0.147160 0.989032 0.026791 -0.044290 0.998659 
0.051232 0.006315 0.998667 0.011816 0.002773 0.999926 0.000333 -0.001591 0.999999 0.040448 -0.085373 0.995528 0.014559 -0.161849 0.986708 0.030230 -0.050314 0.998276 
0.053334 0.006887 0.998553 0.015156 0.003552 0.999879 -0.000899 0.004299 0.999990 0.045632 -0.096429 0.994293 0.016590 -0.175409 0.984356 0.033168 -0.055414 0.997912 
0.054573 0.007419 0.998482 0.015890 0.003747 0.999867 -0.000553 0.002625 0.999996 0.049922 -0.105168 0.993201 0.018924 -0.188772 0.981839 0.036578 -0.061099 0.997461 
0.056113 0.007963 0.998393 0.020984 0.004992 0.999767 0.000042 -0.000198 1.000000 0.054166 -0.113737 0.992033 0.021105 -0.200945 0.979375 0.039846 -0.066492 0.996991 
0.057599 0.008459 0.998304 0.022664 0.005409 0.999729 0.000307 -0.001441 0.999999 0.057801 -0.120952 0.990974 0.023155 -0.212852 0.976810 0.042620 -0.071078 0.996560 
0.059523 0.008899 0.998187 0.020685 0.004940 0.999774 0.000303 -0.001421 0.999999 0.061004 -0.127558 0.989953 0.024696 -0.224239 0.974221 0.045315 -0.075671 0.996103 
0.061286 0.009240 0.998077 0.023397 0.005590 0.999711 -0.000115 0.000538 1.000000 0.064298 -0.134882 0.988773 0.025863 -0.234747 0.971712 0.047487 -0.079603 0.995695 
0.062959 0.009488 0.997971 0.021736 0.005198 0.999750 0.000237 -0.001110 0.999999 0.066615 -0.140314 0.987864 0.026663 -0.244809 0.969205 0.049739 -0.083728 0.995247 
0.064429 0.009667 0.997875 0.019708 0.004713 0.999795 0.000215 -0.001003 0.999999 0.068768 -0.145541 0.986959 0.027247 -0.254406 0.966714 0.051628 -0.087318 0.994842 
0.064359 0.009726 0.997879 0.021967 0.005246 0.999745 -0.000284 0.001330 0.999999 0.071268 -0.151578 0.985873 0.028267 -0.262952 0.964395 0.053000 -0.090098 0.994522 
0.065682 0.009880 0.997792 0.026839 0.006429 0.999619 0.000146 -0.000682 1.000000 0.072837 -0.155191 0.985196 0.028201 -0.265497 0.963699 0.054422 -0.092581 0.994217 
0.066321 0.009840 0.997750 0.025982 0.006227 0.999643 0.000491 -0.002293 0.999997 0.073623 -0.157362 0.984793 0.027778 -0.267478 0.963164 0.055513 -0.094610 0.993965 
0.065910 0.009686 0.997779 0.025168 0.006036 0.999665 0.000837 -0.003904 0.999992 0.074045 -0.158719 0.984543 0.027556 -0.268917 0.962769 0.056115 -0.095799 0.993818 
0.064960 0.009510 0.997843 0.022819 0.005472 0.999725 0.000759 -0.003542 0.999993 0.074381 -0.159448 0.984400 0.027547 -0.269754 0.962535 0.056379 -0.096242 0.993760 
0.063999 0.009366 0.997906 0.022188 0.005321 0.999740 0.000403 -0.001880 0.999998 0.074797 -0.160123 0.984259 0.027655 -0.270346 0.962366 0.056358 -0.096115 0.993773 
0.062394 0.009133 0.998010 0.020100 0.004820 0.999786 0.000365 -0.001704 0.999998 0.074682 -0.159707 0.984335 0.027804 -0.270491 0.962321 0.056123 -0.095656 0.993831 
0.060428 0.008845 0.998133 0.020057 0.004812 0.999787 0.000179 -0.000836 1.000000 0.074398 -0.159024 0.984468 0.027909 -0.269914 0.962480 0.055440 -0.094463 0.993983 
0.058336 0.008523 0.998261 0.017063 0.004096 0.999846 0.001008 -0.004695 0.999988 0.073334 -0.156551 0.984944 0.027886 -0.268540 0.962865 0.054993 -0.093608 0.994089 
0.056211 0.008187 0.998385 0.015893 0.003812 0.999866 0.000696 -0.003247 0.999994 0.072343 -0.154406 0.985355 0.027766 -0.266610 0.963404 0.053716 -0.091423 0.994362 
0.053949 0.007833 0.998513 0.015033 0.003608 0.999880 0.001011 -0.004710 0.999988 0.071051 -0.151659 0.985876 0.027639 -0.264477 0.963996 0.052559 -0.089449 0.994604 
0.051621 0.007453 0.998639 0.016347 0.003913 0.999859 0.000344 -0.001609 0.999999 0.070043 -0.149836 0.986227 0.027389 -0.262044 0.964667 0.050866 -0.086727 0.994933 
0.049312 0.007082 0.998758 0.014800 0.003543 0.999884 0.000204 -0.000952 1.000000 0.068386 -0.146387 0.986861 0.027095 -0.259045 0.965485 0.049174 -0.083868 0.995263 
0.046997 0.006714 0.998872 0.013245 0.003172 0.999907 0.000360 -0.001683 0.999999 0.066523 -0.142451 0.987564 0.026763 -0.255615 0.966408 0.047515 -0.081042 0.995577 
0.044684 0.006349 0.998981 0.011965 0.002865 0.999924 0.000323 -0.001510 0.999999 0.064668 -0.138557 0.988241 0.026404 -0.251995 0.967368 0.045727 -0.078012 0.995903 
0.042392 0.005987 0.999083 0.007961 0.001904 0.999966 -0.000280 0.001307 0.999999 0.062885 -0.134725 0.988886 0.025985 -0.248045 0.968400 0.043893 -0.074876 0.996226 
0.040065 0.005619 0.999181 0.007902 0.001891 0.999967 0.000197 -0.000921 1.000000 0.060779 -0.130330 0.989606 0.025492 -0.243602 0.969540 0.042178 -0.071959 0.996515 
0.037733 0.005252 0.999274 0.007324 0.001752 0.999972 -0.000065 0.000306 1.000000 0.058775 -0.126133 0.990271 0.024932 -0.238713 0.970770 0.040121 -0.068465 0.996846 
0.035396 0.004884 0.999361 0.005172 0.001237 0.999986 0.000089 -0.000418 1.000000 0.056471 -0.121220 0.991018 0.024290 -0.233338 0.972092 0.038245 -0.065238 0.997137 
0.033022 0.004514 0.999444 0.005186 0.001241 0.999986 0.000418 -0.001955 0.999998 0.054037 -0.116049 0.991772 0.023559 -0.227234 0.973555 0.036203 -0.061720 0.997437 
0.030738 0.004160 0.999519 0.003800 0.000908 0.999992 -0.000136 0.000635 1.000000 0.051911 -0.111463 0.992412 0.022763 -0.220754 0.975064 0.034001 -0.057917 0.997742 
0.028462 0.003811 0.999588 0.003410 0.000815 0.999994 -0.000125 0.000585 1.000000 0.049632 -0.106577 0.993065 0.021926 -0.213962 0.976596 0.031995 -0.054447 0.998004 
0.026254 0.003474 0.999649 0.003060 0.000731 0.999995 -0.000294 0.001377 0.999999 0.047408 -0.101770 0.993678 0.020993 -0.206493 0.978223 0.029966 -0.050929 0.998253 
0.024036 0.003139 0.999706 0.001221 0.000291 0.999999 -0.000564 0.002644 0.999996 0.045037 -0.096575 0.994306 0.019974 -0.198355 0.979927 0.027905 -0.047326 0.998490 
0.021769 0.002803 0.999759 -0.001461 -0.000348 0.999999 -0.001019 0.004783 0.999988 0.042652 -0.091322 0.994908 0.018902 -0.189765 0.981648 0.025809 -0.043667 0.998713 
0.019442 0.002465 0.999808 -0.003601 -0.000857 0.999993 -0.001352 0.006352 0.999979 0.040122 -0.085787 0.995505 0.017748 -0.180488 0.983417 0.023664 -0.039936 0.998922 
0.017120 0.002136 0.999851 -0.004295 -0.001022 0.999990 -0.001165 0.005478 0.999984 0.037315 -0.079632 0.996126 0.016519 -0.170340 0.985247 0.021569 -0.036282 0.999109 
0.014725 0.001804 0.999890 -0.003615 -0.000860 0.999993 -0.001129 0.005315 0.999985 0.034462 -0.073413 0.996706 0.015212 -0.159384 0.987099 0.019245 -0.032263 0.999294 
0.012297 0.001477 0.999923 -0.003312 -0.000787 0.999994 -0.001111 0.005230 0.999986 0.031346 -0.066641 0.997284 0.013809 -0.147518 0.988963 0.016779 -0.028021 0.999467 
0.009899 0.001163 0.999950 -0.004039 -0.000960 0.999991 -0.000829 0.003905 0.999992 0.027871 -0.059081 0.997864 0.012345 -0.134817 0.990794 0.014375 -0.023891 0.999611 
0.007608 0.000872 0.999971 -0.006959 -0.001654 0.999974 -0.000598 0.002818 0.999996 0.024283 -0.051225 0.998392 0.010807 -0.121137 0.992577 0.012192 -0.020133 0.999723 
0.005063 0.000566 0.999987 -0.009128 -0.002169 0.999956 -0.000109 0.000515 1.000000 0.020399 -0.042821 0.998875 0.009267 -0.106685 0.994250 0.009945 -0.016314 0.999817 
0.002344 0.000255 0.999997 -0.007593 -0.001803 0.999970 -0.000379 0.001785 0.999998 0.016497 -0.034471 0.999270 0.007674 -0.090987 0.995822 0.006793 -0.011070 0.999916 
-0.000490 -0.000052 1.000000 -0.009589 -0.002274 0.999951 -0.000551 0.002601 0.999996 0.012178 -0.025289 0.999606 0.006053 -0.074294 0.997218 0.003855 -0.006232 0.999973 
-0.000386 -0.000039 1.000000 -0.008707 -0.002065 0.999960 -0.000498 0.002348 0.999997 0.007676 -0.015834 0.999845 0.004472 -0.057324 0.998346 0.001252 -0.002006 0.999997 
-0.000321 -0.000031 1.000000 -0.007964 -0.001888 0.999967 -0.000457 0.002159 0.999998 0.007166 -0.014804 0.999865 0.003849 -0.053496 0.998561 0.001154 -0.001850 0.999998 
-0.000309 -0.000028 1.000000 -0.007422 -0.001759 0.999971 -0.000678 0.003201 0.999995 0.006726 -0.013912 0.999881 0.003403 -0.050476 0.998719 0.000819 -0.001313 0.999999 
-0.000285 -0.000025 1.000000 -0.007569 -0.001773 0.999970 -0.001323 0.006330 0.999979 0.006125 -0.012684 0.999901 0.003014 -0.046845 0.998898 0.000105 -0.000169 1.000000 
-0.000265 -0.000023 1.000000 -0.008094 -0.001884 0.999965 -0.002401 0.011576 0.999930 0.005508 -0.011414 0.999920 0.002743 -0.043375 0.999055 -0.000989 0.001590 0.999998 
-0.000248 -0.000021 1.000000 -0.009063 -0.002089 0.999957 -0.003138 0.015293 0.999878 0.004907 -0.010167 0.999936 0.002504 -0.040177 0.999189 -0.001768 0.002844 0.999994 
-0.000233 -0.000020 1.000000 -0.008816 -0.002016 0.999959 -0.003462 0.017024 0.999849 0.004571 -0.009475 0.999945 0.002362 -0.038133 0.999270 -0.002197 0.003539 0.999991 
-0.000199 -0.000017 1.000000 -0.008124 -0.001843 0.999965 -0.003309 0.016418 0.999860 0.004414 -0.009150 0.999948 0.002258 -0.036652 0.999326 -0.002144 0.003456 0.999992 
-0.000125 -0.000011 1.000000 -0.007375 -0.001672 0.999971 -0.002828 0.014043 0.999897 0.004458 -0.009238 0.999947 0.002300 -0.037008 0.999312 -0.001783 0.002873 0.999994 
0.000290 0.000026 1.000000 -0.004255 -0.000964 0.999990 -0.002351 0.011672 0.999929 0.005101 -0.010565 0.999931 0.002468 -0.038344 0.999262 -0.001183 0.001907 0.999997 
0.001422 0.000129 0.999999 -0.003820 -0.000867 0.999992 -0.001112 0.005511 0.999984 0.005295 -0.010940 0.999926 0.002657 -0.039949 0.999198 0.000101 -0.000163 1.000000 
0.003348 0.000309 0.999994 -0.005712 -0.001298 0.999983 -0.000268 0.001324 0.999999 0.004909 -0.010087 0.999937 0.002656 -0.039021 0.999235 0.001168 -0.001870 0.999998 
0.005606 0.000524 0.999984 -0.005167 -0.001174 0.999986 -0.000240 0.001189 0.999999 0.004536 -0.009243 0.999947 0.002451 -0.035507 0.999366 0.001560 -0.002480 0.999996 
0.007397 0.000704 0.999972 -0.004498 -0.001023 0.999989 -0.000238 0.001176 0.999999 0.004158 -0.008409 0.999956 0.002250 -0.031838 0.999490 0.001859 -0.002937 0.999994 
0.008288 0.000791 0.999965 -0.004319 -0.000982 0.999990 -0.000030 0.000150 1.000000 0.004059 -0.008193 0.999958 0.002155 -0.030378 0.999536 0.002270 -0.003578 0.999991 
0.007960 0.000756 0.999968 -0.000822 -0.000187 1.000000 -0.000761 0.003768 0.999993 0.005325 -0.010792 0.999928 0.002116 -0.030009 0.999547 0.002333 -0.003686 0.999990 
0.007926 0.000750 0.999968 -0.000702 -0.000159 1.000000 -0.000675 0.003340 0.999994 0.005550 -0.011268 0.999921 0.002056 -0.029319 0.999568 0.002690 -0.004253 0.999987 
0.008192 0.000767 0.999966 -0.000602 -0.000137 1.000000 -0.000599 0.002962 0.999995 0.005232 -0.010628 0.999930 0.001918 -0.027731 0.999614 0.002685 -0.004245 0.999987 
0.008312 0.000770 0.999965 -0.000522 -0.000119 1.000000 -0.000534 0.002644 0.999996 0.004353 -0.008839 0.999951 0.001719 -0.025223 0.999680 0.002218 -0.003503 0.999991 
0.007678 0.000702 0.999970 0.000374 0.000085 1.000000 -0.000007 0.000037 1.000000 0.003362 -0.006828 0.999971 0.001530 -0.022803 0.999739 0.001837 -0.002900 0.999994 
0.006903 0.000629 0.999976 0.000290 0.000066 1.000000 -0.000010 0.000047 1.000000 0.003182 -0.006464 0.999974 0.001449 -0.021727 0.999763 0.001657 -0.002616 0.999995 
0.006338 0.000570 0.999980 0.000206 0.000047 1.000000 -0.000012 0.000060 1.000000 0.003049 -0.006199 0.999976 0.001378 -0.021000 0.999779 0.001520 -0.002401 0.999996 
0.006021 0.000535 0.999982 0.001327 0.000302 0.999999 -0.000353 0.001748 0.999998 0.003244 -0.006604 0.999973 0.001322 -0.020508 0.999789 0.001240 -0.001960 0.999997 
0.005803 0.000510 0.999983 -0.000010 -0.000002 1.000000 -0.000551 0.002725 0.999996 0.003191 -0.006499 0.999974 0.001280 -0.020140 0.999796 0.001170 -0.001850 0.999998 
0.005786 0.000505 0.999983 -0.000336 -0.000076 1.000000 -0.000549 0.002718 0.999996 0.003127 -0.006370 0.999975 0.001257 -0.019982 0.999800 0.001167 -0.001845 0.999998 
0.005894 0.000513 0.999982 -0.000291 -0.000066 1.000000 -0.000499 0.002471 0.999997 0.003074 -0.006263 0.999976 0.001251 -0.019935 0.999800 0.001185 -0.001874 0.999998 
0.005958 0.000519 0.999982 -0.000280 -0.000064 1.000000 -0.000452 0.002237 0.999997 0.003026 -0.006165 0.999976 0.001249 -0.019914 0.999801 0.001198 -0.001895 0.999997 
0.006015 0.000523 0.999982 -0.000275 -0.000062 1.000000 -0.000409 0.002026 0.999998 0.002983 -0.006077 0.999977 0.001248 -0.019901 0.999801 0.001209 -0.001913 0.999997 
0.006061 0.000527 0.999981 -0.000351 -0.000080 1.000000 -0.000357 0.001768 0.999998 0.002937 -0.005985 0.999978 0.001247 -0.019904 0.999801 0.001234 -0.001952 0.999997 
0.006117 0.000532 0.999981 -0.000338 -0.000077 1.000000 -0.000324 0.001603 0.999999 0.002903 -0.005916 0.999978 0.001247 -0.019897 0.999801 0.001244 -0.001967 0.999997 
0.006168 0.000536 0.999981 -0.000323 -0.000073 1.000000 -0.000294 0.001454 0.999999 0.002872 -0.005853 0.999979 0.001246 -0.019888 0.999801 0.001252 -0.001981 0.999997 
0.006213 0.000540 0.999981 -0.000312 -0.000071 1.000000 -0.000267 0.001320 0.999999 0.002845 -0.005798 0.999979 0.001245 -0.019886 0.999801 0.001260 -0.001993 0.999997 
0.006262 0.000544 0.999980 -0.001118 -0.000254 0.999999 -0.000074 0.000367 1.000000 0.002717 -0.005536 0.999981 0.001246 -0.019900 0.999801 0.001430 -0.002261 0.999996 
0.006360 0.000553 0.999980 -0.001034 -0.000235 0.999999 -0.000068 0.000336 1.000000 0.002704 -0.005509 0.999981 0.001246 -0.019892 0.999801 0.001433 -0.002266 0.999996 
0.006457 0.000561 0.999979 -0.000952 -0.000216 1.000000 -0.000062 0.000308 1.000000 0.002693 -0.005486 0.999981 0.001245 -0.019882 0.999802 0.001436 -0.002272 0.999996 
0.006514 0.000567 0.999979 -0.003390 -0.000771 0.999994 -0.000137 0.000678 1.000000 0.002686 -0.005467 0.999981 0.001243 -0.019829 0.999803 0.001678 -0.002652 0.999995 
0.006582 0.000573 0.999978 -0.003090 -0.000703 0.999995 -0.000125 0.000617 1.000000 0.002672 -0.005438 0.999982 0.001242 -0.019795 0.999803 0.001656 -0.002618 0.999995 
0.006784 0.000591 0.999977 -0.002820 -0.000641 0.999996 -0.000113 0.000558 1.000000 0.002661 -0.005418 0.999982 0.001241 -0.019784 0.999804 0.001664 -0.002630 0.999995 
0.006996 0.000609 0.999975 -0.003213 -0.000730 0.999995 0.000080 -0.000394 1.000000 0.002572 -0.005235 0.999983 0.001240 -0.019784 0.999804 0.001852 -0.002927 0.999994 
0.007223 0.000629 0.999974 -0.002026 -0.000460 0.999998 -0.000181 0.000897 1.000000 0.002782 -0.005664 0.999980 0.001236 -0.019709 0.999805 0.001707 -0.002699 0.999995 
0.007393 0.000644 0.999972 -0.001843 -0.000419 0.999998 -0.000177 0.000875 1.000000 0.002755 -0.005610 0.999980 0.001229 -0.019588 0.999807 0.001710 -0.002704 0.999995 
0.007573 0.000660 0.999971 -0.001682 -0.000382 0.999999 -0.000161 0.000796 1.000000 0.002731 -0.005561 0.999981 0.001226 -0.019542 0.999808 0.001723 -0.002723 0.999995 
0.007751 0.000675 0.999970 -0.001533 -0.000349 0.999999 -0.000146 0.000724 1.000000 0.002712 -0.005523 0.999981 0.001225 -0.019522 0.999809 0.001736 -0.002745 0.999995 
0.007908 0.000689 0.999968 -0.001402 -0.000319 0.999999 -0.000133 0.000660 1.000000 0.002696 -0.005490 0.999981 0.001224 -0.019513 0.999809 0.001748 -0.002764 0.999995 
0.008047 0.000701 0.999967 -0.001286 -0.000292 0.999999 -0.000122 0.000601 1.000000 0.002681 -0.005459 0.999982 0.001223 -0.019498 0.999809 0.001759 -0.002781 0.999995 
0.008106 0.000706 0.999967 -0.000905 -0.000206 1.000000 -0.000189 0.000936 1.000000 0.002736 -0.005572 0.999981 0.001221 -0.019466 0.999810 0.001715 -0.002711 0.999995 
0.008202 0.000714 0.999966 -0.000831 -0.000189 1.000000 -0.000172 0.000852 1.000000 0.002713 -0.005526 0.999981 0.001218 -0.019428 0.999811 0.001723 -0.002725 0.999995 
0.008253 0.000719 0.999966 -0.000993 -0.000226 0.999999 -0.000310 0.001537 0.999999 0.002770 -0.005642 0.999980 0.001215 -0.019371 0.999812 0.001682 -0.002659 0.999995 
0.008371 0.000729 0.999965 -0.000903 -0.000205 1.000000 -0.000280 0.001386 0.999999 0.002744 -0.005588 0.999981 0.001212 -0.019334 0.999812 0.001701 -0.002690 0.999995 
0.008479 0.000738 0.999964 -0.000817 -0.000186 1.000000 -0.000251 0.001244 0.999999 0.002720 -0.005539 0.999981 0.001209 -0.019301 0.999813 0.001720 -0.002720 0.999995 
0.008578 0.000746 0.999963 -0.000741 -0.000168 1.000000 -0.000226 0.001118 0.999999 0.002698 -0.005496 0.999981 0.001207 -0.019271 0.999814 0.001737 -0.002747 0.999995 
0.008591 0.000748 0.999963 0.000507 0.000115 1.000000 -0.000369 0.001827 0.999998 0.002869 -0.005846 0.999979 0.001206 -0.019244 0.999814 0.001613 -0.002552 0.999995 
0.008547 0.000744 0.999963 0.000407 0.000092 1.000000 -0.000326 0.001613 0.999999 0.002836 -0.005778 0.999979 0.001207 -0.019262 0.999814 0.001625 -0.002570 0.999995 
0.008479 0.000738 0.999964 0.000307 0.000070 1.000000 -0.000288 0.001427 0.999999 0.002807 -0.005719 0.999980 0.001208 -0.019296 0.999813 0.001629 -0.002577 0.999995 
0.008310 0.000723 0.999965 -0.000029 -0.000007 1.000000 -0.000162 0.000799 1.000000 0.002783 -0.005672 0.999980 0.001209 -0.019301 0.999813 0.001737 -0.002747 0.999995 
0.008283 0.000721 0.999965 -0.000060 -0.000014 1.000000 -0.000147 0.000729 1.000000 0.002759 -0.005621 0.999980 0.001209 -0.019309 0.999813 0.001725 -0.002728 0.999995 
0.008285 0.000721 0.999965 -0.000074 -0.000017 1.000000 -0.000134 0.000665 1.000000 0.002735 -0.005573 0.999981 0.001208 -0.019298 0.999813 0.001718 -0.002717 0.999995 
0.008287 0.000721 0.999965 -0.000084 -0.000019 1.000000 -0.000122 0.000604 1.000000 0.002712 -0.005526 0.999981 0.001207 -0.019279 0.999813 0.001712 -0.002708 0.999995 
0.008287 0.000721 0.999965 -0.000090 -0.000020 1.000000 -0.000112 0.000552 1.000000 0.002691 -0.005484 0.999981 0.001206 -0.019258 0.999814 0.001705 -0.002697 0.999995 
0.008287 0.000721 0.999965 -0.000096 -0.000022 1.000000 -0.000102 0.000503 1.000000 0.002672 -0.005445 0.999982 0.001204 -0.019240 0.999814 0.001700 -0.002689 0.999995 
0.008286 0.000720 0.999965 -0.000103 -0.000024 1.000000 -0.000093 0.000460 1.000000 0.002655 -0.005411 0.999982 0.001203 -0.019224 0.999814 0.001694 -0.002680 0.999995 
0.008282 0.000720 0.999965 -0.000112 -0.000025 1.000000 -0.000085 0.000421 1.000000 0.002640 -0.005379 0.999982 0.001202 -0.019210 0.999815 0.001689 -0.002672 0.999995 
0.008242 0.000717 0.999966 0.000061 0.000014 1.000000 -0.000131 0.000649 1.000000 0.002672 -0.005445 0.999982 0.001201 -0.019197 0.999815 0.001648 -0.002607 0.999995 
0.008196 0.000712 0.999966 -0.001996 -0.000454 0.999998 0.000324 -0.001600 0.999999 0.002395 -0.004878 0.999985 0.001201 -0.019205 0.999815 0.002066 -0.003265 0.999993 
0.008144 0.000708 0.999967 -0.001877 -0.000427 0.999998 0.000158 -0.000782 1.000000 0.002527 -0.005147 0.999984 0.001199 -0.019153 0.999816 0.002015 -0.003185 0.999993 
0.008139 0.000708 0.999967 -0.001984 -0.000451 0.999998 0.000012 -0.000059 1.000000 0.002578 -0.005251 0.999983 0.001195 -0.019087 0.999817 0.001943 -0.003072 0.999993 
0.008243 0.000717 0.999966 -0.002495 -0.000568 0.999997 0.000136 -0.000672 1.000000 0.002481 -0.005051 0.999984 0.001191 -0.019026 0.999818 0.002060 -0.003256 0.999993 
0.008357 0.000726 0.999965 -0.002304 -0.000524 0.999997 0.000125 -0.000619 1.000000 0.002471 -0.005032 0.999984 0.001186 -0.018958 0.999820 0.002047 -0.003235 0.999993 
0.008498 0.000739 0.999964 -0.002493 -0.000567 0.999997 0.000071 -0.000352 1.000000 0.002457 -0.005002 0.999984 0.001179 -0.018851 0.999822 0.002045 -0.003232 0.999993 
0.008670 0.000754 0.999962 -0.002271 -0.000517 0.999997 -0.000005 0.000024 1.000000 0.002492 -0.005074 0.999984 0.001175 -0.018779 0.999823 0.002020 -0.003193 0.999993 
0.008873 0.000771 0.999960 -0.002073 -0.000472 0.999998 -0.000006 0.000030 1.000000 0.002482 -0.005054 0.999984 0.001171 -0.018721 0.999824 0.002030 -0.003209 0.999993 
0.009062 0.000788 0.999959 -0.001888 -0.000429 0.999998 -0.000007 0.000036 1.000000 0.002474 -0.005036 0.999984 0.001168 -0.018668 0.999825 0.002040 -0.003225 0.999993 
0.009230 0.000802 0.999957 -0.001725 -0.000392 0.999998 -0.000008 0.000042 1.000000 0.002466 -0.005020 0.999984 0.001165 -0.018620 0.999826 0.002049 -0.003238 0.999993 
0.009331 0.000811 0.999956 -0.001015 -0.000231 0.999999 0.000245 -0.001207 0.999999 0.002476 -0.005044 0.999984 0.001161 -0.018571 0.999827 0.002238 -0.003538 0.999991 
0.009303 0.000809 0.999956 -0.000928 -0.000212 1.000000 0.000225 -0.001109 0.999999 0.002461 -0.005011 0.999984 0.001157 -0.018507 0.999828 0.002196 -0.003471 0.999992 
0.008913 0.000776 0.999960 0.001265 0.000288 0.999999 -0.000442 0.002185 0.999998 0.002981 -0.006077 0.999977 0.001148 -0.018317 0.999832 0.001731 -0.002739 0.999995 
0.008747 0.000761 0.999961 0.001126 0.000256 0.999999 -0.000402 0.001987 0.999998 0.002926 -0.005965 0.999978 0.001148 -0.018323 0.999831 0.001702 -0.002692 0.999995 
0.008465 0.000735 0.999964 0.000405 0.000092 1.000000 -0.000177 0.000876 1.000000 0.002929 -0.005971 0.999978 0.001155 -0.018467 0.999829 0.001937 -0.003065 0.999993 
0.008353 0.000726 0.999965 0.000657 0.000149 1.000000 -0.000256 0.001267 0.999999 0.002967 -0.006049 0.999977 0.001159 -0.018517 0.999828 0.001839 -0.002910 0.999994 
0.008283 0.000720 0.999965 0.000562 0.000128 1.000000 -0.000234 0.001155 0.999999 0.002922 -0.005957 0.999978 0.001163 -0.018578 0.999827 0.001810 -0.002863 0.999994 
0.008215 0.000714 0.999966 0.000473 0.000108 1.000000 -0.000214 0.001057 0.999999 0.002882 -0.005875 0.999979 0.001166 -0.018632 0.999826 0.001782 -0.002819 0.999994 
0.008113 0.000705 0.999967 -0.000380 -0.000086 1.000000 -0.000348 0.001720 0.999998 0.002877 -0.005865 0.999979 0.001168 -0.018657 0.999825 0.001733 -0.002741 0.999995 
0.008099 0.000704 0.999967 -0.000374 -0.000085 1.000000 -0.000316 0.001562 0.999999 0.002836 -0.005781 0.999979 0.001168 -0.018667 0.999825 0.001719 -0.002720 0.999995 
0.008101 0.000704 0.999967 0.000129 0.000029 1.000000 -0.000429 0.002122 0.999998 0.002919 -0.005952 0.999978 0.001167 -0.018654 0.999825 0.001630 -0.002580 0.999995 
0.008039 0.000698 0.999967 -0.000194 -0.000044 1.000000 -0.000200 0.000991 0.999999 0.002818 -0.005746 0.999980 0.001168 -0.018689 0.999825 0.001776 -0.002811 0.999994 
0.008065 0.000700 0.999967 -0.000191 -0.000043 1.000000 -0.000182 0.000900 1.000000 0.002787 -0.005682 0.999980 0.001170 -0.018722 0.999824 0.001765 -0.002792 0.999995 
0.008098 0.000703 0.999967 -0.000186 -0.000042 1.000000 -0.000165 0.000818 1.000000 0.002758 -0.005623 0.999980 0.001171 -0.018750 0.999824 0.001756 -0.002778 0.999995 
0.008004 0.000695 0.999968 0.001312 0.000299 0.999999 -0.000241 0.001190 0.999999 0.002952 -0.006024 0.999977 0.001172 -0.018755 0.999823 0.001665 -0.002636 0.999995 
0.007880 0.000684 0.999969 0.001013 0.000231 0.999999 0.000105 -0.000518 1.000000 0.002794 -0.005700 0.999980 0.001172 -0.018766 0.999823 0.001857 -0.002938 0.999994 
0.007736 0.000671 0.999970 0.000892 0.000203 1.000000 0.000092 -0.000453 1.000000 0.002756 -0.005622 0.999980 0.001169 -0.018723 0.999824 0.001801 -0.002850 0.999994 
0.007433 0.000645 0.999972 0.000106 0.000024 1.000000 -0.000393 0.001941 0.999998 0.002945 -0.006007 0.999978 0.001163 -0.018623 0.999826 0.001569 -0.002483 0.999996 
0.007373 0.000640 0.999973 0.000052 0.000012 1.000000 -0.000358 0.001769 0.999998 0.002892 -0.005899 0.999978 0.001161 -0.018599 0.999826 0.001550 -0.002454 0.999996 
0.007363 0.000639 0.999973 0.000017 0.000004 1.000000 -0.000326 0.001612 0.999999 0.002848 -0.005809 0.999979 0.001160 -0.018601 0.999826 0.001541 -0.002439 0.999996 
0.007354 0.000638 0.999973 -0.000016 -0.000004 1.000000 -0.000297 0.001469 0.999999 0.002810 -0.005732 0.999980 0.001161 -0.018621 0.999826 0.001533 -0.002426 0.999996 
0.007349 0.000637 0.999973 -0.000046 -0.000010 1.000000 -0.000271 0.001341 0.999999 0.002777 -0.005665 0.999980 0.001163 -0.018643 0.999826 0.001526 -0.002415 0.999996 
0.007350 0.000637 0.999973 -0.000070 -0.000016 1.000000 -0.000248 0.001224 0.999999 0.002746 -0.005602 0.999981 0.001163 -0.018658 0.999825 0.001520 -0.002407 0.999996 
0.007363 0.000638 0.999973 -0.000085 -0.000019 1.000000 -0.000226 0.001114 0.999999 0.002716 -0.005541 0.999981 0.001163 -0.018657 0.999825 0.001518 -0.002403 0.999996 
0.007376 0.000639 0.999973 -0.000095 -0.000022 1.000000 -0.000205 0.001015 0.999999 0.002688 -0.005484 0.999981 0.001162 -0.018644 0.999826 0.001515 -0.002399 0.999996 
0.007382 0.000640 0.999973 -0.000103 -0.000024 1.000000 -0.000187 0.000924 1.000000 0.002661 -0.005429 0.999982 0.001161 -0.018624 0.999826 0.001512 -0.002394 0.999996 
0.007395 0.000641 0.999972 -0.000102 -0.000023 1.000000 -0.000170 0.000841 1.000000 0.002637 -0.005380 0.999982 0.001159 -0.018603 0.999826 0.001510 -0.002391 0.999996 
0.007401 0.000641 0.999972 -0.000107 -0.000024 1.000000 -0.000155 0.000764 1.000000 0.002615 -0.005335 0.999982 0.001158 -0.018585 0.999827 0.001508 -0.002387 0.999996 
0.007406 0.000641 0.999972 -0.000113 -0.000026 1.000000 -0.000141 0.000699 1.000000 0.002595 -0.005295 0.999983 0.001157 -0.018571 0.999827 0.001505 -0.002383 0.999996 
0.007408 0.000642 0.999972 -0.000121 -0.000027 1.000000 -0.000129 0.000637 1.000000 0.002577 -0.005259 0.999983 0.001156 -0.018559 0.999827 0.001503 -0.002379 0.999996 
