0.001302 0.002794 0.999995 -0.001648 0.000760 0.999998 -0.001660 0.000778 0.999998 0.001256 0.002859 0.999995 
0.001654 0.003548 0.999992 -0.003291 0.001516 0.999993 -0.003303 0.001547 0.999993 0.001607 0.003658 0.999992 
0.001500 0.003217 0.999994 -0.002977 0.001372 0.999995 -0.002988 0.001399 0.999995 0.001457 0.003316 0.999993 
0.001736 0.003724 0.999992 -0.000946 0.000436 0.999999 -0.000966 0.000452 0.999999 0.001661 0.003782 0.999991 
0.001401 0.003006 0.999995 0.000303 -0.000140 1.000000 0.000284 -0.000133 1.000000 0.001331 0.003029 0.999995 
0.001261 0.002704 0.999996 0.000257 -0.000118 1.000000 0.000240 -0.000112 1.000000 0.001197 0.002726 0.999996 
0.001055 0.002265 0.999997 -0.004403 0.002027 0.999988 -0.004404 0.002061 0.999988 0.001048 0.002387 0.999997 
0.000943 0.002025 0.999998 -0.003997 0.001841 0.999990 -0.003998 0.001871 0.999990 0.000937 0.002135 0.999997 
0.000042 0.000089 1.000000 -0.002818 0.001298 0.999995 -0.002810 0.001316 0.999995 0.000067 0.000154 1.000000 
-0.000132 -0.000283 1.000000 -0.001240 0.000571 0.999999 -0.001235 0.000578 0.999999 -0.000113 -0.000258 1.000000 
-0.001627 -0.003494 0.999993 -0.003190 0.001469 0.999994 -0.003160 0.001478 0.999994 -0.001517 -0.003457 0.999993 
-0.001919 -0.004128 0.999990 -0.007384 0.003395 0.999967 -0.007338 0.003428 0.999967 -0.001754 -0.004003 0.999990 
-0.003922 -0.008446 0.999957 -0.010406 0.004778 0.999934 -0.010325 0.004817 0.999935 -0.003630 -0.008297 0.999959 
-0.003560 -0.007668 0.999964 -0.008712 0.004000 0.999954 -0.008640 0.004031 0.999955 -0.003302 -0.007548 0.999966 
-0.003246 -0.006990 0.999970 -0.009482 0.004354 0.999946 -0.009413 0.004392 0.999946 -0.002995 -0.006846 0.999972 
-0.003595 -0.007642 0.999964 -0.017694 0.008234 0.999810 -0.017597 0.008320 0.999811 -0.003247 -0.007321 0.999968 
-0.003338 -0.007022 0.999970 -0.020753 0.009758 0.999737 -0.020650 0.009864 0.999738 -0.002971 -0.006627 0.999974 
-0.003192 -0.006692 0.999973 -0.014462 0.006823 0.999872 -0.014379 0.006891 0.999873 -0.002895 -0.006435 0.999975 
-0.002897 -0.006067 0.999977 -0.009094 0.004294 0.999949 -0.009031 0.004332 0.999950 -0.002668 -0.005925 0.999979 
-0.002605 -0.005455 0.999982 -0.005146 0.002430 0.999984 -0.005098 0.002445 0.999984 -0.002430 -0.005396 0.999982 
-0.002405 -0.005037 0.999984 -0.018280 0.008635 0.999796 -0.018197 0.008732 0.999796 -0.002107 -0.004677 0.999987 
-0.002352 -0.004892 0.999985 -0.028113 0.013374 0.999515 -0.028001 0.013531 0.999516 -0.001956 -0.004310 0.999989 
-0.002196 -0.004566 0.999987 -0.028575 0.013596 0.999499 -0.028464 0.013757 0.999500 -0.001802 -0.003970 0.999990 
-0.002013 -0.004184 0.999989 -0.023681 0.011266 0.999656 -0.023586 0.011399 0.999657 -0.001677 -0.003695 0.999992 
-0.001911 -0.003990 0.999990 -0.019326 0.009155 0.999771 -0.019246 0.009261 0.999772 -0.001625 -0.003597 0.999992 
-0.002019 -0.004246 0.999989 -0.027193 0.012788 0.999548 -0.027089 0.012942 0.999549 -0.001649 -0.003678 0.999992 
-0.007373 -0.015387 0.999854 -0.047594 0.022605 0.998611 -0.047361 0.022851 0.998616 -0.006544 -0.014474 0.999874 
-0.008830 -0.019489 0.999771 -0.052577 0.023624 0.998337 -0.052313 0.023892 0.998345 -0.007888 -0.018495 0.999798 
-0.005567 -0.013158 0.999898 -0.049648 0.020796 0.998550 -0.049440 0.021066 0.998555 -0.004829 -0.012161 0.999914 
-0.004101 -0.009601 0.999945 -0.039054 0.016502 0.999101 -0.038893 0.016716 0.999104 -0.003534 -0.008811 0.999955 
-0.003322 -0.007681 0.999965 -0.036279 0.015518 0.999221 -0.036137 0.015719 0.999223 -0.002819 -0.006937 0.999972 
-0.003528 -0.008064 0.999961 -0.043445 0.018805 0.998879 -0.043280 0.019049 0.998881 -0.002946 -0.007163 0.999970 
-0.003398 -0.007820 0.999964 -0.050245 0.021603 0.998503 -0.050065 0.021890 0.998506 -0.002762 -0.006763 0.999973 
-0.002787 -0.006526 0.999975 -0.055136 0.023287 0.998207 -0.054953 0.023607 0.998210 -0.002144 -0.005347 0.999983 
-0.002112 -0.005014 0.999985 -0.057873 0.024106 0.998033 -0.057694 0.024447 0.998035 -0.001486 -0.003759 0.999992 
0.001001 0.002597 0.999996 -0.048935 0.018599 0.998629 -0.048837 0.018905 0.998628 0.001338 0.003717 0.999992 
-0.000571 -0.001489 0.999999 -0.023646 0.008943 0.999680 -0.023582 0.009084 0.999681 -0.000347 -0.000971 0.999999 
0.000063 0.000172 1.000000 0.000450 -0.000162 1.000000 0.000448 -0.000165 1.000000 0.000056 0.000163 1.000000 
0.003937 0.004884 0.999980 -0.000144 -0.000427 1.000000 0.000442 -0.000161 1.000000 0.133690 -0.038100 0.990291 0.173176 -0.139486 0.974963 0.031474 -0.005367 0.999490 
0.002619 0.003151 0.999992 0.000132 0.000388 1.000000 -0.012533 0.004595 0.999911 0.123308 -0.040507 0.991541 0.195931 -0.162579 0.967046 0.012599 -0.002689 0.999917 
0.004669 0.005426 0.999974 0.000863 0.002469 0.999997 -0.034607 0.013030 0.999316 0.088135 -0.029753 0.995664 0.157309 -0.135307 0.978236 -0.009609 0.002101 0.999952 
0.000151 0.000171 1.000000 0.001527 0.004325 0.999989 -0.052375 0.019915 0.998429 0.063335 -0.021527 0.997760 0.113445 -0.099336 0.988566 -0.020580 0.004478 0.999778 
0.001897 0.002106 0.999996 0.001192 0.003294 0.999994 -0.053601 0.020856 0.998345 0.049859 -0.016929 0.998613 0.087361 -0.078461 0.993082 -0.021079 0.004526 0.999768 
0.004034 0.004356 0.999982 0.001068 0.002860 0.999995 -0.053503 0.021461 0.998337 0.044912 -0.015405 0.998872 0.077306 -0.071419 0.994446 -0.020431 0.004439 0.999781 
0.007770 0.008148 0.999937 0.001155 0.002968 0.999995 -0.050195 0.020934 0.998520 0.042902 -0.015018 0.998966 0.072920 -0.069454 0.994916 -0.018008 0.004039 0.999830 
0.071031 -0.069928 0.995020 0.001076 0.002639 0.999996 -0.012372 0.002874 0.999919 0.013856 0.014081 0.999805 -0.041300 0.017998 0.998985 0.042449 -0.015184 0.998983 
0.070327 -0.072460 0.994889 0.000751 0.001735 0.999998 -0.005094 0.001240 0.999986 0.021687 0.021103 0.999542 -0.030014 0.013859 0.999453 0.043011 -0.015844 0.998949 
0.068827 -0.075212 0.994789 0.000483 0.001036 0.999999 0.002839 -0.000733 0.999996 0.031915 0.029363 0.999059 -0.018637 0.009243 0.999784 0.043370 -0.016593 0.998921 
0.067607 -0.078316 0.994634 0.000226 0.000454 1.000000 0.011669 -0.003169 0.999927 0.043325 0.037721 0.998349 -0.005922 0.003120 0.999978 0.044070 -0.017470 0.998876 
0.067736 -0.081373 0.994379 -0.000009 -0.000017 1.000000 0.015963 -0.004505 0.999862 0.048587 0.040858 0.997983 0.000119 -0.000064 1.000000 0.045400 -0.018624 0.998795 
0.068742 -0.083684 0.994118 0.001547 0.003015 0.999994 0.015759 -0.004636 0.999865 0.043241 0.035837 0.998422 -0.000121 0.000066 1.000000 0.049386 -0.021140 0.998556 
0.070031 -0.085588 0.993866 0.001405 0.002738 0.999995 0.016230 -0.004912 0.999856 0.037425 0.030850 0.998823 -0.000107 0.000058 1.000000 0.053068 -0.023399 0.998317 
0.069710 -0.085133 0.993928 0.000322 0.000625 1.000000 0.017570 -0.005353 0.999831 0.033783 0.027837 0.999041 -0.001406 0.000769 0.999999 0.055927 -0.024819 0.998126 
0.068007 -0.082414 0.994275 0.001167 0.002255 0.999997 0.018550 -0.005616 0.999812 0.029846 0.024749 0.999248 0.001358 -0.000744 0.999999 0.056658 -0.025015 0.998080 
0.065143 -0.077952 0.994827 0.001612 0.003109 0.999994 0.017237 -0.005162 0.999838 0.025133 0.021071 0.999462 -0.001539 0.000845 0.999998 0.056821 -0.024834 0.998075 
0.061160 -0.072251 0.995510 0.000257 0.000496 1.000000 0.015494 -0.004587 0.999869 0.019318 0.016374 0.999679 -0.002425 0.001334 0.999996 0.054165 -0.023451 0.998257 
0.056248 -0.065524 0.996264 0.000468 0.000901 0.999999 0.013083 -0.003833 0.999907 0.012669 0.010868 0.999861 0.000664 -0.000365 1.000000 0.049420 -0.021233 0.998552 
0.049893 -0.057423 0.997102 -0.000091 -0.000175 1.000000 0.010025 -0.002901 0.999946 0.005893 0.005108 0.999970 0.002814 -0.001548 0.999995 0.043085 -0.018359 0.998903 
0.042225 -0.048153 0.997947 -0.002586 -0.004979 0.999984 0.007119 -0.002025 0.999973 -0.000494 -0.000432 1.000000 0.003322 -0.001828 0.999993 0.035474 -0.014952 0.999259 
0.033224 -0.037657 0.998738 -0.002414 -0.004651 0.999986 0.003293 -0.000918 0.999994 -0.005409 -0.004752 0.999974 0.002569 -0.001413 0.999996 0.027660 -0.011531 0.999551 
0.031774 -0.036162 0.998841 -0.002668 -0.005141 0.999983 0.003032 -0.000841 0.999995 -0.005160 -0.004515 0.999976 0.001644 -0.000904 0.999998 0.026693 -0.011119 0.999582 
0.028997 -0.033186 0.999028 -0.003110 -0.005989 0.999977 0.003253 -0.000901 0.999994 -0.004499 -0.003915 0.999982 0.002366 -0.001302 0.999996 0.023970 -0.010000 0.999663 
0.024093 -0.027620 0.999328 -0.003617 -0.006963 0.999969 0.002974 -0.000823 0.999995 -0.003679 -0.003197 0.999988 0.001046 -0.000576 0.999999 0.020032 -0.008355 0.999764 
0.018608 -0.021456 0.999597 -0.003268 -0.006291 0.999975 0.002668 -0.000739 0.999996 -0.002982 -0.002576 0.999992 0.000928 -0.000511 0.999999 0.015615 -0.006534 0.999857 
0.014842 -0.017251 0.999741 -0.003248 -0.006235 0.999975 0.002563 -0.000711 0.999996 -0.001859 -0.001594 0.999997 0.000611 -0.000337 1.000000 0.012432 -0.005218 0.999909 
0.012010 -0.014078 0.999829 -0.003589 -0.006845 0.999970 0.002429 -0.000675 0.999997 -0.000193 -0.000164 1.000000 -0.000744 0.000413 1.000000 0.010021 -0.004217 0.999941 
0.010069 -0.011853 0.999879 -0.003217 -0.006119 0.999976 0.002167 -0.000604 0.999997 -0.000144 -0.000122 1.000000 -0.000703 0.000391 1.000000 0.008470 -0.003574 0.999958 
0.008698 -0.010251 0.999910 -0.002875 -0.005468 0.999981 0.001948 -0.000543 0.999998 -0.000058 -0.000049 1.000000 -0.000663 0.000369 1.000000 0.007347 -0.003102 0.999968 
0.007924 -0.009324 0.999925 -0.002658 -0.005052 0.999984 0.001817 -0.000507 0.999998 0.000087 0.000074 1.000000 -0.000570 0.000318 1.000000 0.006632 -0.002797 0.999974 
0.007724 -0.009070 0.999929 -0.002349 -0.004463 0.999987 0.001653 -0.000461 0.999999 0.000166 0.000141 1.000000 -0.000550 0.000306 1.000000 0.006450 -0.002716 0.999976 
0.008334 -0.009737 0.999918 -0.002102 -0.003994 0.999990 0.001555 -0.000433 0.999999 0.000309 0.000263 1.000000 -0.000502 0.000280 1.000000 0.006866 -0.002881 0.999972 
0.008861 -0.010306 0.999908 -0.001888 -0.003587 0.999992 0.001472 -0.000409 0.999999 0.000451 0.000386 1.000000 -0.000456 0.000254 1.000000 0.007215 -0.003018 0.999969 
0.009304 -0.010777 0.999899 -0.001412 -0.002683 0.999995 0.001490 -0.000414 0.999999 0.000552 0.000475 1.000000 0.000069 -0.000039 1.000000 0.007537 -0.003145 0.999967 
0.009696 -0.011191 0.999890 -0.001152 -0.002190 0.999997 0.001309 -0.000363 0.999999 0.000624 0.000538 1.000000 -0.000633 0.000353 1.000000 0.008158 -0.003395 0.999961 
0.010138 -0.011669 0.999881 -0.000843 -0.001603 0.999998 0.001452 -0.000402 0.999999 0.000713 0.000617 1.000000 0.000141 -0.000078 1.000000 0.008376 -0.003479 0.999959 
0.010652 -0.012245 0.999868 -0.000746 -0.001418 0.999999 0.001385 -0.000383 0.999999 0.000826 0.000716 0.999999 0.000124 -0.000069 1.000000 0.008710 -0.003615 0.999956 
0.010904 -0.012535 0.999862 -0.000855 -0.001625 0.999998 0.001323 -0.000366 0.999999 0.000935 0.000811 0.999999 -0.000202 0.000113 1.000000 0.008896 -0.003691 0.999954 
0.010889 -0.012524 0.999862 0.000166 0.000316 1.000000 0.000724 -0.000200 1.000000 0.001017 0.000881 0.999999 -0.001546 0.000861 0.999998 0.009630 -0.004001 0.999946 
0.010927 -0.012574 0.999861 0.000161 0.000307 1.000000 0.000704 -0.000195 1.000000 0.001044 0.000904 0.999999 -0.001402 0.000781 0.999999 0.009543 -0.003965 0.999947 
0.011042 -0.012716 0.999858 -0.000070 -0.000134 1.000000 0.000684 -0.000190 1.000000 0.001062 0.000919 0.999999 -0.001622 0.000904 0.999998 0.009571 -0.003979 0.999946 
0.011130 -0.012833 0.999856 -0.000055 -0.000105 1.000000 0.000676 -0.000187 1.000000 0.001103 0.000954 0.999999 -0.001472 0.000820 0.999999 0.009542 -0.003970 0.999947 
0.011219 -0.012947 0.999853 -0.000049 -0.000093 1.000000 0.000669 -0.000185 1.000000 0.001130 0.000976 0.999999 -0.001334 0.000743 0.999999 0.009521 -0.003963 0.999947 
0.011299 -0.013050 0.999851 -0.000045 -0.000086 1.000000 0.000660 -0.000183 1.000000 0.001148 0.000990 0.999999 -0.001210 0.000674 0.999999 0.009500 -0.003957 0.999947 
0.011384 -0.013153 0.999849 0.000039 0.000074 1.000000 0.000746 -0.000207 1.000000 0.001147 0.000989 0.999999 -0.000764 0.000425 1.000000 0.009469 -0.003945 0.999947 
0.011504 -0.013294 0.999845 0.000030 0.000057 1.000000 0.000721 -0.000200 1.000000 0.001130 0.000975 0.999999 -0.000696 0.000388 1.000000 0.009495 -0.003956 0.999947 
0.011643 -0.013454 0.999842 0.000024 0.000045 1.000000 0.000701 -0.000194 1.000000 0.001125 0.000970 0.999999 -0.000635 0.000354 1.000000 0.009542 -0.003975 0.999947 
0.011770 -0.013600 0.999838 0.000021 0.000039 1.000000 0.000685 -0.000190 1.000000 0.001127 0.000972 0.999999 -0.000580 0.000323 1.000000 0.009585 -0.003993 0.999946 
0.011885 -0.013734 0.999835 0.000018 0.000035 1.000000 0.000671 -0.000186 1.000000 0.001131 0.000976 0.999999 -0.000529 0.000295 1.000000 0.009624 -0.004009 0.999946 
0.011984 -0.013848 0.999832 0.000016 0.000031 1.000000 0.000657 -0.000182 1.000000 0.001135 0.000979 0.999999 -0.000485 0.000270 1.000000 0.009656 -0.004023 0.999945 
0.012079 -0.013959 0.999830 0.000091 0.000173 1.000000 0.000744 -0.000206 1.000000 0.001135 0.000979 0.999999 -0.000113 0.000063 1.000000 0.009667 -0.004027 0.999945 
0.012122 -0.014008 0.999828 0.000081 0.000153 1.000000 0.000718 -0.000199 1.000000 0.001118 0.000964 0.999999 -0.000105 0.000059 1.000000 0.009666 -0.004027 0.999945 
0.012151 -0.014042 0.999828 -0.000016 -0.000031 1.000000 0.000720 -0.000199 1.000000 0.001110 0.000957 0.999999 -0.000101 0.000056 1.000000 0.009625 -0.004009 0.999946 
0.012192 -0.014090 0.999826 0.000381 0.000725 1.000000 0.000495 -0.000137 1.000000 0.001119 0.000965 0.999999 -0.000850 0.000474 1.000000 0.010094 -0.004206 0.999940 
0.012329 -0.014251 0.999822 0.000505 0.000960 0.999999 0.000839 -0.000232 1.000000 0.001105 0.000952 0.999999 -0.001317 0.000733 0.999999 0.010948 -0.004559 0.999930 
0.012531 -0.014486 0.999817 0.000658 0.001251 0.999999 0.001026 -0.000284 0.999999 0.001052 0.000907 0.999999 -0.000393 0.000219 1.000000 0.010917 -0.004546 0.999930 
0.012672 -0.014648 0.999812 0.000596 0.001133 0.999999 0.000947 -0.000262 1.000000 0.000958 0.000826 0.999999 -0.000360 0.000200 1.000000 0.010912 -0.004544 0.999930 
0.012805 -0.014801 0.999808 0.000538 0.001024 0.999999 0.000875 -0.000242 1.000000 0.000872 0.000752 0.999999 -0.000329 0.000183 1.000000 0.010912 -0.004544 0.999930 
0.012922 -0.014937 0.999805 0.000489 0.000929 0.999999 0.000811 -0.000225 1.000000 0.000798 0.000688 0.999999 -0.000301 0.000167 1.000000 0.010909 -0.004543 0.999930 
0.013030 -0.015061 0.999802 0.000443 0.000842 1.000000 0.000753 -0.000208 1.000000 0.000728 0.000628 1.000000 -0.000276 0.000154 1.000000 0.010908 -0.004543 0.999930 
0.013102 -0.015146 0.999799 0.000404 0.000768 1.000000 0.000723 -0.000200 1.000000 0.000715 0.000616 1.000000 -0.000251 0.000140 1.000000 0.010896 -0.004537 0.999930 
0.013194 -0.015252 0.999797 0.000367 0.000699 1.000000 0.000676 -0.000187 1.000000 0.000661 0.000570 1.000000 -0.000229 0.000128 1.000000 0.010898 -0.004538 0.999930 
0.013273 -0.015343 0.999794 0.000334 0.000636 1.000000 0.000633 -0.000175 1.000000 0.000611 0.000527 1.000000 -0.000212 0.000118 1.000000 0.010897 -0.004537 0.999930 
0.013346 -0.015427 0.999792 0.000304 0.000578 1.000000 0.000594 -0.000165 1.000000 0.000565 0.000487 1.000000 -0.000196 0.000109 1.000000 0.010898 -0.004537 0.999930 
0.013408 -0.015499 0.999790 0.000277 0.000526 1.000000 0.000558 -0.000154 1.000000 0.000524 0.000452 1.000000 -0.000184 0.000102 1.000000 0.010896 -0.004537 0.999930 
0.013415 -0.015511 0.999790 0.000253 0.000481 1.000000 0.000563 -0.000156 1.000000 0.000563 0.000485 1.000000 -0.000171 0.000095 1.000000 0.010869 -0.004525 0.999931 
0.013457 -0.015560 0.999788 0.000177 0.000337 1.000000 0.000537 -0.000149 1.000000 0.000539 0.000465 1.000000 -0.000237 0.000132 1.000000 0.010869 -0.004524 0.999931 
0.013593 -0.015718 0.999784 -0.000356 -0.000676 1.000000 0.001087 -0.000301 0.999999 0.000546 0.000470 1.000000 0.000935 -0.000521 0.999999 0.010566 -0.004395 0.999935 
0.013594 -0.015720 0.999784 -0.000290 -0.000551 1.000000 0.001036 -0.000287 0.999999 0.000573 0.000494 1.000000 0.000896 -0.000499 0.999999 0.010566 -0.004395 0.999935 
0.013529 -0.015644 0.999786 -0.000256 -0.000486 1.000000 0.000976 -0.000270 0.999999 0.000605 0.000521 1.000000 0.000805 -0.000449 1.000000 0.010510 -0.004371 0.999935 
0.013469 -0.015575 0.999788 -0.000225 -0.000427 1.000000 0.000923 -0.000255 1.000000 0.000634 0.000547 1.000000 0.000724 -0.000403 1.000000 0.010459 -0.004350 0.999936 
0.013414 -0.015512 0.999790 -0.000195 -0.000371 1.000000 0.000874 -0.000242 1.000000 0.000663 0.000571 1.000000 0.000650 -0.000363 1.000000 0.010412 -0.004331 0.999936 
0.013353 -0.015443 0.999792 -0.000169 -0.000321 1.000000 0.000843 -0.000233 1.000000 0.000711 0.000613 1.000000 0.000585 -0.000326 1.000000 0.010365 -0.004311 0.999937 
0.013264 -0.015343 0.999794 0.000181 0.000345 1.000000 0.000385 -0.000107 1.000000 0.000798 0.000688 0.999999 -0.001294 0.000721 0.999999 0.011049 -0.004595 0.999928 
0.013340 -0.015431 0.999792 0.000171 0.000325 1.000000 0.000381 -0.000105 1.000000 0.000787 0.000678 0.999999 -0.001178 0.000656 0.999999 0.011034 -0.004589 0.999929 
0.013504 -0.015620 0.999787 0.000148 0.000281 1.000000 0.000387 -0.000107 1.000000 0.000778 0.000670 0.999999 -0.001065 0.000593 0.999999 0.011089 -0.004612 0.999928 
0.013691 -0.015836 0.999781 0.000135 0.000258 1.000000 0.000392 -0.000109 1.000000 0.000781 0.000673 0.999999 -0.000966 0.000538 0.999999 0.011171 -0.004646 0.999927 
0.013848 -0.016017 0.999776 -0.000014 -0.000027 1.000000 0.000504 -0.000139 1.000000 0.000796 0.000686 0.999999 -0.001155 0.000644 0.999999 0.011416 -0.004747 0.999924 
0.014050 -0.016251 0.999769 -0.000016 -0.000031 1.000000 0.000506 -0.000140 1.000000 0.000815 0.000702 0.999999 -0.001049 0.000584 0.999999 0.011503 -0.004783 0.999922 
0.014277 -0.016514 0.999762 -0.000260 -0.000493 1.000000 0.001042 -0.000288 0.999999 0.000852 0.000734 0.999999 0.000351 -0.000196 1.000000 0.011309 -0.004700 0.999925 
0.014307 -0.016549 0.999761 -0.000235 -0.000447 1.000000 0.000995 -0.000275 0.999999 0.000879 0.000757 0.999999 0.000312 -0.000174 1.000000 0.011305 -0.004698 0.999925 
0.014287 -0.016526 0.999761 -0.000210 -0.000398 1.000000 0.000949 -0.000262 1.000000 0.000904 0.000779 0.999999 0.000275 -0.000153 1.000000 0.011266 -0.004682 0.999926 
0.014268 -0.016504 0.999762 -0.000188 -0.000357 1.000000 0.000908 -0.000251 1.000000 0.000924 0.000796 0.999999 0.000240 -0.000134 1.000000 0.011231 -0.004667 0.999926 
0.014250 -0.016483 0.999763 -0.000167 -0.000317 1.000000 0.000870 -0.000240 1.000000 0.000944 0.000814 0.999999 0.000209 -0.000117 1.000000 0.011198 -0.004654 0.999926 
0.014235 -0.016465 0.999763 -0.000147 -0.000280 1.000000 0.000836 -0.000231 1.000000 0.000964 0.000831 0.999999 0.000181 -0.000101 1.000000 0.011168 -0.004641 0.999927 
0.014222 -0.016450 0.999764 -0.000130 -0.000247 1.000000 0.000806 -0.000223 1.000000 0.000981 0.000845 0.999999 0.000157 -0.000087 1.000000 0.011143 -0.004631 0.999927 
0.014208 -0.016434 0.999764 -0.000114 -0.000217 1.000000 0.000778 -0.000215 1.000000 0.000997 0.000859 0.999999 0.000133 -0.000074 1.000000 0.011118 -0.004621 0.999928 
0.014195 -0.016419 0.999764 -0.000100 -0.000191 1.000000 0.000753 -0.000208 1.000000 0.001010 0.000870 0.999999 0.000112 -0.000062 1.000000 0.011096 -0.004611 0.999928 
0.014184 -0.016407 0.999765 -0.000087 -0.000166 1.000000 0.000730 -0.000202 1.000000 0.001022 0.000881 0.999999 0.000093 -0.000052 1.000000 0.011076 -0.004603 0.999928 
0.014174 -0.016395 0.999765 -0.000075 -0.000143 1.000000 0.000710 -0.000196 1.000000 0.001034 0.000891 0.999999 0.000076 -0.000042 1.000000 0.011058 -0.004595 0.999928 
0.014153 -0.016375 0.999766 -0.001249 -0.002373 0.999996 0.000792 -0.000219 1.000000 0.001070 0.000921 0.999999 -0.001755 0.000978 0.999998 0.011366 -0.004718 0.999924 
0.014252 -0.016494 0.999762 -0.000937 -0.001779 0.999998 0.000888 -0.000245 1.000000 0.001131 0.000974 0.999999 -0.001432 0.000798 0.999999 0.011557 -0.004797 0.999922 
0.014336 -0.016599 0.999759 -0.001111 -0.002108 0.999997 0.001604 -0.000442 0.999999 0.001319 0.001135 0.999998 -0.000054 0.000030 1.000000 0.011460 -0.004752 0.999923 
0.014522 -0.016816 0.999753 -0.001253 -0.002376 0.999996 0.002044 -0.000564 0.999998 0.001393 0.001199 0.999998 0.001185 -0.000662 0.999999 0.011272 -0.004671 0.999926 
0.014555 -0.016854 0.999752 -0.001134 -0.002150 0.999997 0.001922 -0.000530 0.999998 0.001431 0.001231 0.999998 0.001067 -0.000596 0.999999 0.011290 -0.004679 0.999925 
0.014457 -0.016741 0.999755 -0.000777 -0.001474 0.999999 0.001669 -0.000460 0.999999 0.001450 0.001248 0.999998 0.000622 -0.000347 1.000000 0.011417 -0.004732 0.999924 
0.014369 -0.016642 0.999758 -0.000796 -0.001510 0.999999 0.001583 -0.000436 0.999999 0.001490 0.001282 0.999998 0.000413 -0.000230 1.000000 0.011342 -0.004701 0.999925 
0.014308 -0.016571 0.999760 -0.000720 -0.001364 0.999999 0.001506 -0.000415 0.999999 0.001535 0.001321 0.999998 0.000366 -0.000205 1.000000 0.011268 -0.004670 0.999926 
0.014279 -0.016537 0.999761 -0.000651 -0.001234 0.999999 0.001441 -0.000397 0.999999 0.001587 0.001366 0.999998 0.000325 -0.000182 1.000000 0.011220 -0.004650 0.999926 
0.014336 -0.016606 0.999759 0.000189 0.000358 1.000000 0.001807 -0.000499 0.999998 0.001648 0.001417 0.999998 0.001893 -0.001059 0.999998 0.011336 -0.004700 0.999925 
0.014462 -0.016759 0.999755 0.000182 0.000345 1.000000 0.001725 -0.000476 0.999998 0.001686 0.001450 0.999998 0.001708 -0.000955 0.999998 0.011428 -0.004737 0.999923 
0.014446 -0.016741 0.999755 0.000166 0.000314 1.000000 0.001613 -0.000445 0.999999 0.001646 0.001415 0.999998 0.001539 -0.000861 0.999998 0.011390 -0.004722 0.999924 
0.014392 -0.016679 0.999757 0.000151 0.000286 1.000000 0.001509 -0.000416 0.999999 0.001602 0.001377 0.999998 0.001387 -0.000776 0.999999 0.011326 -0.004695 0.999925 
0.014343 -0.016624 0.999759 0.000138 0.000262 1.000000 0.001415 -0.000390 0.999999 0.001563 0.001344 0.999998 0.001249 -0.000698 0.999999 0.011270 -0.004672 0.999926 
0.014299 -0.016572 0.999760 0.000127 0.000241 1.000000 0.001331 -0.000367 0.999999 0.001528 0.001314 0.999998 0.001124 -0.000628 0.999999 0.011218 -0.004651 0.999926 
0.014258 -0.016526 0.999762 0.000118 0.000223 1.000000 0.001255 -0.000346 0.999999 0.001497 0.001287 0.999998 0.001012 -0.000566 0.999999 0.011171 -0.004631 0.999927 
0.014221 -0.016484 0.999763 0.000109 0.000207 1.000000 0.001186 -0.000327 0.999999 0.001470 0.001264 0.999998 0.000911 -0.000510 0.999999 0.011128 -0.004614 0.999927 
0.014281 -0.016555 0.999761 0.000712 0.001348 0.999999 0.000581 -0.000160 1.000000 0.001438 0.001236 0.999998 -0.001052 0.000588 0.999999 0.012028 -0.004990 0.999915 
0.014450 -0.016751 0.999755 0.000649 0.001231 0.999999 0.000563 -0.000155 1.000000 0.001366 0.001174 0.999998 -0.000954 0.000533 0.999999 0.012069 -0.005007 0.999915 
0.014641 -0.016972 0.999749 0.000590 0.001119 0.999999 0.000547 -0.000151 1.000000 0.001296 0.001114 0.999999 -0.000865 0.000483 1.000000 0.012135 -0.005034 0.999914 
0.014812 -0.017170 0.999743 0.000538 0.001018 0.999999 0.000533 -0.000147 1.000000 0.001233 0.001060 0.999999 -0.000784 0.000438 1.000000 0.012193 -0.005059 0.999913 
0.014908 -0.017287 0.999739 0.000091 0.000172 1.000000 0.000529 -0.000146 1.000000 0.001211 0.001041 0.999999 -0.001309 0.000732 0.999999 0.012269 -0.005089 0.999912 
0.015081 -0.017489 0.999733 0.000080 0.000151 1.000000 0.000537 -0.000148 1.000000 0.001214 0.001044 0.999999 -0.001188 0.000664 0.999999 0.012332 -0.005115 0.999911 
0.015286 -0.017726 0.999726 0.000069 0.000131 1.000000 0.000546 -0.000151 1.000000 0.001222 0.001050 0.999999 -0.001077 0.000602 0.999999 0.012426 -0.005154 0.999910 
0.015489 -0.017962 0.999719 -0.000232 -0.000438 1.000000 0.001195 -0.000329 0.999999 0.001262 0.001085 0.999999 0.000532 -0.000298 1.000000 0.012182 -0.005049 0.999913 
0.015498 -0.017973 0.999718 -0.000336 -0.000636 1.000000 0.001144 -0.000315 0.999999 0.001287 0.001106 0.999999 0.000293 -0.000164 1.000000 0.012187 -0.005051 0.999913 
0.015449 -0.017919 0.999720 -0.000302 -0.000571 1.000000 0.001101 -0.000304 0.999999 0.001323 0.001137 0.999998 0.000250 -0.000140 1.000000 0.012135 -0.005029 0.999914 
0.015426 -0.017892 0.999721 -0.000272 -0.000515 1.000000 0.001063 -0.000293 0.999999 0.001355 0.001164 0.999998 0.000218 -0.000122 1.000000 0.012098 -0.005014 0.999914 
0.015412 -0.017876 0.999721 -0.000244 -0.000462 1.000000 0.001028 -0.000284 0.999999 0.001386 0.001191 0.999998 0.000191 -0.000107 1.000000 0.012070 -0.005002 0.999915 
0.015400 -0.017861 0.999722 -0.000218 -0.000413 1.000000 0.000998 -0.000275 0.999999 0.001415 0.001216 0.999998 0.000166 -0.000093 1.000000 0.012045 -0.004992 0.999915 
0.015391 -0.017851 0.999722 -0.000194 -0.000367 1.000000 0.000970 -0.000267 0.999999 0.001444 0.001240 0.999998 0.000145 -0.000081 1.000000 0.012023 -0.004983 0.999915 
0.015381 -0.017839 0.999723 -0.000171 -0.000324 1.000000 0.000945 -0.000260 1.000000 0.001469 0.001262 0.999998 0.000124 -0.000070 1.000000 0.012003 -0.004975 0.999916 
0.015372 -0.017829 0.999723 -0.000152 -0.000287 1.000000 0.000922 -0.000254 1.000000 0.001491 0.001281 0.999998 0.000106 -0.000059 1.000000 0.011985 -0.004967 0.999916 
0.015366 -0.017823 0.999723 -0.000133 -0.000253 1.000000 0.000901 -0.000249 1.000000 0.001512 0.001299 0.999998 0.000090 -0.000051 1.000000 0.011970 -0.004961 0.999916 
0.015358 -0.017813 0.999723 -0.000117 -0.000221 1.000000 0.000883 -0.000243 1.000000 0.001531 0.001315 0.999998 0.000075 -0.000042 1.000000 0.011955 -0.004955 0.999916 
0.015352 -0.017806 0.999724 -0.000102 -0.000193 1.000000 0.000866 -0.000239 1.000000 0.001548 0.001330 0.999998 0.000061 -0.000034 1.000000 0.011941 -0.004949 0.999916 
0.015345 -0.017798 0.999724 -0.000090 -0.000170 1.000000 0.000851 -0.000235 1.000000 0.001561 0.001341 0.999998 0.000048 -0.000027 1.000000 0.011929 -0.004944 0.999917 
0.015339 -0.017792 0.999724 -0.000077 -0.000145 1.000000 0.000837 -0.000231 1.000000 0.001575 0.001353 0.999998 0.000037 -0.000021 1.000000 0.011918 -0.004940 0.999917 
0.015336 -0.017788 0.999724 -0.000066 -0.000125 1.000000 0.000824 -0.000227 1.000000 0.001588 0.001364 0.999998 0.000028 -0.000015 1.000000 0.011909 -0.004936 0.999917 
0.015366 -0.017825 0.999723 0.000079 0.000150 1.000000 0.000747 -0.000206 1.000000 0.001605 0.001379 0.999998 -0.000446 0.000250 1.000000 0.012207 -0.005059 0.999913 
0.015453 -0.017927 0.999720 0.000072 0.000137 1.000000 0.000742 -0.000205 1.000000 0.001602 0.001376 0.999998 -0.000405 0.000227 1.000000 0.012241 -0.005073 0.999912 
0.015535 -0.018022 0.999717 0.000065 0.000123 1.000000 0.000739 -0.000204 1.000000 0.001597 0.001372 0.999998 -0.000365 0.000204 1.000000 0.012274 -0.005087 0.999912 
0.015605 -0.018103 0.999714 0.000057 0.000108 1.000000 0.000735 -0.000203 1.000000 0.001592 0.001367 0.999998 -0.000332 0.000186 1.000000 0.012301 -0.005098 0.999911 
0.015758 -0.018282 0.999709 -0.000103 -0.000196 1.000000 0.001401 -0.000386 0.999999 0.001599 0.001373 0.999998 0.001417 -0.000793 0.999999 0.012068 -0.005000 0.999915 
0.015853 -0.018395 0.999705 -0.000106 -0.000200 1.000000 0.001326 -0.000366 0.999999 0.001623 0.001394 0.999998 0.001155 -0.000647 0.999999 0.012195 -0.005052 0.999913 
0.015827 -0.018365 0.999706 -0.000093 -0.000176 1.000000 0.001267 -0.000349 0.999999 0.001627 0.001398 0.999998 0.001042 -0.000583 0.999999 0.012180 -0.005046 0.999913 
0.015783 -0.018316 0.999708 -0.000081 -0.000152 1.000000 0.001214 -0.000335 0.999999 0.001634 0.001403 0.999998 0.000940 -0.000526 0.999999 0.012151 -0.005034 0.999914 
0.015735 -0.018261 0.999709 -0.000116 -0.000219 1.000000 0.001168 -0.000322 0.999999 0.001648 0.001415 0.999998 0.000772 -0.000432 1.000000 0.012128 -0.005024 0.999914 
0.015710 -0.018233 0.999710 -0.000116 -0.000219 1.000000 0.001200 -0.000331 0.999999 0.001669 0.001433 0.999998 0.000819 -0.000458 1.000000 0.012112 -0.005017 0.999914 
0.015758 -0.018302 0.999708 0.000340 0.000643 1.000000 0.001640 -0.000451 0.999999 0.001679 0.001441 0.999998 0.001883 -0.001055 0.999998 0.012357 -0.005116 0.999911 
0.015894 -0.018462 0.999703 0.000315 0.000596 1.000000 0.001554 -0.000428 0.999999 0.001683 0.001444 0.999998 0.001699 -0.000951 0.999998 0.012451 -0.005155 0.999909 
0.015901 -0.018471 0.999703 0.000284 0.000538 1.000000 0.001459 -0.000402 0.999999 0.001634 0.001402 0.999998 0.001531 -0.000858 0.999998 0.012445 -0.005153 0.999909 
0.015866 -0.018431 0.999704 0.000261 0.000493 1.000000 0.001369 -0.000377 0.999999 0.001584 0.001359 0.999998 0.001383 -0.000774 0.999999 0.012406 -0.005137 0.999910 
0.015832 -0.018393 0.999705 0.000240 0.000454 1.000000 0.001288 -0.000355 0.999999 0.001539 0.001320 0.999998 0.001247 -0.000698 0.999999 0.012371 -0.005122 0.999910 
0.015840 -0.018403 0.999705 0.000549 0.001038 0.999999 0.001663 -0.000458 0.999999 0.001539 0.001320 0.999998 0.002313 -0.001296 0.999996 0.012409 -0.005139 0.999910 
0.015993 -0.018590 0.999699 0.000352 0.000664 1.000000 0.002063 -0.000568 0.999998 0.001573 0.001348 0.999998 0.003025 -0.001697 0.999994 0.012431 -0.005144 0.999909 
0.016082 -0.018705 0.999696 -0.000031 -0.000058 1.000000 0.002048 -0.000564 0.999998 0.001580 0.001354 0.999998 0.002431 -0.001365 0.999996 0.012563 -0.005197 0.999908 
0.016171 -0.018815 0.999692 -0.000028 -0.000053 1.000000 0.001921 -0.000529 0.999998 0.001584 0.001357 0.999998 0.002194 -0.001233 0.999997 0.012626 -0.005224 0.999907 
0.016164 -0.018808 0.999692 -0.000024 -0.000046 1.000000 0.001801 -0.000496 0.999998 0.001577 0.001350 0.999998 0.001982 -0.001113 0.999997 0.012612 -0.005219 0.999907 
0.016111 -0.018748 0.999694 0.000388 0.000732 1.000000 0.001319 -0.000363 0.999999 0.001572 0.001346 0.999998 0.000421 -0.000236 1.000000 0.013198 -0.005464 0.999898 
0.016112 -0.018750 0.999694 0.000357 0.000674 1.000000 0.001237 -0.000341 0.999999 0.001509 0.001292 0.999998 0.000376 -0.000211 1.000000 0.013137 -0.005438 0.999899 
0.016111 -0.018749 0.999694 0.000326 0.000614 1.000000 0.001162 -0.000320 0.999999 0.001446 0.001239 0.999998 0.000334 -0.000187 1.000000 0.013079 -0.005415 0.999900 
0.016192 -0.018844 0.999691 0.000181 0.000341 1.000000 0.001459 -0.000402 0.999999 0.001417 0.001214 0.999998 0.001131 -0.000635 0.999999 0.012940 -0.005355 0.999902 
0.016249 -0.018911 0.999689 0.000164 0.000309 1.000000 0.001374 -0.000378 0.999999 0.001392 0.001192 0.999998 0.001020 -0.000573 0.999999 0.012950 -0.005360 0.999902 
0.016195 -0.018850 0.999691 0.000531 0.001000 0.999999 0.001241 -0.000342 0.999999 0.001344 0.001150 0.999998 0.000776 -0.000436 1.000000 0.013167 -0.005451 0.999898 
0.016172 -0.018824 0.999692 0.000486 0.000917 0.999999 0.001151 -0.000317 0.999999 0.001258 0.001077 0.999999 0.000699 -0.000393 1.000000 0.013098 -0.005422 0.999900 
0.016154 -0.018803 0.999693 0.000648 0.001222 0.999999 0.001139 -0.000314 0.999999 0.001185 0.001015 0.999999 0.000966 -0.000542 0.999999 0.013060 -0.005407 0.999900 
0.016188 -0.018843 0.999691 0.000598 0.001127 0.999999 0.001067 -0.000294 0.999999 0.001115 0.000955 0.999999 0.000886 -0.000498 0.999999 0.013044 -0.005401 0.999900 
0.016177 -0.018830 0.999692 0.000547 0.001032 0.999999 0.000986 -0.000272 0.999999 0.001026 0.000878 0.999999 0.000800 -0.000449 1.000000 0.012997 -0.005381 0.999901 
0.016165 -0.018817 0.999692 0.000503 0.000948 0.999999 0.000913 -0.000251 1.000000 0.000947 0.000811 0.999999 0.000720 -0.000404 1.000000 0.012954 -0.005363 0.999902 
0.016151 -0.018803 0.999693 0.001028 0.001938 0.999998 0.000555 -0.000153 1.000000 0.000903 0.000773 0.999999 -0.000380 0.000214 1.000000 0.013541 -0.005609 0.999893 
