-0.000543 -0.002234 0.999997 0.003483 -0.000863 0.999994 0.003475 -0.000838 0.999994 -0.000572 -0.002143 0.999998 
-0.000487 -0.002003 0.999998 0.004233 -0.001049 0.999990 0.004227 -0.001020 0.999991 -0.000507 -0.001898 0.999998 
-0.000202 -0.000833 1.000000 0.004942 -0.001224 0.999987 0.004945 -0.001192 0.999987 -0.000192 -0.000718 1.000000 
-0.000172 -0.000709 1.000000 0.004489 -0.001112 0.999989 0.004491 -0.001083 0.999989 -0.000161 -0.000605 1.000000 
0.001419 0.005828 0.999982 0.005077 -0.001260 0.999986 0.005120 -0.001238 0.999986 0.001579 0.005906 0.999981 
0.001145 0.004700 0.999988 0.003453 -0.000857 0.999994 0.003487 -0.000843 0.999994 0.001270 0.004749 0.999988 
0.000693 0.002838 0.999996 0.006307 -0.001569 0.999979 0.006334 -0.001534 0.999979 0.000793 0.002962 0.999995 
0.000900 0.003686 0.999993 0.008026 -0.001996 0.999966 0.008060 -0.001952 0.999966 0.001029 0.003843 0.999992 
0.000828 0.003392 0.999994 0.007252 -0.001804 0.999972 0.007284 -0.001764 0.999972 0.000946 0.003533 0.999993 
0.001335 0.005472 0.999984 0.004747 -0.001181 0.999988 0.004788 -0.001160 0.999988 0.001485 0.005546 0.999984 
0.001312 0.005377 0.999985 0.004267 -0.001061 0.999990 0.004306 -0.001043 0.999990 0.001457 0.005440 0.999984 
0.002044 0.008376 0.999963 0.003816 -0.000949 0.999992 0.003873 -0.000938 0.999992 0.002253 0.008411 0.999962 
0.002454 0.010136 0.999946 0.001635 -0.000403 0.999999 0.001700 -0.000408 0.999998 0.002688 0.010113 0.999945 
0.002273 0.009390 0.999953 0.001479 -0.000365 0.999999 0.001539 -0.000370 0.999999 0.002490 0.009369 0.999953 
0.002518 0.010403 0.999943 0.001338 -0.000330 0.999999 0.001404 -0.000337 0.999999 0.002757 0.010372 0.999942 
0.003766 0.015562 0.999872 0.001204 -0.000297 0.999999 0.001301 -0.000313 0.999999 0.004119 0.015498 0.999871 
0.005999 0.024758 0.999675 0.000998 -0.000247 0.999999 0.001151 -0.000277 0.999999 0.006555 0.024636 0.999675 
0.005043 0.017063 0.999842 0.001213 -0.000364 0.999999 0.001319 -0.000387 0.999999 0.005430 0.016971 0.999841 
0.006490 0.018587 0.999806 0.008939 -0.003167 0.999955 0.009072 -0.003152 0.999954 0.006976 0.018633 0.999802 
0.006324 0.018680 0.999806 0.001914 -0.000657 0.999998 0.002032 -0.000684 0.999998 0.006753 0.018573 0.999805 
0.005259 0.015972 0.999859 0.001697 -0.000567 0.999998 0.001798 -0.000588 0.999998 0.005626 0.015886 0.999858 
0.002232 0.006855 0.999974 0.000899 -0.000297 1.000000 0.000943 -0.000305 1.000000 0.002391 0.006822 0.999974 
-0.000165 0.000060 1.000000 0.014985 -0.006487 0.999867 0.045262 0.098447 0.994112 0.034130 -0.114328 0.992857 0.005059 0.012983 0.999903 0.011015 -0.033609 0.999374 
-0.000090 0.000034 1.000000 0.000346 -0.000150 1.000000 0.016842 0.036288 0.999199 0.006708 -0.021802 0.999740 0.003931 0.009780 0.999944 -0.000218 0.000656 1.000000 
-0.002434 0.000972 0.999997 0.000210 -0.000097 1.000000 0.010114 0.020688 0.999735 0.003880 -0.012471 0.999915 0.001955 0.004571 0.999988 -0.000678 0.002062 0.999998 
-0.012004 0.005015 0.999915 0.000829 -0.000405 1.000000 0.001781 0.003435 0.999993 0.000592 -0.001907 0.999998 -0.001272 -0.002850 0.999995 -0.002699 0.008370 0.999961 
-0.018493 0.007874 0.999798 -0.002242 0.001112 0.999997 0.000286 0.000543 1.000000 -0.000175 0.000588 1.000000 -0.002762 -0.006078 0.999978 -0.003800 0.012236 0.999918 
-0.019353 0.008295 0.999778 -0.003338 0.001663 0.999993 0.000028 0.000053 1.000000 -0.000267 0.000939 1.000000 -0.003495 -0.007645 0.999965 -0.003858 0.012873 0.999910 
-0.015566 0.006668 0.999857 -0.002725 0.001358 0.999995 0.000001 0.000003 1.000000 -0.000213 0.000763 1.000000 -0.004565 -0.009992 0.999940 -0.003468 0.011703 0.999926 
-0.009553 0.004061 0.999946 -0.002626 0.001308 0.999996 0.000054 0.000102 1.000000 -0.000211 0.000754 1.000000 -0.005471 -0.012061 0.999912 -0.002732 0.009217 0.999954 
-0.001821 0.000761 0.999998 -0.003986 0.001955 0.999990 -0.001598 -0.003069 0.999994 -0.000541 0.001940 0.999998 -0.006811 -0.015252 0.999860 -0.001396 0.004695 0.999988 
-0.000003 0.000001 1.000000 -0.004446 0.002128 0.999988 -0.004590 -0.009027 0.999949 -0.000512 0.001834 0.999998 -0.006814 -0.015348 0.999859 -0.000034 0.000115 1.000000 
-0.000001 0.000000 1.000000 -0.004393 0.002075 0.999988 -0.009064 -0.018060 0.999796 -0.000433 0.001557 0.999999 -0.007751 -0.017613 0.999815 0.001306 -0.004353 0.999990 
0.000043 -0.000017 1.000000 -0.004946 0.002318 0.999985 -0.013985 -0.028081 0.999508 -0.000380 0.001377 0.999999 -0.009948 -0.022883 0.999689 0.002538 -0.008481 0.999961 
0.000107 -0.000043 1.000000 -0.006395 0.002970 0.999975 -0.018781 -0.038036 0.999100 -0.000320 0.001176 0.999999 -0.012263 -0.028611 0.999515 0.003794 -0.012748 0.999912 
0.000084 -0.000033 1.000000 -0.008649 0.003999 0.999955 -0.023184 -0.047190 0.998617 -0.000276 0.001036 0.999999 -0.014302 -0.033774 0.999327 0.004990 -0.016990 0.999843 
0.000067 -0.000026 1.000000 -0.010970 0.005065 0.999927 -0.027152 -0.055366 0.998097 -0.000237 0.000912 1.000000 -0.016298 -0.038727 0.999117 0.006015 -0.020810 0.999765 
0.000055 -0.000021 1.000000 -0.013277 0.006149 0.999893 -0.030506 -0.062064 0.997606 -0.000202 0.000799 1.000000 -0.018271 -0.043429 0.998889 0.006791 -0.023933 0.999690 
0.000013 -0.000005 1.000000 -0.015471 0.007187 0.999854 -0.033266 -0.067526 0.997163 -0.000183 0.000743 1.000000 -0.019883 -0.047309 0.998682 0.007418 -0.026561 0.999620 
0.000006 -0.000002 1.000000 -0.017212 0.008009 0.999820 -0.035629 -0.072253 0.996750 -0.000157 0.000642 1.000000 -0.021477 -0.051100 0.998463 0.007936 -0.028655 0.999558 
0.000002 -0.000001 1.000000 -0.018660 0.008689 0.999788 -0.037543 -0.076124 0.996391 -0.000134 0.000554 1.000000 -0.022906 -0.054500 0.998251 0.008346 -0.030261 0.999507 
-0.000000 0.000000 1.000000 -0.020123 0.009373 0.999754 -0.039144 -0.079384 0.996075 -0.000114 0.000475 1.000000 -0.024093 -0.057326 0.998065 0.008723 -0.031712 0.999459 
0.000001 -0.000001 1.000000 -0.021683 0.010100 0.999714 -0.040511 -0.082200 0.995792 -0.000097 0.000404 1.000000 -0.025133 -0.059801 0.997894 0.009079 -0.033055 0.999412 
0.000001 -0.000001 1.000000 -0.023350 0.010875 0.999668 -0.041631 -0.084531 0.995551 -0.000082 0.000340 1.000000 -0.026019 -0.061909 0.997743 0.009407 -0.034277 0.999368 
-0.000001 0.000000 1.000000 -0.025050 0.011664 0.999618 -0.042544 -0.086463 0.995346 -0.000084 0.000350 1.000000 -0.026717 -0.063592 0.997618 0.009709 -0.035369 0.999327 
0.000001 -0.000001 1.000000 -0.026616 0.012393 0.999569 -0.043271 -0.087990 0.995181 -0.000077 0.000321 1.000000 -0.027368 -0.065153 0.997500 0.009957 -0.036264 0.999293 
0.000001 -0.000000 1.000000 -0.027935 0.013006 0.999525 -0.043866 -0.089247 0.995043 -0.000064 0.000268 1.000000 -0.027907 -0.066438 0.997400 0.010172 -0.037027 0.999262 
-0.000001 0.000001 1.000000 -0.029116 0.013556 0.999484 -0.044357 -0.090282 0.994928 -0.000053 0.000220 1.000000 -0.028364 -0.067527 0.997314 0.010356 -0.037681 0.999236 
-0.000001 0.000000 1.000000 -0.030192 0.014058 0.999445 -0.044764 -0.091136 0.994832 -0.000047 0.000194 1.000000 -0.028749 -0.068444 0.997241 0.010514 -0.038244 0.999213 
-0.000014 0.000005 1.000000 -0.031093 0.014479 0.999412 -0.045116 -0.091872 0.994748 -0.000050 0.000208 1.000000 -0.028980 -0.069051 0.997192 0.010655 -0.038755 0.999192 
-0.000001 0.000000 1.000000 -0.031750 0.014785 0.999386 -0.045416 -0.092507 0.994676 -0.000041 0.000171 1.000000 -0.029245 -0.069683 0.997140 0.010769 -0.039159 0.999175 
-0.000000 0.000000 1.000000 -0.032221 0.015004 0.999368 -0.045666 -0.093037 0.994615 -0.000036 0.000149 1.000000 -0.029455 -0.070185 0.997099 0.010855 -0.039465 0.999162 
-0.000001 0.000001 1.000000 -0.032464 0.015115 0.999359 -0.045832 -0.093394 0.994574 -0.000027 0.000112 1.000000 -0.029590 -0.070509 0.997072 0.010911 -0.039663 0.999154 
0.000000 -0.000000 1.000000 -0.032535 0.015148 0.999356 -0.045893 -0.093525 0.994559 -0.000019 0.000080 1.000000 -0.029640 -0.070631 0.997062 0.010934 -0.039745 0.999150 
-0.000000 0.000000 1.000000 -0.032520 0.015141 0.999356 -0.045860 -0.093458 0.994566 -0.000014 0.000056 1.000000 -0.029610 -0.070560 0.997068 0.010933 -0.039744 0.999150 
0.000001 -0.000000 1.000000 -0.032436 0.015101 0.999360 -0.045737 -0.093207 0.994596 -0.000007 0.000030 1.000000 -0.029502 -0.070304 0.997089 0.010916 -0.039683 0.999153 
0.000001 -0.000000 1.000000 -0.032465 0.015113 0.999359 -0.045528 -0.092781 0.994645 -0.000014 0.000057 1.000000 -0.029317 -0.069866 0.997126 0.010887 -0.039588 0.999157 
-0.000000 0.000000 1.000000 -0.032422 0.015094 0.999360 -0.045232 -0.092170 0.994715 -0.000018 0.000074 1.000000 -0.029062 -0.069259 0.997175 0.010841 -0.039430 0.999164 
-0.000001 0.000000 1.000000 -0.032307 0.015043 0.999365 -0.044849 -0.091361 0.994807 -0.000020 0.000082 1.000000 -0.028742 -0.068497 0.997237 0.010774 -0.039199 0.999173 
-0.000000 0.000000 1.000000 -0.032034 0.014922 0.999375 -0.044372 -0.090342 0.994922 -0.000013 0.000055 1.000000 -0.028359 -0.067587 0.997310 0.010682 -0.038877 0.999187 
-0.000000 0.000000 1.000000 -0.031696 0.014770 0.999388 -0.043815 -0.089158 0.995053 -0.000007 0.000029 1.000000 -0.027916 -0.066531 0.997394 0.010571 -0.038486 0.999203 
0.000000 -0.000000 1.000000 -0.031296 0.014586 0.999404 -0.043178 -0.087827 0.995199 -0.000004 0.000018 1.000000 -0.027414 -0.065336 0.997487 0.010440 -0.038026 0.999222 
-0.000001 0.000000 1.000000 -0.030762 0.014338 0.999424 -0.042468 -0.086356 0.995359 0.000001 -0.000003 1.000000 -0.026858 -0.064012 0.997588 0.010288 -0.037487 0.999244 
-0.000000 0.000000 1.000000 -0.030129 0.014045 0.999447 -0.041689 -0.084729 0.995532 0.000005 -0.000020 1.000000 -0.026250 -0.062566 0.997696 0.010114 -0.036870 0.999269 
0.000001 -0.000001 1.000000 -0.029400 0.013711 0.999474 -0.040842 -0.082945 0.995717 0.000008 -0.000035 1.000000 -0.025595 -0.061004 0.997809 0.009918 -0.036173 0.999296 
0.000002 -0.000001 1.000000 -0.028577 0.013335 0.999503 -0.039933 -0.081025 0.995912 0.000012 -0.000049 1.000000 -0.024892 -0.059331 0.997928 0.009701 -0.035406 0.999326 
0.000002 -0.000001 1.000000 -0.027661 0.012915 0.999534 -0.038969 -0.078992 0.996113 0.000014 -0.000060 1.000000 -0.024144 -0.057548 0.998051 0.009468 -0.034577 0.999357 
0.000001 -0.000000 1.000000 -0.026662 0.012453 0.999567 -0.037961 -0.076889 0.996317 0.000017 -0.000070 1.000000 -0.023350 -0.055658 0.998177 0.009225 -0.033710 0.999389 
0.000002 -0.000001 1.000000 -0.025581 0.011952 0.999601 -0.036903 -0.074695 0.996523 0.000019 -0.000078 1.000000 -0.022511 -0.053659 0.998306 0.008970 -0.032798 0.999422 
0.000002 -0.000001 1.000000 -0.024421 0.011414 0.999637 -0.035790 -0.072387 0.996734 0.000020 -0.000084 1.000000 -0.021626 -0.051550 0.998436 0.008699 -0.031831 0.999455 
-0.000000 0.000000 1.000000 -0.023126 0.010813 0.999674 -0.034632 -0.069989 0.996946 0.000023 -0.000095 1.000000 -0.020700 -0.049343 0.998567 0.008412 -0.030799 0.999490 
0.000000 -0.000000 1.000000 -0.021811 0.010202 0.999710 -0.033388 -0.067414 0.997166 0.000025 -0.000104 1.000000 -0.019746 -0.047071 0.998696 0.008102 -0.029683 0.999527 
0.000000 -0.000000 1.000000 -0.020427 0.009560 0.999746 -0.032084 -0.064719 0.997388 0.000026 -0.000110 1.000000 -0.018784 -0.044777 0.998820 0.007768 -0.028481 0.999564 
0.000000 -0.000000 1.000000 -0.018995 0.008895 0.999780 -0.030712 -0.061891 0.997610 0.000028 -0.000115 1.000000 -0.017785 -0.042395 0.998943 0.007417 -0.027214 0.999602 
0.000004 -0.000001 1.000000 -0.017505 0.008202 0.999813 -0.029267 -0.058920 0.997834 0.000029 -0.000121 1.000000 -0.016742 -0.039911 0.999063 0.007048 -0.025883 0.999640 
0.000002 -0.000001 1.000000 -0.015980 0.007492 0.999844 -0.027744 -0.055796 0.998057 0.000029 -0.000122 1.000000 -0.015653 -0.037314 0.999181 0.006662 -0.024484 0.999678 
0.000005 -0.000002 1.000000 -0.014146 0.006638 0.999878 -0.026257 -0.052741 0.998263 0.000032 -0.000135 1.000000 -0.014491 -0.034552 0.999298 0.006275 -0.023078 0.999714 
0.000010 -0.000004 1.000000 -0.012542 0.005890 0.999904 -0.024565 -0.049282 0.998483 0.000031 -0.000131 1.000000 -0.013301 -0.031715 0.999408 0.005853 -0.021543 0.999751 
0.000007 -0.000003 1.000000 -0.010474 0.004923 0.999933 -0.023001 -0.046093 0.998672 0.000028 -0.000117 1.000000 -0.012004 -0.028643 0.999518 0.005446 -0.020055 0.999784 
0.000019 -0.000007 1.000000 -0.008721 0.004103 0.999954 -0.021125 -0.042278 0.998883 0.000028 -0.000117 1.000000 -0.010699 -0.025531 0.999617 0.004983 -0.018364 0.999819 
0.000034 -0.000013 1.000000 -0.006991 0.003293 0.999970 -0.019136 -0.038246 0.999085 0.000026 -0.000109 1.000000 -0.009378 -0.022377 0.999706 0.004492 -0.016567 0.999853 
0.000051 -0.000020 1.000000 -0.005255 0.002477 0.999983 -0.017011 -0.033961 0.999278 0.000024 -0.000099 1.000000 -0.008000 -0.019088 0.999786 0.003973 -0.014666 0.999885 
0.000071 -0.000028 1.000000 -0.003475 0.001640 0.999993 -0.014773 -0.029461 0.999457 0.000021 -0.000088 1.000000 -0.006563 -0.015660 0.999856 0.003431 -0.012673 0.999914 
0.000091 -0.000036 1.000000 -0.002593 0.001225 0.999996 -0.012329 -0.024559 0.999622 0.000022 -0.000093 1.000000 -0.005040 -0.012025 0.999915 0.002938 -0.010858 0.999937 
0.000113 -0.000044 1.000000 -0.001351 0.000639 0.999999 -0.009847 -0.019595 0.999760 0.000051 -0.000213 1.000000 -0.003524 -0.008410 0.999958 0.002422 -0.008956 0.999957 
0.000136 -0.000053 1.000000 -0.000426 0.000202 1.000000 -0.007303 -0.014520 0.999868 0.000061 -0.000254 1.000000 -0.001980 -0.004723 0.999987 0.001911 -0.007068 0.999973 
0.000153 -0.000060 1.000000 -0.000278 0.000132 1.000000 -0.004715 -0.009369 0.999945 0.000045 -0.000190 1.000000 -0.000708 -0.001686 0.999998 0.001379 -0.005100 0.999986 
0.000146 -0.000057 1.000000 0.000331 -0.000157 1.000000 -0.002351 -0.004660 0.999986 0.000016 -0.000065 1.000000 -0.000395 -0.000938 0.999999 0.000635 -0.002349 0.999997 
0.000172 -0.000068 1.000000 0.000855 -0.000407 1.000000 -0.000226 -0.000446 1.000000 0.000018 -0.000077 1.000000 -0.000236 -0.000560 1.000000 -0.000026 0.000098 1.000000 
0.000366 -0.000144 1.000000 0.000791 -0.000376 1.000000 -0.000163 -0.000323 1.000000 -0.000014 0.000060 1.000000 -0.000205 -0.000487 1.000000 -0.000032 0.000119 1.000000 
0.002055 -0.000808 0.999998 0.000720 -0.000343 1.000000 -0.000165 -0.000326 1.000000 -0.000203 0.000845 1.000000 -0.000009 -0.000022 1.000000 0.000107 -0.000397 1.000000 
0.003748 -0.001474 0.999992 0.000658 -0.000314 1.000000 -0.000139 -0.000275 1.000000 -0.000513 0.002138 0.999998 -0.000018 -0.000042 1.000000 0.000085 -0.000315 1.000000 
0.005201 -0.002046 0.999984 0.000617 -0.000294 1.000000 -0.000118 -0.000234 1.000000 -0.000775 0.003229 0.999994 -0.000008 -0.000020 1.000000 0.000074 -0.000272 1.000000 
0.005841 -0.002298 0.999980 0.000611 -0.000291 1.000000 -0.000101 -0.000199 1.000000 -0.000891 0.003712 0.999993 -0.000006 -0.000015 1.000000 0.000063 -0.000235 1.000000 
0.005939 -0.002336 0.999980 0.000757 -0.000361 1.000000 -0.000088 -0.000174 1.000000 -0.000898 0.003741 0.999993 -0.000006 -0.000013 1.000000 0.000054 -0.000199 1.000000 
0.005924 -0.002330 0.999980 0.001078 -0.000513 0.999999 -0.000076 -0.000151 1.000000 -0.000863 0.003595 0.999993 -0.000014 -0.000034 1.000000 0.000045 -0.000167 1.000000 
0.005700 -0.002242 0.999981 0.001132 -0.000539 0.999999 -0.000069 -0.000137 1.000000 -0.000819 0.003413 0.999994 -0.000039 -0.000092 1.000000 0.000037 -0.000137 1.000000 
0.005393 -0.002121 0.999983 0.001364 -0.000651 0.999999 -0.000044 -0.000086 1.000000 -0.000751 0.003128 0.999995 -0.000067 -0.000158 1.000000 0.000014 -0.000050 1.000000 
0.005711 -0.002248 0.999981 0.001387 -0.000662 0.999999 -0.000072 -0.000142 1.000000 -0.000632 0.002629 0.999996 -0.000511 -0.001211 0.999999 0.000071 -0.000261 1.000000 
0.004995 -0.001967 0.999986 0.000923 -0.000441 0.999999 -0.000083 -0.000163 1.000000 -0.000592 0.002463 0.999997 -0.000392 -0.000928 0.999999 0.000075 -0.000275 1.000000 
0.007487 -0.002955 0.999968 0.001494 -0.000714 0.999999 -0.000214 -0.000422 1.000000 -0.000231 0.000961 1.000000 -0.002217 -0.005243 0.999984 0.000330 -0.001219 0.999999 
0.005886 -0.002326 0.999980 0.001420 -0.000679 0.999999 -0.000177 -0.000348 1.000000 0.000050 -0.000205 1.000000 -0.002245 -0.005303 0.999983 0.000326 -0.001202 0.999999 
0.005359 -0.002118 0.999983 0.001211 -0.000580 0.999999 -0.000155 -0.000306 1.000000 0.000038 -0.000157 1.000000 -0.002054 -0.004853 0.999986 0.000294 -0.001086 0.999999 
0.004874 -0.001926 0.999986 0.001106 -0.000530 0.999999 -0.000129 -0.000253 1.000000 0.000035 -0.000146 1.000000 -0.001882 -0.004444 0.999988 0.000261 -0.000963 1.000000 
0.004435 -0.001753 0.999989 0.001178 -0.000566 0.999999 -0.000157 -0.000308 1.000000 0.000039 -0.000161 1.000000 -0.001734 -0.004096 0.999990 0.000233 -0.000861 1.000000 
0.005319 -0.002103 0.999984 0.001243 -0.000597 0.999999 -0.000156 -0.000305 1.000000 0.000073 -0.000303 1.000000 -0.002180 -0.005146 0.999984 0.000287 -0.001060 0.999999 
0.007533 -0.002982 0.999967 0.001132 -0.000544 0.999999 -0.000428 -0.000839 1.000000 0.000104 -0.000431 1.000000 -0.003369 -0.007945 0.999963 0.000470 -0.001732 0.999998 
0.006759 -0.002676 0.999974 0.001078 -0.000518 0.999999 -0.000505 -0.000988 0.999999 0.000149 -0.000618 1.000000 -0.003339 -0.007872 0.999963 0.000429 -0.001582 0.999999 
0.007539 -0.002984 0.999967 0.001521 -0.000732 0.999999 -0.000619 -0.001211 0.999999 0.000143 -0.000593 1.000000 -0.003174 -0.007485 0.999967 0.000568 -0.002096 0.999998 
0.007015 -0.002777 0.999972 0.001439 -0.000692 0.999999 -0.000790 -0.001547 0.999998 0.000136 -0.000560 1.000000 -0.002992 -0.007055 0.999971 0.000585 -0.002157 0.999998 
0.006156 -0.002438 0.999978 0.001334 -0.000642 0.999999 -0.000909 -0.001779 0.999998 0.000237 -0.000980 0.999999 -0.003214 -0.007575 0.999966 0.000542 -0.001995 0.999998 
0.006202 -0.002457 0.999978 0.001200 -0.000577 0.999999 -0.000978 -0.001913 0.999998 0.000228 -0.000942 1.000000 -0.003223 -0.007594 0.999966 0.000573 -0.002111 0.999998 
0.005068 -0.002008 0.999985 0.001188 -0.000572 0.999999 -0.000993 -0.001943 0.999998 0.000330 -0.001359 0.999999 -0.003284 -0.007740 0.999965 0.000484 -0.001779 0.999998 
0.004614 -0.001828 0.999988 0.001198 -0.000577 0.999999 -0.000995 -0.001945 0.999998 0.000298 -0.001228 0.999999 -0.003008 -0.007087 0.999970 0.000451 -0.001657 0.999999 
0.004212 -0.001669 0.999990 0.001653 -0.000796 0.999998 -0.001281 -0.002504 0.999996 0.000177 -0.000727 1.000000 -0.002770 -0.006527 0.999975 0.000382 -0.001404 0.999999 
0.003443 -0.001364 0.999993 0.001506 -0.000725 0.999999 -0.000972 -0.001901 0.999998 0.000226 -0.000932 1.000000 -0.002651 -0.006248 0.999977 0.000257 -0.000945 1.000000 
0.003150 -0.001248 0.999994 0.002374 -0.001144 0.999997 -0.001125 -0.002198 0.999997 0.000168 -0.000691 1.000000 -0.002449 -0.005770 0.999980 0.000169 -0.000623 1.000000 
0.002889 -0.001145 0.999995 0.002306 -0.001111 0.999997 -0.001052 -0.002056 0.999997 0.000152 -0.000626 1.000000 -0.002275 -0.005360 0.999983 0.000141 -0.000518 1.000000 
0.002662 -0.001055 0.999996 0.002870 -0.001383 0.999995 -0.001290 -0.002519 0.999996 0.000109 -0.000449 1.000000 -0.002131 -0.005022 0.999985 0.000119 -0.000438 1.000000 
0.002456 -0.000973 0.999997 0.003209 -0.001547 0.999994 -0.001394 -0.002723 0.999995 0.000083 -0.000342 1.000000 -0.002003 -0.004720 0.999987 0.000093 -0.000343 1.000000 
0.003794 -0.001504 0.999992 0.002981 -0.001437 0.999995 -0.001271 -0.002481 0.999996 0.000096 -0.000397 1.000000 -0.002296 -0.005409 0.999983 0.000223 -0.000821 1.000000 
0.003488 -0.001383 0.999993 0.003005 -0.001449 0.999994 -0.001282 -0.002502 0.999996 0.000077 -0.000315 1.000000 -0.002145 -0.005052 0.999985 0.000196 -0.000720 1.000000 
0.003212 -0.001273 0.999994 0.002741 -0.001322 0.999995 -0.001161 -0.002266 0.999997 0.000071 -0.000290 1.000000 -0.002017 -0.004751 0.999987 0.000167 -0.000615 1.000000 
0.002612 -0.001035 0.999996 0.002677 -0.001291 0.999996 -0.001150 -0.002246 0.999997 0.000114 -0.000470 1.000000 -0.001942 -0.004575 0.999988 0.000136 -0.000498 1.000000 
0.002416 -0.000958 0.999997 0.002442 -0.001177 0.999996 -0.001045 -0.002041 0.999997 0.000104 -0.000428 1.000000 -0.001828 -0.004305 0.999989 0.000115 -0.000421 1.000000 
0.002235 -0.000886 0.999997 0.002225 -0.001073 0.999997 -0.000950 -0.001855 0.999998 0.000094 -0.000388 1.000000 -0.001715 -0.004041 0.999990 0.000097 -0.000356 1.000000 
0.002060 -0.000817 0.999998 0.002605 -0.001256 0.999996 -0.001112 -0.002170 0.999997 0.000064 -0.000262 1.000000 -0.001608 -0.003787 0.999992 0.000081 -0.000296 1.000000 
0.001792 -0.000710 0.999998 0.002458 -0.001186 0.999996 -0.001037 -0.002023 0.999997 0.000096 -0.000393 1.000000 -0.001652 -0.003890 0.999991 0.000050 -0.000182 1.000000 
0.001478 -0.000586 0.999999 0.002245 -0.001083 0.999997 -0.000940 -0.001834 0.999998 0.000107 -0.000437 1.000000 -0.001569 -0.003695 0.999992 0.000022 -0.000082 1.000000 
0.001379 -0.000547 0.999999 0.002050 -0.000989 0.999997 -0.000851 -0.001661 0.999998 0.000097 -0.000399 1.000000 -0.001478 -0.003481 0.999993 0.000012 -0.000045 1.000000 
0.001087 -0.000431 0.999999 0.002085 -0.001006 0.999997 -0.000908 -0.001772 0.999998 0.000119 -0.000487 1.000000 -0.001448 -0.003410 0.999993 0.000008 -0.000029 1.000000 
0.001023 -0.000406 0.999999 0.001911 -0.000922 0.999998 -0.000828 -0.001616 0.999998 0.000109 -0.000446 1.000000 -0.001373 -0.003234 0.999994 -0.000001 0.000002 1.000000 
0.000972 -0.000385 0.999999 0.002436 -0.001175 0.999996 -0.000936 -0.001827 0.999998 0.000081 -0.000332 1.000000 -0.001307 -0.003078 0.999994 -0.000036 0.000132 1.000000 
0.000921 -0.000365 1.000000 0.002317 -0.001118 0.999997 -0.000898 -0.001751 0.999998 0.000073 -0.000301 1.000000 -0.001240 -0.002921 0.999995 -0.000035 0.000129 1.000000 
0.000866 -0.000344 1.000000 0.002243 -0.001083 0.999997 -0.000877 -0.001711 0.999998 0.000064 -0.000263 1.000000 -0.001171 -0.002756 0.999996 -0.000034 0.000126 1.000000 
0.002422 -0.000960 0.999997 0.002286 -0.001104 0.999997 -0.000821 -0.001602 0.999998 0.000067 -0.000274 1.000000 -0.001493 -0.003514 0.999993 0.000106 -0.000389 1.000000 
0.002234 -0.000886 0.999997 0.002379 -0.001149 0.999997 -0.000719 -0.001401 0.999999 0.000086 -0.000350 1.000000 -0.001407 -0.003314 0.999994 0.000073 -0.000268 1.000000 
0.002080 -0.000825 0.999997 0.002174 -0.001050 0.999997 -0.000653 -0.001273 0.999999 0.000078 -0.000319 1.000000 -0.001348 -0.003174 0.999994 0.000057 -0.000209 1.000000 
0.001926 -0.000764 0.999998 0.002235 -0.001080 0.999997 -0.000809 -0.001577 0.999998 0.000040 -0.000165 1.000000 -0.001279 -0.003012 0.999995 0.000059 -0.000215 1.000000 
0.001787 -0.000709 0.999998 0.002050 -0.000990 0.999997 -0.000732 -0.001428 0.999999 0.000037 -0.000152 1.000000 -0.001215 -0.002860 0.999995 0.000045 -0.000164 1.000000 
0.001497 -0.000594 0.999999 0.001972 -0.000953 0.999998 -0.000705 -0.001374 0.999999 0.000067 -0.000274 1.000000 -0.001189 -0.002798 0.999995 0.000032 -0.000118 1.000000 
0.002055 -0.000815 0.999998 0.001865 -0.000901 0.999998 -0.000661 -0.001287 0.999999 0.000182 -0.000745 1.000000 -0.002126 -0.005004 0.999985 -0.000001 0.000003 1.000000 
0.003157 -0.001254 0.999994 0.002755 -0.001332 0.999995 -0.001079 -0.002101 0.999997 0.000053 -0.000218 1.000000 -0.001883 -0.004429 0.999988 0.000148 -0.000543 1.000000 
0.003772 -0.001498 0.999992 0.002664 -0.001288 0.999996 -0.001028 -0.002002 0.999997 0.000062 -0.000256 1.000000 -0.002128 -0.005002 0.999985 0.000186 -0.000683 1.000000 
0.003439 -0.001366 0.999993 0.002438 -0.001179 0.999996 -0.000944 -0.001839 0.999998 0.000058 -0.000238 1.000000 -0.001963 -0.004615 0.999987 0.000167 -0.000611 1.000000 
0.002771 -0.001101 0.999996 0.002355 -0.001139 0.999997 -0.000833 -0.001622 0.999998 0.000135 -0.000551 1.000000 -0.002004 -0.004711 0.999987 0.000098 -0.000359 1.000000 
0.002541 -0.001010 0.999996 0.002200 -0.001064 0.999997 -0.000754 -0.001468 0.999999 0.000127 -0.000520 1.000000 -0.001857 -0.004364 0.999989 0.000082 -0.000299 1.000000 
0.002343 -0.000931 0.999997 0.002022 -0.000978 0.999997 -0.000687 -0.001337 0.999999 0.000117 -0.000476 1.000000 -0.001740 -0.004090 0.999990 0.000066 -0.000243 1.000000 
0.002166 -0.000861 0.999997 0.002011 -0.000973 0.999998 -0.000628 -0.001223 0.999999 0.000117 -0.000479 1.000000 -0.001636 -0.003844 0.999991 0.000047 -0.000173 1.000000 
0.001999 -0.000794 0.999998 0.001961 -0.000949 0.999998 -0.000620 -0.001207 0.999999 0.000226 -0.000920 1.000000 -0.002305 -0.005419 0.999983 -0.000034 0.000126 1.000000 
0.003707 -0.001474 0.999992 0.001915 -0.000927 0.999998 -0.000626 -0.001219 0.999999 0.000167 -0.000681 1.000000 -0.002342 -0.005499 0.999982 0.000170 -0.000622 1.000000 
0.003871 -0.001540 0.999991 0.001874 -0.000907 0.999998 -0.000566 -0.001101 0.999999 0.000172 -0.000700 1.000000 -0.002378 -0.005582 0.999982 0.000176 -0.000645 1.000000 
0.003372 -0.001342 0.999993 0.001914 -0.000927 0.999998 -0.000633 -0.001231 0.999999 0.000241 -0.000983 0.999999 -0.002559 -0.006007 0.999979 0.000137 -0.000500 1.000000 
0.003088 -0.001229 0.999994 0.001760 -0.000852 0.999998 -0.000581 -0.001130 0.999999 0.000220 -0.000899 1.000000 -0.002362 -0.005544 0.999982 0.000120 -0.000441 1.000000 
0.003742 -0.001490 0.999992 0.002926 -0.001418 0.999995 -0.000965 -0.001875 0.999998 0.000196 -0.000800 1.000000 -0.002564 -0.006014 0.999979 0.000154 -0.000562 1.000000 
0.003418 -0.001361 0.999993 0.002693 -0.001305 0.999996 -0.000890 -0.001729 0.999998 0.000181 -0.000737 1.000000 -0.002360 -0.005537 0.999982 0.000138 -0.000505 1.000000 
0.002610 -0.001040 0.999996 0.002508 -0.001215 0.999996 -0.000821 -0.001596 0.999998 0.000334 -0.001358 0.999999 -0.002809 -0.006586 0.999974 0.000044 -0.000162 1.000000 
0.002393 -0.000953 0.999997 0.002301 -0.001115 0.999997 -0.000751 -0.001459 0.999999 0.000304 -0.001237 0.999999 -0.002577 -0.006044 0.999978 0.000038 -0.000137 1.000000 
0.002586 -0.001030 0.999996 0.002125 -0.001030 0.999997 -0.000694 -0.001348 0.999999 0.000285 -0.001159 0.999999 -0.002552 -0.005983 0.999979 0.000056 -0.000204 1.000000 
0.002374 -0.000946 0.999997 0.002963 -0.001437 0.999995 -0.000963 -0.001870 0.999998 0.000246 -0.001002 0.999999 -0.002353 -0.005516 0.999982 0.000035 -0.000128 1.000000 
0.002185 -0.000871 0.999997 0.002711 -0.001315 0.999995 -0.000876 -0.001701 0.999998 0.000225 -0.000914 1.000000 -0.002176 -0.005102 0.999985 0.000027 -0.000098 1.000000 
0.002011 -0.000801 0.999998 0.002666 -0.001293 0.999996 -0.000918 -0.001781 0.999998 0.000198 -0.000807 1.000000 -0.002013 -0.004719 0.999987 0.000032 -0.000116 1.000000 
0.003181 -0.001268 0.999994 0.003168 -0.001536 0.999994 -0.000604 -0.001173 0.999999 0.000243 -0.000988 0.999999 -0.002167 -0.005081 0.999985 0.000066 -0.000241 1.000000 
0.002980 -0.001187 0.999995 0.002880 -0.001397 0.999995 -0.000628 -0.001219 0.999999 0.000206 -0.000837 1.000000 -0.002048 -0.004802 0.999986 0.000066 -0.000243 1.000000 
0.003102 -0.001236 0.999994 0.002440 -0.001184 0.999996 -0.000765 -0.001484 0.999999 0.000175 -0.000710 1.000000 -0.002219 -0.005202 0.999984 0.000104 -0.000381 1.000000 
0.002839 -0.001131 0.999995 0.002239 -0.001087 0.999997 -0.000701 -0.001360 0.999999 0.000161 -0.000654 1.000000 -0.002054 -0.004814 0.999986 0.000091 -0.000331 1.000000 
0.002599 -0.001036 0.999996 0.002184 -0.001060 0.999997 -0.000623 -0.001209 0.999999 0.000159 -0.000646 1.000000 -0.001902 -0.004457 0.999988 0.000069 -0.000253 1.000000 
0.002389 -0.000952 0.999997 0.002008 -0.000975 0.999998 -0.000571 -0.001107 0.999999 0.000147 -0.000596 1.000000 -0.001778 -0.004168 0.999990 0.000057 -0.000207 1.000000 
0.002200 -0.000877 0.999997 0.001846 -0.000896 0.999998 -0.000522 -0.001013 0.999999 0.000135 -0.000550 1.000000 -0.001667 -0.003907 0.999991 0.000045 -0.000164 1.000000 
0.003268 -0.001302 0.999994 0.001849 -0.000898 0.999998 -0.000901 -0.001746 0.999998 0.000063 -0.000254 1.000000 -0.001901 -0.004455 0.999988 0.000204 -0.000747 1.000000 
0.004517 -0.001801 0.999988 0.001753 -0.000852 0.999998 -0.000833 -0.001615 0.999998 0.000083 -0.000338 1.000000 -0.002438 -0.005710 0.999981 0.000277 -0.001012 0.999999 
0.004118 -0.001642 0.999990 0.001629 -0.000791 0.999998 -0.000766 -0.001484 0.999999 0.000079 -0.000321 1.000000 -0.002251 -0.005272 0.999984 0.000248 -0.000905 1.000000 
0.004948 -0.001975 0.999986 0.001539 -0.000748 0.999999 -0.000704 -0.001365 0.999999 0.000099 -0.000402 1.000000 -0.002613 -0.006115 0.999978 0.000298 -0.001089 0.999999 
0.003977 -0.001587 0.999991 0.002275 -0.001106 0.999997 -0.001030 -0.001996 0.999997 0.000160 -0.000651 1.000000 -0.002669 -0.006245 0.999977 0.000219 -0.000799 1.000000 
0.003625 -0.001447 0.999992 0.002264 -0.001101 0.999997 -0.000942 -0.001824 0.999998 0.000160 -0.000648 1.000000 -0.002448 -0.005727 0.999981 0.000190 -0.000692 1.000000 
0.003310 -0.001321 0.999994 0.002183 -0.001062 0.999997 -0.000861 -0.001667 0.999998 0.000154 -0.000624 1.000000 -0.002254 -0.005275 0.999984 0.000164 -0.000601 1.000000 
0.003940 -0.001573 0.999991 0.002468 -0.001201 0.999996 -0.000939 -0.001818 0.999998 0.000247 -0.001002 0.999999 -0.002675 -0.006255 0.999977 0.000240 -0.000875 1.000000 
0.003593 -0.001435 0.999993 0.002288 -0.001113 0.999997 -0.000861 -0.001667 0.999998 0.000228 -0.000924 1.000000 -0.002457 -0.005745 0.999980 0.000215 -0.000783 1.000000 
0.003286 -0.001312 0.999994 0.002115 -0.001029 0.999997 -0.000787 -0.001523 0.999999 0.000209 -0.000849 1.000000 -0.002266 -0.005300 0.999983 0.000190 -0.000694 1.000000 
0.003008 -0.001201 0.999995 0.003545 -0.001725 0.999992 -0.000997 -0.001930 0.999998 0.000210 -0.000852 1.000000 -0.002096 -0.004901 0.999986 0.000110 -0.000401 1.000000 
0.002757 -0.001101 0.999996 0.003601 -0.001753 0.999992 -0.000868 -0.001679 0.999998 0.000224 -0.000906 1.000000 -0.001945 -0.004548 0.999988 0.000073 -0.000267 1.000000 
0.002254 -0.000900 0.999997 0.003330 -0.001621 0.999993 -0.000790 -0.001528 0.999999 0.000259 -0.001045 0.999999 -0.001962 -0.004588 0.999988 0.000026 -0.000096 1.000000 
0.002078 -0.000830 0.999997 0.003048 -0.001484 0.999994 -0.000724 -0.001400 0.999999 0.000236 -0.000955 1.000000 -0.001826 -0.004269 0.999989 0.000019 -0.000071 1.000000 
0.002883 -0.001152 0.999995 0.003460 -0.001685 0.999993 -0.001060 -0.002050 0.999997 0.000219 -0.000884 1.000000 -0.002128 -0.004975 0.999985 0.000119 -0.000432 1.000000 
0.002643 -0.001056 0.999996 0.003170 -0.001544 0.999994 -0.000970 -0.001876 0.999998 0.000201 -0.000812 1.000000 -0.001970 -0.004605 0.999987 0.000104 -0.000380 1.000000 
0.002424 -0.000969 0.999997 0.003023 -0.001473 0.999994 -0.000960 -0.001855 0.999998 0.000181 -0.000729 1.000000 -0.001827 -0.004270 0.999989 0.000098 -0.000355 1.000000 
0.002228 -0.000891 0.999997 0.003227 -0.001572 0.999994 -0.000909 -0.001757 0.999998 0.000192 -0.000775 1.000000 -0.001700 -0.003973 0.999991 0.000071 -0.000259 1.000000 
0.001728 -0.000690 0.999998 0.004723 -0.002302 0.999986 -0.000817 -0.001578 0.999998 0.000340 -0.001369 0.999999 -0.001649 -0.003854 0.999991 -0.000043 0.000155 1.000000 
0.001597 -0.000638 0.999999 0.004285 -0.002089 0.999989 -0.001181 -0.002282 0.999997 0.000204 -0.000821 1.000000 -0.001548 -0.003619 0.999992 -0.000002 0.000008 1.000000 
0.001487 -0.000594 0.999999 0.004046 -0.001973 0.999990 -0.001038 -0.002005 0.999997 0.000201 -0.000809 1.000000 -0.001466 -0.003426 0.999993 -0.000022 0.000081 1.000000 
0.001374 -0.000549 0.999999 0.004019 -0.001961 0.999990 -0.000902 -0.001741 0.999998 0.000212 -0.000851 1.000000 -0.001370 -0.003201 0.999994 -0.000047 0.000173 1.000000 
0.001280 -0.000512 0.999999 0.003668 -0.001789 0.999992 -0.000823 -0.001589 0.999998 0.000193 -0.000777 1.000000 -0.001296 -0.003029 0.999995 -0.000050 0.000180 1.000000 
0.001194 -0.000477 0.999999 0.003350 -0.001634 0.999993 -0.000752 -0.001452 0.999999 0.000177 -0.000710 1.000000 -0.001227 -0.002869 0.999995 -0.000051 0.000187 1.000000 
0.001111 -0.000444 0.999999 0.003067 -0.001496 0.999994 -0.000689 -0.001330 0.999999 0.000162 -0.000651 1.000000 -0.001159 -0.002708 0.999996 -0.000052 0.000189 1.000000 
0.001042 -0.000416 0.999999 0.002811 -0.001371 0.999995 -0.000631 -0.001218 0.999999 0.000149 -0.000598 1.000000 -0.001104 -0.002580 0.999996 -0.000053 0.000194 1.000000 
0.000983 -0.000393 0.999999 0.002578 -0.001257 0.999996 -0.000580 -0.001120 0.999999 0.000137 -0.000550 1.000000 -0.001058 -0.002473 0.999996 -0.000054 0.000198 1.000000 
0.001687 -0.000674 0.999998 0.002480 -0.001210 0.999996 -0.000589 -0.001137 0.999999 0.000138 -0.000553 1.000000 -0.001327 -0.003101 0.999994 0.000004 -0.000013 1.000000 
0.001561 -0.000624 0.999999 0.002277 -0.001111 0.999997 -0.000540 -0.001043 0.999999 0.000127 -0.000511 1.000000 -0.001252 -0.002926 0.999995 -0.000002 0.000007 1.000000 
0.001452 -0.000581 0.999999 0.002170 -0.001058 0.999997 -0.000488 -0.000941 0.999999 0.000124 -0.000500 1.000000 -0.001195 -0.002792 0.999995 -0.000013 0.000047 1.000000 
0.001347 -0.000538 0.999999 0.002043 -0.000996 0.999997 -0.000477 -0.000921 0.999999 0.000113 -0.000454 1.000000 -0.001133 -0.002647 0.999996 -0.000015 0.000056 1.000000 
