-0.000449 -0.001858 0.999998 0.001855 -0.000457 0.999998 0.001846 -0.000443 0.999998 -0.000479 -0.001806 0.999998 
-0.000329 -0.001360 0.999999 0.002259 -0.000556 0.999997 0.002254 -0.000541 0.999997 -0.000346 -0.001302 0.999999 
-0.000262 -0.001082 0.999999 0.002937 -0.000723 0.999995 0.002935 -0.000704 0.999995 -0.000268 -0.001011 0.999999 
0.000617 0.002553 0.999997 0.006226 -0.001532 0.999979 0.006251 -0.001498 0.999979 0.000710 0.002677 0.999996 
0.000545 0.002256 0.999997 0.007464 -0.001837 0.999970 0.007489 -0.001794 0.999970 0.000639 0.002408 0.999997 
0.000455 0.001880 0.999998 0.009360 -0.002307 0.999954 0.009386 -0.002252 0.999953 0.000551 0.002076 0.999998 
0.000418 0.001728 0.999998 0.008542 -0.002104 0.999961 0.008566 -0.002054 0.999961 0.000506 0.001907 0.999998 
0.001306 0.005398 0.999985 0.011783 -0.002907 0.999926 0.011834 -0.002842 0.999926 0.001495 0.005628 0.999983 
0.001756 0.007255 0.999972 0.008609 -0.002124 0.999961 0.008667 -0.002082 0.999960 0.001968 0.007404 0.999971 
0.002556 0.010572 0.999941 0.010066 -0.002481 0.999946 0.010146 -0.002435 0.999946 0.002850 0.010734 0.999938 
0.002316 0.009579 0.999951 0.009054 -0.002232 0.999957 0.009127 -0.002190 0.999956 0.002582 0.009724 0.999949 
0.002470 0.010195 0.999945 0.008103 -0.002002 0.999965 0.008178 -0.001967 0.999965 0.002744 0.010316 0.999943 
0.003021 0.012471 0.999918 0.007327 -0.001810 0.999972 0.007414 -0.001783 0.999971 0.003342 0.012561 0.999916 
0.003211 0.013254 0.999907 0.006625 -0.001636 0.999977 0.006716 -0.001615 0.999976 0.003545 0.013325 0.999905 
0.003442 0.014206 0.999893 0.005990 -0.001480 0.999981 0.006086 -0.001464 0.999980 0.003793 0.014257 0.999891 
0.004171 0.017214 0.999843 0.005409 -0.001336 0.999984 0.005522 -0.001328 0.999984 0.004585 0.017234 0.999841 
0.005675 0.023424 0.999710 0.004864 -0.001201 0.999987 0.005014 -0.001206 0.999987 0.006224 0.023396 0.999707 
0.004551 0.017999 0.999828 0.005936 -0.001529 0.999981 0.006055 -0.001520 0.999981 0.004987 0.018022 0.999825 
0.004830 0.018361 0.999820 0.005295 -0.001418 0.999985 0.005416 -0.001415 0.999984 0.005271 0.018364 0.999817 
0.007125 0.027090 0.999608 0.004741 -0.001270 0.999988 0.004915 -0.001284 0.999987 0.007757 0.027025 0.999605 
0.009130 0.035108 0.999342 0.004261 -0.001129 0.999990 0.004483 -0.001158 0.999989 0.009937 0.034985 0.999338 
0.007199 0.027681 0.999591 0.003832 -0.001015 0.999992 0.004008 -0.001035 0.999991 0.007838 0.027594 0.999588 
0.031004 0.038001 0.998797 0.004243 -0.001221 0.999990 0.003555 -0.015193 0.999878 -0.005428 0.004212 0.999976 0.008380 0.026696 0.999608 0.000520 -0.002198 0.999997 
0.003202 0.003866 0.999987 0.002997 -0.000924 0.999995 -0.001977 0.008259 0.999964 -0.004543 0.003582 0.999983 0.007928 0.023690 0.999688 0.000476 -0.001972 0.999998 
0.001539 0.001833 0.999997 0.000770 -0.000244 1.000000 -0.001933 0.008124 0.999965 -0.001829 0.001462 0.999997 0.007086 0.020646 0.999762 -0.000026 0.000108 1.000000 
0.001333 0.001582 0.999998 -0.001897 0.000607 0.999998 -0.001531 0.006464 0.999978 -0.001338 0.001073 0.999999 0.005745 0.016561 0.999846 -0.000391 0.001638 0.999999 
0.000997 0.001180 0.999999 -0.001365 0.000440 0.999999 -0.001067 0.004519 0.999989 -0.001057 0.000851 0.999999 0.004006 0.011477 0.999926 -0.000287 0.001203 0.999999 
0.000688 0.000813 0.999999 -0.000272 0.000088 1.000000 -0.000431 0.001826 0.999998 -0.000381 0.000307 1.000000 0.001697 0.004854 0.999987 -0.000121 0.000508 1.000000 
0.000227 0.000268 1.000000 0.000009 -0.000003 1.000000 -0.000033 0.000138 1.000000 -0.000169 0.000137 1.000000 0.000014 0.000039 1.000000 -0.000055 0.000230 1.000000 
-0.002901 -0.003424 0.999990 0.000013 -0.000004 1.000000 -0.000003 0.000014 1.000000 0.000057 -0.000046 1.000000 -0.000010 -0.000030 1.000000 0.000582 -0.002446 0.999997 
-0.007471 -0.008812 0.999933 0.001071 -0.000346 0.999999 0.000128 -0.000542 1.000000 0.000908 -0.000733 0.999999 -0.000444 -0.001271 0.999999 0.001583 -0.006666 0.999977 
-0.012230 -0.014394 0.999822 0.001146 -0.000370 0.999999 0.000648 -0.002761 0.999996 0.002145 -0.001736 0.999996 -0.002388 -0.006835 0.999974 0.002431 -0.010275 0.999944 
-0.017318 -0.020397 0.999642 0.001070 -0.000345 0.999999 0.000738 -0.003161 0.999995 0.003110 -0.002513 0.999992 -0.002825 -0.008087 0.999963 0.003316 -0.014084 0.999895 
-0.022867 -0.026894 0.999377 0.000971 -0.000313 0.999999 0.000691 -0.003029 0.999995 0.002921 -0.002364 0.999993 -0.003887 -0.011129 0.999931 0.004062 -0.017631 0.999836 
-0.028572 -0.033525 0.999029 0.000877 -0.000283 1.000000 0.000549 -0.002498 0.999997 0.001813 -0.001471 0.999997 -0.005265 -0.015073 0.999873 0.004682 -0.021039 0.999768 
-0.033749 -0.039592 0.998646 0.000798 -0.000257 1.000000 0.000450 -0.002119 0.999998 0.000686 -0.000556 1.000000 -0.006670 -0.019097 0.999795 0.005206 -0.024156 0.999695 
-0.038170 -0.044776 0.998268 0.000727 -0.000235 1.000000 0.000368 -0.001780 0.999998 -0.000300 0.000243 1.000000 -0.007934 -0.022716 0.999710 0.005632 -0.026748 0.999626 
-0.041711 -0.048932 0.997931 0.000651 -0.000210 1.000000 0.000305 -0.001499 0.999999 -0.001057 0.000858 0.999999 -0.008966 -0.025686 0.999630 0.005963 -0.028763 0.999568 
-0.044108 -0.051787 0.997684 0.000575 -0.000185 1.000000 0.000290 -0.001432 0.999999 -0.001196 0.000970 0.999999 -0.009845 -0.028204 0.999554 0.006165 -0.029864 0.999535 
-0.045950 -0.054093 0.997478 0.000481 -0.000155 1.000000 0.000269 -0.001331 0.999999 -0.001306 0.001056 0.999999 -0.010321 -0.029603 0.999508 0.006379 -0.030871 0.999503 
-0.047299 -0.055765 0.997323 0.000416 -0.000134 1.000000 0.000252 -0.001243 0.999999 -0.001675 0.001353 0.999998 -0.010775 -0.030907 0.999464 0.006539 -0.031616 0.999479 
-0.048176 -0.056843 0.997220 0.000355 -0.000114 1.000000 0.000224 -0.001107 0.999999 -0.002364 0.001908 0.999995 -0.011059 -0.031722 0.999436 0.006670 -0.032231 0.999458 
-0.048680 -0.057483 0.997159 0.000297 -0.000096 1.000000 0.000193 -0.000955 1.000000 -0.003198 0.002580 0.999992 -0.011191 -0.032101 0.999422 0.006780 -0.032742 0.999441 
-0.048858 -0.057724 0.997136 0.000243 -0.000078 1.000000 0.000161 -0.000793 1.000000 -0.004103 0.003308 0.999986 -0.011194 -0.032110 0.999422 0.006863 -0.033129 0.999428 
-0.048778 -0.057653 0.997144 0.000191 -0.000061 1.000000 0.000133 -0.000658 1.000000 -0.004814 0.003882 0.999981 -0.011105 -0.031857 0.999431 0.006906 -0.033330 0.999421 
-0.049243 -0.058171 0.997091 0.000143 -0.000046 1.000000 0.000013 -0.000064 1.000000 -0.005381 0.004341 0.999976 -0.010897 -0.031290 0.999451 0.006937 -0.033591 0.999412 
-0.049111 -0.057992 0.997108 0.000099 -0.000032 1.000000 -0.000040 0.000198 1.000000 -0.005302 0.004279 0.999977 -0.010629 -0.030538 0.999477 0.006892 -0.033428 0.999417 
-0.048760 -0.057554 0.997151 0.000059 -0.000019 1.000000 -0.000097 0.000482 1.000000 -0.005380 0.004344 0.999976 -0.010297 -0.029608 0.999509 0.006831 -0.033199 0.999425 
-0.047941 -0.056590 0.997246 0.000024 -0.000008 1.000000 -0.000094 0.000469 1.000000 -0.005331 0.004304 0.999977 -0.009946 -0.028611 0.999541 0.006751 -0.032832 0.999438 
-0.047116 -0.055621 0.997340 0.000003 -0.000001 1.000000 -0.000081 0.000405 1.000000 -0.005266 0.004251 0.999977 -0.009578 -0.027553 0.999574 0.006689 -0.032537 0.999448 
-0.046237 -0.054560 0.997439 -0.000286 0.000092 1.000000 -0.000016 0.000080 1.000000 -0.004921 0.003974 0.999980 -0.009318 -0.026806 0.999597 0.006581 -0.032024 0.999465 
-0.045192 -0.053289 0.997556 -0.000174 0.000056 1.000000 -0.000013 0.000066 1.000000 -0.004726 0.003819 0.999982 -0.008866 -0.025507 0.999635 0.006487 -0.031587 0.999480 
-0.044062 -0.051940 0.997678 -0.000071 0.000023 1.000000 -0.000007 0.000036 1.000000 -0.004458 0.003603 0.999984 -0.008372 -0.024087 0.999675 0.006385 -0.031104 0.999496 
-0.042732 -0.050323 0.997818 0.000001 -0.000000 1.000000 -0.000001 0.000006 1.000000 -0.004187 0.003388 0.999985 -0.007842 -0.022562 0.999715 0.006247 -0.030462 0.999516 
-0.041304 -0.048607 0.997964 0.000003 -0.000001 1.000000 0.000008 -0.000039 1.000000 -0.003851 0.003117 0.999988 -0.007277 -0.020935 0.999754 0.006089 -0.029722 0.999540 
-0.039784 -0.046795 0.998112 0.000000 -0.000000 1.000000 0.000016 -0.000080 1.000000 -0.003531 0.002859 0.999990 -0.006676 -0.019205 0.999793 0.005925 -0.028942 0.999564 
-0.038128 -0.044827 0.998267 0.000004 -0.000001 1.000000 0.000022 -0.000110 1.000000 -0.003238 0.002624 0.999991 -0.006042 -0.017383 0.999831 0.005746 -0.028090 0.999589 
-0.036338 -0.042697 0.998427 0.000006 -0.000002 1.000000 0.000027 -0.000134 1.000000 -0.002965 0.002404 0.999993 -0.005378 -0.015472 0.999866 0.005550 -0.027155 0.999616 
-0.034436 -0.040430 0.998589 0.000011 -0.000003 1.000000 0.000031 -0.000155 1.000000 -0.002689 0.002182 0.999994 -0.004685 -0.013477 0.999898 0.005339 -0.026150 0.999644 
-0.032490 -0.038118 0.998745 0.000018 -0.000006 1.000000 0.000035 -0.000175 1.000000 -0.002368 0.001923 0.999995 -0.003964 -0.011404 0.999927 0.005124 -0.025116 0.999671 
-0.030454 -0.035701 0.998898 0.000027 -0.000009 1.000000 0.000038 -0.000192 1.000000 -0.002033 0.001652 0.999997 -0.003219 -0.009262 0.999952 0.004896 -0.024022 0.999699 
-0.028378 -0.033251 0.999044 0.000038 -0.000012 1.000000 0.000043 -0.000214 1.000000 -0.001578 0.001283 0.999998 -0.002451 -0.007053 0.999972 0.004659 -0.022870 0.999728 
-0.026195 -0.030665 0.999186 0.000051 -0.000017 1.000000 0.000045 -0.000224 1.000000 -0.001308 0.001064 0.999999 -0.001701 -0.004895 0.999987 0.004413 -0.021683 0.999755 
-0.024027 -0.028114 0.999316 0.000062 -0.000020 1.000000 0.000048 -0.000238 1.000000 -0.001048 0.000853 0.999999 -0.001026 -0.002951 0.999995 0.004158 -0.020439 0.999782 
-0.021931 -0.025636 0.999431 0.000043 -0.000014 1.000000 0.000062 -0.000309 1.000000 -0.000739 0.000602 1.000000 -0.000900 -0.002590 0.999996 0.003795 -0.018668 0.999819 
-0.019952 -0.023299 0.999529 0.000057 -0.000018 1.000000 0.000092 -0.000460 1.000000 -0.000108 0.000088 1.000000 -0.000799 -0.002298 0.999997 0.003440 -0.016917 0.999851 
-0.018122 -0.021159 0.999612 0.000091 -0.000029 1.000000 0.000086 -0.000429 1.000000 -0.000021 0.000017 1.000000 -0.000667 -0.001919 0.999998 0.003137 -0.015426 0.999876 
-0.016310 -0.019031 0.999686 0.000176 -0.000056 1.000000 0.000068 -0.000337 1.000000 0.000181 -0.000148 1.000000 -0.000409 -0.001176 0.999999 0.002847 -0.014002 0.999898 
-0.014672 -0.017105 0.999746 0.000207 -0.000066 1.000000 0.000044 -0.000217 1.000000 0.000657 -0.000537 1.000000 -0.000295 -0.000849 1.000000 0.002516 -0.012385 0.999920 
-0.013049 -0.015198 0.999799 0.000203 -0.000065 1.000000 0.000032 -0.000159 1.000000 0.000889 -0.000727 0.999999 -0.000263 -0.000757 1.000000 0.002202 -0.010845 0.999939 
-0.011387 -0.013244 0.999847 0.001725 -0.000554 0.999998 0.000043 -0.000215 1.000000 0.000967 -0.000792 0.999999 -0.000472 -0.001358 0.999999 0.002047 -0.010097 0.999947 
-0.009983 -0.011594 0.999883 0.001566 -0.000502 0.999999 0.000040 -0.000198 1.000000 0.000905 -0.000742 0.999999 -0.000426 -0.001226 0.999999 0.001791 -0.008849 0.999959 
-0.008716 -0.010105 0.999911 0.001422 -0.000456 0.999999 0.000038 -0.000190 1.000000 0.000961 -0.000790 0.999999 -0.000382 -0.001098 0.999999 0.001552 -0.007679 0.999969 
-0.007526 -0.008709 0.999934 0.002177 -0.000698 0.999997 0.000077 -0.000387 1.000000 0.001747 -0.001438 0.999997 -0.000459 -0.001319 0.999999 0.001382 -0.006832 0.999976 
-0.006684 -0.007726 0.999948 0.002195 -0.000704 0.999997 0.000081 -0.000406 1.000000 0.001891 -0.001558 0.999997 -0.000187 -0.000537 1.000000 0.001287 -0.006363 0.999979 
-0.005938 -0.006857 0.999959 0.003291 -0.001056 0.999994 0.000079 -0.000398 1.000000 0.002204 -0.001817 0.999996 0.000053 0.000151 1.000000 0.001308 -0.006475 0.999978 
-0.005258 -0.006068 0.999968 0.002995 -0.000961 0.999995 0.000119 -0.000597 1.000000 0.002601 -0.002146 0.999994 0.000047 0.000134 1.000000 0.001157 -0.005713 0.999983 
-0.004855 -0.005601 0.999973 0.004200 -0.001348 0.999990 0.000141 -0.000705 1.000000 0.002452 -0.002024 0.999995 0.000206 0.000593 1.000000 0.001300 -0.006427 0.999979 
-0.004635 -0.005345 0.999975 0.003832 -0.001230 0.999992 0.000128 -0.000638 1.000000 0.002236 -0.001846 0.999996 0.000186 0.000535 1.000000 0.001220 -0.006033 0.999981 
-0.004539 -0.005234 0.999976 0.003496 -0.001122 0.999993 0.000134 -0.000671 1.000000 0.002262 -0.001868 0.999996 0.000167 0.000480 1.000000 0.001164 -0.005751 0.999983 
-0.004534 -0.005227 0.999976 0.005776 -0.001853 0.999982 0.000134 -0.000668 1.000000 0.002161 -0.001786 0.999996 -0.000026 -0.000075 1.000000 0.001401 -0.006929 0.999975 
-0.004565 -0.005262 0.999976 0.005327 -0.001709 0.999984 0.000131 -0.000655 1.000000 0.002090 -0.001727 0.999996 -0.000045 -0.000129 1.000000 0.001354 -0.006689 0.999977 
-0.004664 -0.005376 0.999975 0.004849 -0.001556 0.999987 0.000118 -0.000592 1.000000 0.001885 -0.001558 0.999997 -0.000057 -0.000165 1.000000 0.001318 -0.006512 0.999978 
-0.004828 -0.005565 0.999973 0.005523 -0.001773 0.999983 0.000155 -0.000774 1.000000 0.001793 -0.001481 0.999997 0.000042 0.000120 1.000000 0.001493 -0.007379 0.999972 
-0.004986 -0.005748 0.999971 0.005115 -0.001642 0.999986 0.000132 -0.000662 1.000000 0.001586 -0.001310 0.999998 0.000018 0.000051 1.000000 0.001464 -0.007235 0.999973 
-0.005196 -0.005990 0.999969 0.004659 -0.001495 0.999988 0.000111 -0.000556 1.000000 0.001317 -0.001088 0.999999 -0.000007 -0.000020 1.000000 0.001445 -0.007143 0.999973 
-0.005412 -0.006239 0.999966 0.004249 -0.001364 0.999990 0.000100 -0.000500 1.000000 0.001221 -0.001009 0.999999 -0.000027 -0.000079 1.000000 0.001428 -0.007053 0.999974 
-0.005636 -0.006496 0.999963 0.003885 -0.001247 0.999992 0.000093 -0.000462 1.000000 0.001096 -0.000905 0.999999 -0.000050 -0.000144 1.000000 0.001423 -0.007026 0.999974 
-0.005867 -0.006764 0.999960 0.003554 -0.001141 0.999993 0.000095 -0.000476 1.000000 0.001202 -0.000993 0.999999 -0.000072 -0.000206 1.000000 0.001413 -0.006968 0.999975 
-0.006064 -0.006992 0.999957 0.003251 -0.001044 0.999994 0.000101 -0.000504 1.000000 0.001246 -0.001030 0.999999 -0.000089 -0.000255 1.000000 0.001410 -0.006946 0.999975 
-0.006276 -0.007237 0.999954 0.002965 -0.000952 0.999995 0.000093 -0.000466 1.000000 0.001125 -0.000929 0.999999 -0.000100 -0.000289 1.000000 0.001414 -0.006966 0.999975 
-0.006484 -0.007477 0.999951 0.002272 -0.000730 0.999997 0.000145 -0.000722 1.000000 0.001085 -0.000896 0.999999 -0.000324 -0.000930 1.000000 0.001373 -0.006757 0.999976 
-0.006749 -0.007783 0.999947 0.005316 -0.001708 0.999984 0.000106 -0.000528 1.000000 0.001723 -0.001423 0.999998 -0.000760 -0.002182 0.999997 0.001590 -0.007822 0.999968 
-0.006898 -0.007954 0.999945 0.004383 -0.001409 0.999989 0.000183 -0.000908 1.000000 0.002017 -0.001666 0.999997 -0.000840 -0.002413 0.999997 0.001535 -0.007540 0.999970 
-0.007131 -0.008223 0.999941 0.003980 -0.001279 0.999991 0.000167 -0.000832 1.000000 0.001825 -0.001507 0.999997 -0.000769 -0.002209 0.999997 0.001547 -0.007596 0.999970 
-0.007354 -0.008482 0.999937 0.005603 -0.001801 0.999983 0.000132 -0.000655 1.000000 0.001607 -0.001327 0.999998 -0.000905 -0.002597 0.999996 0.001736 -0.008531 0.999962 
-0.007557 -0.008715 0.999933 0.004923 -0.001583 0.999987 0.000158 -0.000786 1.000000 0.001542 -0.001273 0.999998 -0.000886 -0.002544 0.999996 0.001726 -0.008478 0.999963 
-0.007862 -0.009067 0.999928 0.005151 -0.001656 0.999985 0.000114 -0.000566 1.000000 0.001990 -0.001643 0.999997 -0.000622 -0.001787 0.999998 0.001780 -0.008739 0.999960 
-0.008059 -0.009295 0.999924 0.004659 -0.001497 0.999988 0.000119 -0.000592 1.000000 0.001944 -0.001605 0.999997 -0.000575 -0.001652 0.999998 0.001776 -0.008715 0.999960 
-0.008290 -0.009561 0.999920 0.004428 -0.001423 0.999989 0.000123 -0.000612 1.000000 0.001704 -0.001407 0.999998 -0.000539 -0.001547 0.999999 0.001824 -0.008947 0.999958 
-0.008490 -0.009793 0.999916 0.004028 -0.001295 0.999991 0.000116 -0.000574 1.000000 0.001550 -0.001280 0.999998 -0.000512 -0.001471 0.999999 0.001825 -0.008947 0.999958 
-0.008703 -0.010039 0.999912 0.003666 -0.001178 0.999993 0.000109 -0.000540 1.000000 0.001530 -0.001263 0.999998 -0.000486 -0.001395 0.999999 0.001820 -0.008920 0.999959 
-0.008874 -0.010237 0.999908 0.003337 -0.001073 0.999994 0.000101 -0.000503 1.000000 0.001378 -0.001137 0.999998 -0.000460 -0.001321 0.999999 0.001823 -0.008935 0.999958 
-0.009028 -0.010416 0.999905 0.003041 -0.000977 0.999995 0.000096 -0.000475 1.000000 0.001337 -0.001103 0.999998 -0.000442 -0.001268 0.999999 0.001817 -0.008905 0.999959 
-0.009137 -0.010541 0.999903 0.002772 -0.000891 0.999996 0.000089 -0.000442 1.000000 0.001199 -0.000989 0.999999 -0.000421 -0.001209 0.999999 0.001815 -0.008894 0.999959 
-0.009221 -0.010640 0.999901 0.002529 -0.000813 0.999996 0.000084 -0.000418 1.000000 0.001088 -0.000898 0.999999 -0.000404 -0.001161 0.999999 0.001810 -0.008870 0.999959 
-0.009295 -0.010726 0.999899 0.002311 -0.000743 0.999997 0.000079 -0.000394 1.000000 0.000982 -0.000810 0.999999 -0.000392 -0.001126 0.999999 0.001805 -0.008844 0.999959 
-0.009361 -0.010801 0.999898 0.003278 -0.001054 0.999994 0.000085 -0.000421 1.000000 0.000914 -0.000754 0.999999 -0.000536 -0.001540 0.999999 0.001912 -0.009373 0.999954 
-0.009316 -0.010747 0.999899 0.002709 -0.000870 0.999996 0.000188 -0.000929 1.000000 0.001075 -0.000888 0.999999 -0.000871 -0.002502 0.999996 0.001852 -0.009047 0.999957 
-0.009838 -0.011346 0.999887 0.003714 -0.001194 0.999992 0.000092 -0.000455 1.000000 0.001201 -0.000992 0.999999 -0.000938 -0.002696 0.999996 0.001941 -0.009496 0.999953 
-0.009874 -0.011390 0.999886 0.003389 -0.001089 0.999994 0.000088 -0.000435 1.000000 0.001112 -0.000918 0.999999 -0.000874 -0.002509 0.999996 0.001927 -0.009430 0.999954 
-0.009883 -0.011401 0.999886 0.003093 -0.000994 0.999995 0.000092 -0.000455 1.000000 0.001121 -0.000926 0.999999 -0.000817 -0.002347 0.999997 0.001910 -0.009338 0.999955 
-0.009842 -0.011353 0.999887 0.002788 -0.000896 0.999996 0.000116 -0.000573 1.000000 0.001357 -0.001121 0.999998 -0.000769 -0.002208 0.999997 0.001880 -0.009178 0.999956 
-0.009862 -0.011377 0.999887 0.002544 -0.000818 0.999996 0.000116 -0.000575 1.000000 0.001375 -0.001135 0.999998 -0.000718 -0.002064 0.999998 0.001864 -0.009100 0.999957 
-0.009902 -0.011423 0.999886 0.002324 -0.000747 0.999997 0.000105 -0.000516 1.000000 0.001262 -0.001042 0.999999 -0.000675 -0.001938 0.999998 0.001854 -0.009048 0.999957 
-0.009927 -0.011453 0.999885 0.002128 -0.000684 0.999998 0.000099 -0.000490 1.000000 0.001168 -0.000964 0.999999 -0.000636 -0.001826 0.999998 0.001847 -0.009014 0.999958 
-0.009944 -0.011473 0.999885 0.001949 -0.000626 0.999998 0.000098 -0.000485 1.000000 0.001130 -0.000933 0.999999 -0.000601 -0.001728 0.999998 0.001839 -0.008973 0.999958 
-0.009993 -0.011528 0.999884 0.001744 -0.000561 0.999998 0.000092 -0.000452 1.000000 0.001157 -0.000955 0.999999 -0.000522 -0.001499 0.999999 0.001831 -0.008934 0.999958 
-0.010040 -0.011583 0.999883 0.001601 -0.000515 0.999999 0.000088 -0.000436 1.000000 0.001149 -0.000948 0.999999 -0.000500 -0.001435 0.999999 0.001824 -0.008902 0.999959 
-0.010172 -0.011734 0.999879 0.002325 -0.000748 0.999997 0.000148 -0.000732 1.000000 0.001583 -0.001307 0.999998 -0.000875 -0.002513 0.999996 0.001870 -0.009119 0.999957 
-0.010212 -0.011780 0.999878 0.002891 -0.000930 0.999995 0.000113 -0.000560 1.000000 0.001756 -0.001450 0.999997 -0.000778 -0.002233 0.999997 0.001915 -0.009344 0.999955 
-0.010216 -0.011784 0.999878 0.002635 -0.000848 0.999996 0.000108 -0.000532 1.000000 0.001610 -0.001329 0.999998 -0.000730 -0.002093 0.999998 0.001904 -0.009289 0.999955 
-0.010156 -0.011714 0.999880 0.002402 -0.000773 0.999997 0.000117 -0.000575 1.000000 0.001656 -0.001367 0.999998 -0.000680 -0.001952 0.999998 0.001881 -0.009174 0.999956 
-0.010132 -0.011687 0.999880 0.002196 -0.000707 0.999997 0.000111 -0.000549 1.000000 0.001532 -0.001264 0.999998 -0.000643 -0.001845 0.999998 0.001867 -0.009106 0.999957 
-0.010113 -0.011665 0.999881 0.002008 -0.000646 0.999998 0.000105 -0.000517 1.000000 0.001401 -0.001157 0.999998 -0.000607 -0.001742 0.999998 0.001855 -0.009048 0.999957 
-0.010057 -0.011599 0.999882 0.001836 -0.000591 0.999998 0.000112 -0.000552 1.000000 0.001444 -0.001192 0.999998 -0.000570 -0.001637 0.999998 0.001837 -0.008951 0.999958 
-0.010036 -0.011576 0.999883 0.001682 -0.000541 0.999998 0.000105 -0.000519 1.000000 0.001320 -0.001090 0.999999 -0.000539 -0.001546 0.999999 0.001827 -0.008903 0.999959 
-0.010019 -0.011555 0.999883 0.001539 -0.000495 0.999999 0.000099 -0.000490 1.000000 0.001207 -0.000997 0.999999 -0.000510 -0.001463 0.999999 0.001818 -0.008858 0.999959 
-0.010015 -0.011551 0.999883 0.001411 -0.000454 0.999999 0.000101 -0.000497 1.000000 0.001292 -0.001067 0.999999 -0.000483 -0.001385 0.999999 0.001801 -0.008777 0.999960 
-0.009965 -0.011493 0.999884 0.001297 -0.000417 0.999999 0.000101 -0.000496 1.000000 0.001227 -0.001013 0.999999 -0.000460 -0.001319 0.999999 0.001791 -0.008720 0.999960 
-0.009967 -0.011495 0.999884 0.003634 -0.001170 0.999993 0.000129 -0.000637 1.000000 0.001335 -0.001103 0.999999 -0.001217 -0.003488 0.999993 0.001922 -0.009365 0.999954 
-0.010036 -0.011572 0.999883 0.005959 -0.001920 0.999980 0.000129 -0.000634 1.000000 0.001739 -0.001436 0.999997 -0.001598 -0.004579 0.999988 0.002091 -0.010191 0.999946 
-0.010002 -0.011530 0.999884 0.004684 -0.001510 0.999988 0.000217 -0.001068 0.999999 0.001633 -0.001349 0.999998 -0.001726 -0.004943 0.999986 0.001999 -0.009738 0.999951 
-0.009936 -0.011452 0.999885 0.004255 -0.001372 0.999990 0.000213 -0.001052 0.999999 0.001657 -0.001369 0.999998 -0.001579 -0.004521 0.999989 0.001963 -0.009561 0.999952 
-0.010571 -0.012173 0.999870 0.005009 -0.001615 0.999986 0.000123 -0.000606 1.000000 0.001635 -0.001352 0.999998 -0.001521 -0.004354 0.999989 0.002088 -0.010190 0.999946 
-0.010477 -0.012064 0.999872 0.004555 -0.001469 0.999989 0.000130 -0.000643 1.000000 0.001685 -0.001393 0.999998 -0.001395 -0.003994 0.999991 0.002049 -0.009990 0.999948 
-0.010419 -0.011997 0.999874 0.004143 -0.001336 0.999991 0.000124 -0.000609 1.000000 0.001562 -0.001292 0.999998 -0.001282 -0.003671 0.999992 0.002019 -0.009844 0.999950 
-0.010363 -0.011933 0.999875 0.003776 -0.001217 0.999992 0.000117 -0.000578 1.000000 0.001449 -0.001199 0.999998 -0.001185 -0.003394 0.999994 0.001991 -0.009707 0.999951 
-0.010301 -0.011862 0.999877 0.003438 -0.001108 0.999993 0.000119 -0.000589 1.000000 0.001494 -0.001235 0.999998 -0.001093 -0.003129 0.999995 0.001958 -0.009543 0.999953 
-0.010258 -0.011813 0.999878 0.003137 -0.001011 0.999995 0.000113 -0.000557 1.000000 0.001386 -0.001146 0.999998 -0.001011 -0.002896 0.999995 0.001936 -0.009438 0.999954 
-0.010224 -0.011774 0.999878 0.002865 -0.000924 0.999995 0.000107 -0.000528 1.000000 0.001284 -0.001062 0.999999 -0.000939 -0.002688 0.999996 0.001918 -0.009346 0.999954 
-0.010145 -0.011682 0.999880 0.002617 -0.000844 0.999996 0.000117 -0.000575 1.000000 0.001373 -0.001136 0.999998 -0.000872 -0.002497 0.999997 0.001891 -0.009209 0.999956 
-0.010190 -0.011732 0.999879 0.004483 -0.001446 0.999989 0.000095 -0.000467 1.000000 0.001768 -0.001462 0.999997 -0.000912 -0.002612 0.999996 0.002055 -0.010014 0.999948 
-0.010147 -0.011679 0.999880 0.004582 -0.001478 0.999988 0.000182 -0.000898 1.000000 0.001700 -0.001407 0.999998 -0.001188 -0.003401 0.999994 0.002090 -0.010184 0.999946 
-0.010169 -0.011704 0.999880 0.005321 -0.001717 0.999984 0.000199 -0.000980 0.999999 0.002274 -0.001882 0.999996 -0.001188 -0.003398 0.999994 0.002145 -0.010452 0.999943 
-0.010013 -0.011522 0.999883 0.004837 -0.001561 0.999987 0.000199 -0.000979 1.000000 0.002209 -0.001828 0.999996 -0.001095 -0.003132 0.999994 0.002086 -0.010163 0.999946 
-0.009929 -0.011424 0.999885 0.006631 -0.002141 0.999976 0.000151 -0.000744 1.000000 0.002128 -0.001761 0.999996 -0.001333 -0.003812 0.999992 0.002196 -0.010703 0.999940 
-0.009799 -0.011274 0.999888 0.006008 -0.001940 0.999980 0.000144 -0.000712 1.000000 0.001980 -0.001639 0.999997 -0.001223 -0.003499 0.999993 0.002129 -0.010380 0.999944 
-0.009588 -0.011027 0.999893 0.005444 -0.001757 0.999984 0.000161 -0.000791 1.000000 0.002109 -0.001746 0.999996 -0.001123 -0.003211 0.999994 0.002051 -0.009990 0.999948 
-0.009492 -0.010916 0.999895 0.004935 -0.001593 0.999987 0.000154 -0.000760 1.000000 0.002135 -0.001768 0.999996 -0.001030 -0.002945 0.999995 0.001984 -0.009665 0.999951 
-0.009392 -0.010798 0.999898 0.003980 -0.001285 0.999991 0.000220 -0.001083 0.999999 0.002252 -0.001866 0.999996 -0.001107 -0.003166 0.999994 0.001888 -0.009186 0.999956 
-0.009329 -0.010725 0.999899 0.003622 -0.001170 0.999993 0.000205 -0.001008 0.999999 0.002236 -0.001852 0.999996 -0.001018 -0.002912 0.999995 0.001840 -0.008951 0.999958 
-0.009276 -0.010664 0.999900 0.003300 -0.001065 0.999994 0.000187 -0.000921 1.000000 0.002186 -0.001811 0.999996 -0.000939 -0.002685 0.999996 0.001797 -0.008740 0.999960 
-0.009240 -0.010621 0.999901 0.003128 -0.001010 0.999995 0.000178 -0.000875 1.000000 0.002115 -0.001752 0.999996 -0.000910 -0.002603 0.999996 0.001774 -0.008626 0.999961 
-0.009207 -0.010581 0.999902 0.002702 -0.000872 0.999996 0.000195 -0.000959 1.000000 0.002073 -0.001717 0.999996 -0.000920 -0.002631 0.999996 0.001735 -0.008435 0.999963 
-0.009235 -0.010614 0.999901 0.002464 -0.000796 0.999997 0.000182 -0.000895 1.000000 0.002051 -0.001700 0.999996 -0.000849 -0.002427 0.999997 0.001717 -0.008344 0.999964 
-0.009261 -0.010644 0.999900 0.002251 -0.000727 0.999997 0.000169 -0.000832 1.000000 0.001885 -0.001562 0.999997 -0.000786 -0.002247 0.999997 0.001713 -0.008325 0.999964 
-0.009236 -0.010614 0.999901 0.003715 -0.001200 0.999992 0.000185 -0.000907 1.000000 0.001941 -0.001609 0.999997 -0.001050 -0.003001 0.999995 0.001837 -0.008928 0.999958 
-0.009267 -0.010650 0.999900 0.003376 -0.001091 0.999994 0.000171 -0.000838 1.000000 0.001773 -0.001469 0.999997 -0.000961 -0.002747 0.999996 0.001824 -0.008863 0.999959 
-0.009311 -0.010700 0.999899 0.003062 -0.000990 0.999995 0.000156 -0.000767 1.000000 0.001613 -0.001337 0.999998 -0.000872 -0.002490 0.999997 0.001814 -0.008817 0.999959 
-0.009369 -0.010766 0.999898 0.003842 -0.001242 0.999992 0.000131 -0.000646 1.000000 0.001493 -0.001237 0.999998 -0.000963 -0.002751 0.999996 0.001886 -0.009167 0.999956 
-0.009441 -0.010848 0.999897 0.003489 -0.001128 0.999993 0.000130 -0.000639 1.000000 0.001548 -0.001283 0.999998 -0.000887 -0.002534 0.999996 0.001866 -0.009069 0.999957 
-0.009540 -0.010962 0.999894 0.003161 -0.001022 0.999994 0.000123 -0.000606 1.000000 0.001639 -0.001359 0.999998 -0.000816 -0.002331 0.999997 0.001844 -0.008961 0.999958 
-0.009586 -0.011015 0.999893 0.002868 -0.000927 0.999995 0.000118 -0.000578 1.000000 0.001515 -0.001255 0.999998 -0.000754 -0.002153 0.999997 0.001837 -0.008927 0.999958 
-0.009660 -0.011100 0.999892 0.002593 -0.000838 0.999996 0.000115 -0.000565 1.000000 0.001496 -0.001240 0.999998 -0.000696 -0.001989 0.999998 0.001828 -0.008886 0.999959 
-0.009734 -0.011186 0.999890 0.002353 -0.000761 0.999997 0.000112 -0.000548 1.000000 0.001474 -0.001222 0.999998 -0.000645 -0.001843 0.999998 0.001822 -0.008856 0.999959 
-0.009796 -0.011257 0.999889 0.002942 -0.000951 0.999995 0.000068 -0.000335 1.000000 0.001382 -0.001145 0.999998 -0.000506 -0.001445 0.999999 0.001901 -0.009244 0.999955 
-0.009839 -0.011305 0.999888 0.002299 -0.000743 0.999997 0.000124 -0.000607 1.000000 0.001371 -0.001136 0.999998 -0.000578 -0.001651 0.999998 0.001872 -0.009091 0.999957 
-0.009911 -0.011388 0.999886 0.002101 -0.000679 0.999998 0.000119 -0.000585 1.000000 0.001360 -0.001127 0.999998 -0.000549 -0.001567 0.999999 0.001864 -0.009051 0.999957 
-0.009951 -0.011434 0.999885 0.001920 -0.000621 0.999998 0.000113 -0.000554 1.000000 0.001258 -0.001043 0.999999 -0.000519 -0.001482 0.999999 0.001859 -0.009027 0.999958 
-0.009996 -0.011484 0.999884 0.001267 -0.000410 0.999999 0.000173 -0.000850 1.000000 0.001188 -0.000985 0.999999 -0.000656 -0.001875 0.999998 0.001823 -0.008849 0.999959 
-0.010197 -0.011711 0.999879 0.003002 -0.000971 0.999995 0.000272 -0.001333 0.999999 0.001776 -0.001472 0.999997 -0.001473 -0.004205 0.999990 0.001927 -0.009354 0.999954 
-0.010251 -0.011770 0.999878 0.003050 -0.000987 0.999995 0.000294 -0.001444 0.999999 0.001705 -0.001414 0.999998 -0.001627 -0.004644 0.999988 0.001938 -0.009401 0.999954 
-0.010340 -0.011868 0.999876 0.003532 -0.001143 0.999993 0.000296 -0.001455 0.999999 0.001732 -0.001437 0.999997 -0.001481 -0.004226 0.999990 0.002042 -0.009916 0.999949 
-0.010356 -0.011885 0.999876 0.003213 -0.001040 0.999994 0.000278 -0.001365 0.999999 0.001646 -0.001366 0.999998 -0.001357 -0.003871 0.999992 0.002024 -0.009829 0.999950 
-0.010354 -0.011883 0.999876 0.002925 -0.000947 0.999995 0.000260 -0.001275 0.999999 0.001548 -0.001285 0.999998 -0.001246 -0.003556 0.999993 0.002005 -0.009735 0.999951 
-0.010287 -0.011804 0.999877 0.002665 -0.000863 0.999996 0.000257 -0.001259 0.999999 0.001630 -0.001353 0.999998 -0.001145 -0.003268 0.999994 0.001974 -0.009580 0.999952 
-0.010191 -0.011690 0.999880 0.002408 -0.000779 0.999997 0.000266 -0.001303 0.999999 0.001828 -0.001517 0.999997 -0.001055 -0.003011 0.999995 0.001937 -0.009392 0.999954 
-0.010157 -0.011651 0.999881 0.002199 -0.000712 0.999997 0.000244 -0.001196 0.999999 0.001660 -0.001378 0.999998 -0.000976 -0.002786 0.999996 0.001919 -0.009300 0.999955 
-0.010118 -0.011607 0.999881 0.002010 -0.000651 0.999998 0.000223 -0.001094 0.999999 0.001500 -0.001245 0.999998 -0.000903 -0.002576 0.999996 0.001900 -0.009211 0.999956 
-0.010076 -0.011559 0.999882 0.001836 -0.000594 0.999998 0.000204 -0.001001 0.999999 0.001352 -0.001123 0.999998 -0.000835 -0.002383 0.999997 0.001882 -0.009124 0.999957 
-0.010036 -0.011513 0.999883 0.001684 -0.000545 0.999998 0.000188 -0.000920 1.000000 0.001225 -0.001017 0.999999 -0.000778 -0.002219 0.999997 0.001865 -0.009042 0.999957 
-0.009994 -0.011465 0.999884 0.001542 -0.000499 0.999999 0.000172 -0.000844 1.000000 0.001109 -0.000921 0.999999 -0.000724 -0.002066 0.999998 0.001849 -0.008961 0.999958 
-0.009975 -0.011442 0.999885 0.000819 -0.000265 1.000000 0.000235 -0.001151 0.999999 0.001031 -0.000856 0.999999 -0.000873 -0.002491 0.999997 0.001794 -0.008690 0.999961 
-0.009949 -0.011412 0.999885 0.000766 -0.000248 1.000000 0.000217 -0.001062 0.999999 0.000952 -0.000790 0.999999 -0.000815 -0.002325 0.999997 0.001786 -0.008651 0.999961 
-0.010730 -0.012295 0.999867 0.003522 -0.001140 0.999993 0.000116 -0.000568 1.000000 0.001111 -0.000924 0.999999 -0.000922 -0.002631 0.999996 0.002116 -0.010272 0.999945 
-0.010619 -0.012166 0.999870 0.003210 -0.001039 0.999994 0.000134 -0.000657 1.000000 0.001331 -0.001107 0.999999 -0.000857 -0.002444 0.999997 0.002071 -0.010046 0.999947 
-0.010480 -0.012005 0.999873 0.002920 -0.000945 0.999995 0.000154 -0.000752 1.000000 0.001567 -0.001302 0.999998 -0.000793 -0.002263 0.999997 0.002024 -0.009807 0.999950 
-0.010404 -0.011918 0.999875 0.002657 -0.000860 0.999996 0.000145 -0.000709 1.000000 0.001457 -0.001211 0.999998 -0.000734 -0.002094 0.999998 0.001993 -0.009660 0.999951 
-0.010244 -0.011733 0.999879 0.002418 -0.000783 0.999997 0.000163 -0.000800 1.000000 0.001683 -0.001399 0.999998 -0.000680 -0.001941 0.999998 0.001947 -0.009421 0.999954 
-0.010100 -0.011567 0.999882 0.003328 -0.001077 0.999994 0.000181 -0.000884 1.000000 0.001770 -0.001472 0.999997 -0.000802 -0.002289 0.999997 0.002013 -0.009745 0.999950 
-0.009989 -0.011439 0.999885 0.003025 -0.000979 0.999995 0.000171 -0.000834 1.000000 0.001654 -0.001375 0.999998 -0.000742 -0.002118 0.999997 0.001971 -0.009542 0.999953 
-0.010633 -0.012166 0.999869 0.003819 -0.001236 0.999992 0.000106 -0.000521 1.000000 0.001742 -0.001450 0.999997 -0.000803 -0.002289 0.999997 0.002093 -0.010146 0.999946 
-0.010437 -0.011940 0.999874 0.003470 -0.001124 0.999993 0.000125 -0.000610 1.000000 0.001899 -0.001581 0.999997 -0.000740 -0.002111 0.999997 0.002034 -0.009853 0.999949 
-0.010308 -0.011791 0.999877 0.003153 -0.001021 0.999995 0.000120 -0.000589 1.000000 0.001781 -0.001482 0.999997 -0.000683 -0.001949 0.999998 0.001992 -0.009651 0.999951 
-0.010209 -0.011679 0.999880 0.002865 -0.000928 0.999995 0.000119 -0.000584 1.000000 0.001794 -0.001494 0.999997 -0.000628 -0.001792 0.999998 0.001950 -0.009445 0.999953 
-0.010127 -0.011584 0.999882 0.003746 -0.001213 0.999992 0.000124 -0.000605 1.000000 0.002022 -0.001684 0.999997 -0.000666 -0.001900 0.999998 0.002016 -0.009768 0.999950 
-0.009950 -0.011378 0.999886 0.003405 -0.001102 0.999994 0.000148 -0.000722 1.000000 0.002272 -0.001892 0.999996 -0.000616 -0.001758 0.999998 0.001955 -0.009464 0.999953 
-0.009868 -0.011285 0.999888 0.003094 -0.001002 0.999995 0.000137 -0.000671 1.000000 0.002133 -0.001777 0.999996 -0.000569 -0.001623 0.999999 0.001916 -0.009277 0.999955 
-0.009899 -0.011318 0.999887 0.002812 -0.000911 0.999996 0.000150 -0.000734 1.000000 0.003068 -0.002555 0.999992 -0.000379 -0.001082 0.999999 0.001853 -0.008963 0.999958 
