-0.004883 0.000230 0.999988 -0.000106 -0.002065 0.999998 -0.000057 -0.001958 0.999998 -0.004869 0.000259 0.999988 
-0.000289 0.000014 1.000000 -0.000083 -0.001628 0.999999 -0.000047 -0.001623 0.999999 -0.000278 0.000015 1.000000 
-0.000750 0.000035 1.000000 -0.000075 -0.001466 0.999999 -0.000042 -0.001450 0.999999 -0.000741 0.000039 1.000000 
0.002663 -0.000125 0.999996 -0.000009 -0.000171 1.000000 -0.000007 -0.000231 1.000000 0.002663 -0.000141 0.999996 
-0.002526 0.000119 0.999997 0.000024 0.000472 1.000000 0.000015 0.000529 1.000000 -0.002528 0.000135 0.999997 
-0.001072 0.000051 0.999999 0.000049 0.000947 1.000000 0.000028 0.000972 1.000000 -0.001077 0.000058 0.999999 
-0.000668 0.000032 1.000000 0.000036 0.000697 1.000000 0.000021 0.000712 1.000000 -0.000672 0.000036 1.000000 
-0.000592 0.000028 1.000000 0.000034 0.000651 1.000000 0.000019 0.000665 1.000000 -0.000596 0.000032 1.000000 
0.000627 -0.000030 1.000000 0.000058 0.001113 0.999999 0.000032 0.001100 0.999999 0.000620 -0.000033 1.000000 
0.001386 -0.000066 0.999999 0.000176 0.003393 0.999994 0.000100 0.003365 0.999994 0.001364 -0.000073 0.999999 
-0.001181 0.000056 0.999999 0.000124 0.002392 0.999997 0.000072 0.002420 0.999997 -0.001196 0.000064 0.999999 
-0.000839 0.000040 1.000000 0.000119 0.002281 0.999997 0.000068 0.002301 0.999997 -0.000853 0.000046 1.000000 
0.000408 -0.000019 1.000000 0.000188 0.003619 0.999993 0.000107 0.003613 0.999993 0.000386 -0.000021 1.000000 
0.004762 -0.000224 0.999989 0.000539 0.010496 0.999945 0.000302 0.010397 0.999946 0.004697 -0.000250 0.999989 
0.004301 -0.000202 0.999991 0.000490 0.009529 0.999954 0.000274 0.009441 0.999955 0.004241 -0.000226 0.999991 
0.003892 -0.000183 0.999992 0.000445 0.008665 0.999962 0.000249 0.008585 0.999963 0.003837 -0.000204 0.999993 
0.003526 -0.000166 0.999994 0.000406 0.007896 0.999969 0.000227 0.007823 0.999969 0.003477 -0.000185 0.999994 
0.003199 -0.000151 0.999995 0.000371 0.007218 0.999974 0.000208 0.007152 0.999974 0.003154 -0.000168 0.999995 
0.002906 -0.000137 0.999996 0.000341 0.006641 0.999978 0.000191 0.006581 0.999978 0.002865 -0.000152 0.999996 
0.002644 -0.000124 0.999996 0.000317 0.006165 0.999981 0.000178 0.006111 0.999981 0.002605 -0.000139 0.999997 
0.002411 -0.000113 0.999997 0.000297 0.005778 0.999983 0.000166 0.005729 0.999984 0.002375 -0.000126 0.999997 
0.002205 -0.000104 0.999998 0.000281 0.005465 0.999985 0.000158 0.005420 0.999985 0.002171 -0.000115 0.999998 
0.002022 -0.000095 0.999998 0.000268 0.005208 0.999986 0.000150 0.005167 0.999987 0.001989 -0.000106 0.999998 
0.001832 -0.000086 0.999998 0.000256 0.004974 0.999988 0.000143 0.004936 0.999988 0.001801 -0.000096 0.999998 
0.001657 -0.000078 0.999999 0.000245 0.004758 0.999989 0.000137 0.004725 0.999989 0.001627 -0.000087 0.999999 
0.001497 -0.000070 0.999999 0.000227 0.004413 0.999990 0.000127 0.004383 0.999990 0.001469 -0.000078 0.999999 
0.001349 -0.000063 0.999999 0.000208 0.004043 0.999992 0.000117 0.004016 0.999992 0.001324 -0.000070 0.999999 
0.001216 -0.000057 0.999999 0.000190 0.003704 0.999993 0.000107 0.003680 0.999993 0.001193 -0.000063 0.999999 
0.001102 -0.000052 0.999999 0.000174 0.003392 0.999994 0.000098 0.003370 0.999994 0.001081 -0.000057 0.999999 
0.000996 -0.000047 1.000000 0.000160 0.003106 0.999995 0.000090 0.003086 0.999995 0.000977 -0.000052 1.000000 
0.000897 -0.000042 1.000000 0.000146 0.002845 0.999996 0.000082 0.002827 0.999996 0.000879 -0.000047 1.000000 
0.000804 -0.000038 1.000000 0.000134 0.002604 0.999997 0.000075 0.002588 0.999997 0.000788 -0.000042 1.000000 
0.000717 -0.000034 1.000000 0.000122 0.002381 0.999997 0.000069 0.002367 0.999997 0.000702 -0.000037 1.000000 
0.000634 -0.000030 1.000000 0.000112 0.002175 0.999998 0.000063 0.002162 0.999998 0.000621 -0.000033 1.000000 
0.000556 -0.000026 1.000000 0.000102 0.001984 0.999998 0.000057 0.001973 0.999998 0.000543 -0.000029 1.000000 
0.000480 -0.000023 1.000000 0.000093 0.001805 0.999998 0.000052 0.001796 0.999998 0.000469 -0.000025 1.000000 
0.000408 -0.000019 1.000000 0.000084 0.001637 0.999999 0.000047 0.001629 0.999999 0.000397 -0.000021 1.000000 
-0.000060 0.000003 1.000000 0.000089 0.001731 0.999998 0.000051 0.001733 0.999998 -0.000071 0.000004 1.000000 
-0.002883 0.000137 0.999996 0.000016 0.000311 1.000000 0.000011 0.000375 1.000000 -0.002884 0.000155 0.999996 
-0.002552 0.000122 0.999997 0.000013 0.000250 1.000000 0.000009 0.000307 1.000000 -0.002553 0.000137 0.999997 
-0.002329 0.000111 0.999997 0.000009 0.000181 1.000000 0.000007 0.000233 1.000000 -0.002329 0.000125 0.999997 
-0.001333 0.000064 0.999999 -0.000034 -0.000647 1.000000 -0.000018 -0.000617 1.000000 -0.001329 0.000071 0.999999 
-0.002235 0.000107 0.999997 -0.000046 -0.000887 1.000000 -0.000025 -0.000838 1.000000 -0.002229 0.000120 0.999998 
-0.002024 0.000097 0.999998 -0.000041 -0.000790 1.000000 -0.000022 -0.000745 1.000000 -0.002019 0.000109 0.999998 
-0.003774 0.000183 0.999993 0.000050 0.000953 1.000000 0.000032 0.001038 0.999999 -0.003779 0.000206 0.999993 
-0.002579 0.000124 0.999997 0.000012 0.000236 1.000000 0.000009 0.000294 1.000000 -0.002580 0.000140 0.999997 
-0.004989 0.000243 0.999988 -0.000159 -0.003001 0.999995 -0.000089 -0.002892 0.999996 -0.004970 0.000272 0.999988 
-0.005819 0.000283 0.999983 -0.000202 -0.003815 0.999993 -0.000113 -0.003688 0.999993 -0.005794 0.000317 0.999983 
-0.007172 0.000352 0.999974 -0.000202 -0.003785 0.999993 -0.000113 -0.003628 0.999993 -0.007147 0.000395 0.999974 
-0.009981 0.000498 0.999950 -0.000111 -0.002044 0.999998 -0.000058 -0.001823 0.999998 -0.009965 0.000558 0.999950 
-0.009622 0.000479 0.999954 -0.000202 -0.003733 0.999993 -0.000112 -0.003521 0.999994 -0.009596 0.000537 0.999954 
-0.009742 0.000486 0.999952 -0.000230 -0.004248 0.999991 -0.000128 -0.004034 0.999992 -0.009713 0.000544 0.999953 
-0.012168 0.000612 0.999926 -0.000252 -0.004605 0.999989 -0.000140 -0.004338 0.999991 -0.012136 0.000685 0.999926 
-0.011002 0.000553 0.999939 -0.000229 -0.004198 0.999991 -0.000128 -0.003956 0.999992 -0.010973 0.000619 0.999940 
-0.012938 0.000652 0.999916 -0.000369 -0.006754 0.999977 -0.000209 -0.006471 0.999979 -0.012892 0.000729 0.999917 
-0.011719 0.000591 0.999931 -0.000336 -0.006153 0.999981 -0.000191 -0.005896 0.999983 -0.011678 0.000660 0.999932 
-0.014165 0.000717 0.999899 -0.000499 -0.009109 0.999958 -0.000286 -0.008800 0.999961 -0.014105 0.000800 0.999900 
-0.012847 0.000650 0.999917 -0.000455 -0.008290 0.999966 -0.000260 -0.008010 0.999968 -0.012792 0.000725 0.999918 
-0.012031 0.000608 0.999927 -0.000415 -0.007572 0.999971 -0.000238 -0.007310 0.999973 -0.011981 0.000679 0.999928 
-0.012382 0.000626 0.999923 -0.000383 -0.006983 0.999976 -0.000218 -0.006712 0.999977 -0.012335 0.000699 0.999924 
-0.013623 0.000689 0.999907 -0.000357 -0.006507 0.999979 -0.000202 -0.006208 0.999981 -0.013579 0.000770 0.999908 
-0.015565 0.000787 0.999879 -0.000340 -0.006194 0.999981 -0.000190 -0.005852 0.999983 -0.015522 0.000880 0.999879 
-0.017623 0.000891 0.999844 -0.000329 -0.005996 0.999982 -0.000182 -0.005607 0.999984 -0.017581 0.000997 0.999845 
-0.019524 0.000987 0.999809 -0.000320 -0.005835 0.999983 -0.000176 -0.005404 0.999985 -0.019482 0.001105 0.999810 
-0.021279 0.001076 0.999773 -0.000313 -0.005704 0.999984 -0.000170 -0.005234 0.999986 -0.021237 0.001204 0.999774 
-0.022903 0.001158 0.999737 -0.000307 -0.005597 0.999984 -0.000165 -0.005091 0.999987 -0.022862 0.001296 0.999738 
-0.024407 0.001234 0.999701 -0.000297 -0.005425 0.999985 -0.000159 -0.004884 0.999988 -0.024366 0.001381 0.999702 
-0.025792 0.001304 0.999666 -0.000282 -0.005141 0.999987 -0.000148 -0.004570 0.999990 -0.025752 0.001460 0.999667 
-0.027060 0.001368 0.999633 -0.000266 -0.004854 0.999988 -0.000138 -0.004254 0.999991 -0.027021 0.001532 0.999634 
-0.028218 0.001426 0.999601 -0.000252 -0.004594 0.999989 -0.000129 -0.003968 0.999992 -0.028181 0.001597 0.999602 
-0.029273 0.001479 0.999570 -0.000239 -0.004359 0.999990 -0.000120 -0.003709 0.999993 -0.029237 0.001657 0.999571 
-0.030239 0.001528 0.999542 -0.000227 -0.004146 0.999991 -0.000113 -0.003475 0.999994 -0.030204 0.001712 0.999542 
-0.031127 0.001573 0.999514 -0.000216 -0.003953 0.999992 -0.000106 -0.003261 0.999995 -0.031093 0.001762 0.999515 
-0.031938 0.001614 0.999489 -0.000206 -0.003758 0.999993 -0.000099 -0.003048 0.999995 -0.031905 0.001808 0.999489 
-0.032667 0.001650 0.999465 -0.000196 -0.003574 0.999994 -0.000092 -0.002848 0.999996 -0.032635 0.001849 0.999466 
-0.033315 0.001683 0.999443 -0.000186 -0.003402 0.999994 -0.000086 -0.002661 0.999996 -0.033284 0.001886 0.999444 
-0.033884 0.001711 0.999424 -0.000178 -0.003241 0.999995 -0.000081 -0.002488 0.999997 -0.033854 0.001918 0.999425 
-0.034376 0.001736 0.999407 -0.000169 -0.003089 0.999995 -0.000075 -0.002325 0.999997 -0.034346 0.001945 0.999408 
-0.034793 0.001757 0.999393 -0.000161 -0.002945 0.999996 -0.000070 -0.002171 0.999998 -0.034763 0.001969 0.999394 
-0.035136 0.001774 0.999381 -0.000154 -0.002807 0.999996 -0.000066 -0.002025 0.999998 -0.035108 0.001988 0.999382 
-0.035410 0.001788 0.999371 -0.000146 -0.002675 0.999996 -0.000061 -0.001887 0.999998 -0.035382 0.002004 0.999372 
-0.035618 0.001798 0.999364 -0.000139 -0.002546 0.999997 -0.000057 -0.001753 0.999998 -0.035591 0.002015 0.999364 
-0.035763 0.001805 0.999359 -0.000133 -0.002421 0.999997 -0.000053 -0.001625 0.999999 -0.035737 0.002023 0.999359 
-0.035853 0.001810 0.999355 -0.000126 -0.002300 0.999997 -0.000049 -0.001501 0.999999 -0.035827 0.002028 0.999356 
-0.035986 0.001816 0.999351 -0.000119 -0.002180 0.999998 -0.000045 -0.001379 0.999999 -0.035961 0.002036 0.999351 
-0.036188 0.001826 0.999343 -0.000113 -0.002063 0.999998 -0.000041 -0.001258 0.999999 -0.036163 0.002047 0.999344 
-0.036397 0.001837 0.999336 -0.000107 -0.001949 0.999998 -0.000037 -0.001139 0.999999 -0.036374 0.002059 0.999336 
-0.036583 0.001846 0.999329 -0.000101 -0.001838 0.999998 -0.000033 -0.001023 0.999999 -0.036561 0.002069 0.999329 
-0.036731 0.001854 0.999323 -0.000095 -0.001728 0.999999 -0.000030 -0.000910 1.000000 -0.036709 0.002078 0.999324 
-0.036829 0.001858 0.999320 -0.000089 -0.001620 0.999999 -0.000026 -0.000799 1.000000 -0.036808 0.002083 0.999320 
-0.036868 0.001860 0.999318 -0.000083 -0.001513 0.999999 -0.000022 -0.000691 1.000000 -0.036847 0.002085 0.999319 
-0.036842 0.001859 0.999319 -0.000077 -0.001407 0.999999 -0.000019 -0.000586 1.000000 -0.036821 0.002084 0.999320 
-0.036732 0.001853 0.999323 -0.000071 -0.001303 0.999999 -0.000016 -0.000484 1.000000 -0.036713 0.002077 0.999324 
-0.036533 0.001843 0.999331 -0.000066 -0.001201 0.999999 -0.000013 -0.000386 1.000000 -0.036514 0.002066 0.999331 
-0.036239 0.001828 0.999341 -0.000060 -0.001100 0.999999 -0.000009 -0.000292 1.000000 -0.036221 0.002049 0.999342 
-0.035849 0.001808 0.999356 -0.000055 -0.001002 0.999999 -0.000007 -0.000203 1.000000 -0.035831 0.002027 0.999356 
-0.035360 0.001783 0.999373 -0.000050 -0.000906 1.000000 -0.000004 -0.000118 1.000000 -0.035343 0.001999 0.999373 
-0.034773 0.001754 0.999394 -0.000045 -0.000813 1.000000 -0.000001 -0.000038 1.000000 -0.034756 0.001966 0.999394 
-0.034084 0.001719 0.999417 -0.000040 -0.000722 1.000000 0.000001 0.000038 1.000000 -0.034069 0.001927 0.999418 
-0.033290 0.001679 0.999444 -0.000035 -0.000635 1.000000 0.000003 0.000107 1.000000 -0.033276 0.001882 0.999444 
-0.032387 0.001633 0.999474 -0.000030 -0.000551 1.000000 0.000006 0.000172 1.000000 -0.032373 0.001831 0.999474 
-0.031367 0.001582 0.999507 -0.000026 -0.000470 1.000000 0.000007 0.000230 1.000000 -0.031354 0.001773 0.999507 
-0.030221 0.001524 0.999542 -0.000022 -0.000393 1.000000 0.000009 0.000281 1.000000 -0.030209 0.001708 0.999542 
-0.028942 0.001459 0.999580 -0.000018 -0.000332 1.000000 0.000010 0.000313 1.000000 -0.028931 0.001636 0.999580 
-0.027545 0.001389 0.999620 -0.000017 -0.000303 1.000000 0.000010 0.000311 1.000000 -0.027535 0.001557 0.999620 
-0.025990 0.001310 0.999661 -0.000015 -0.000280 1.000000 0.000010 0.000299 1.000000 -0.025980 0.001469 0.999661 
-0.024258 0.001223 0.999705 -0.000014 -0.000263 1.000000 0.000009 0.000278 1.000000 -0.024249 0.001371 0.999705 
-0.022339 0.001126 0.999750 -0.000014 -0.000253 1.000000 0.000008 0.000246 1.000000 -0.022330 0.001263 0.999750 
-0.020221 0.001019 0.999795 -0.000014 -0.000248 1.000000 0.000007 0.000203 1.000000 -0.020213 0.001143 0.999795 
-0.017885 0.000902 0.999840 -0.000014 -0.000250 1.000000 0.000005 0.000149 1.000000 -0.017878 0.001011 0.999840 
-0.015369 0.000775 0.999882 -0.000014 -0.000254 1.000000 0.000003 0.000089 1.000000 -0.015362 0.000869 0.999882 
-0.012810 0.000646 0.999918 -0.000013 -0.000230 1.000000 0.000002 0.000055 1.000000 -0.012804 0.000724 0.999918 
-0.010016 0.000505 0.999950 -0.000011 -0.000201 1.000000 0.000001 0.000022 1.000000 -0.010011 0.000566 0.999950 
-0.006957 0.000351 0.999976 -0.000009 -0.000169 1.000000 -0.000000 -0.000014 1.000000 -0.006954 0.000393 0.999976 
-0.003619 0.000182 0.999993 -0.000007 -0.000134 1.000000 -0.000002 -0.000054 1.000000 -0.003617 0.000205 0.999993 
-0.000134 0.000007 1.000000 -0.000005 -0.000092 1.000000 -0.000003 -0.000089 1.000000 -0.000133 0.000008 1.000000 
-0.005185 0.000267 0.999987 0.000056 0.000996 1.000000 0.000037 0.001113 0.999999 -0.005190 0.000299 0.999986 
-0.004676 0.000241 0.999989 0.000049 0.000872 1.000000 0.000033 0.000977 1.000000 -0.004680 0.000270 0.999989 
-0.004213 0.000217 0.999991 0.000043 0.000761 1.000000 0.000029 0.000856 1.000000 -0.004216 0.000243 0.999991 
-0.003807 0.000196 0.999993 0.000037 0.000667 1.000000 0.000025 0.000752 1.000000 -0.003809 0.000220 0.999993 
-0.003432 0.000177 0.999994 0.000032 0.000578 1.000000 0.000022 0.000655 1.000000 -0.003435 0.000198 0.999994 
-0.003089 0.000159 0.999995 0.000028 0.000494 1.000000 0.000019 0.000563 1.000000 -0.003091 0.000178 0.999995 
-0.002770 0.000143 0.999996 0.000023 0.000405 1.000000 0.000016 0.000467 1.000000 -0.002772 0.000160 0.999996 
-0.002498 0.000129 0.999997 0.000019 0.000337 1.000000 0.000013 0.000393 1.000000 -0.002499 0.000144 0.999997 
-0.004037 0.000209 0.999992 -0.000019 -0.000332 1.000000 -0.000008 -0.000243 1.000000 -0.004033 0.000233 0.999992 
-0.002684 0.000139 0.999996 -0.000043 -0.000763 1.000000 -0.000024 -0.000704 1.000000 -0.002678 0.000155 0.999996 
-0.002547 0.000132 0.999997 -0.000040 -0.000717 1.000000 -0.000022 -0.000661 1.000000 -0.002542 0.000147 0.999997 
-0.000774 0.000040 1.000000 -0.000131 -0.002334 0.999997 -0.000078 -0.002319 0.999997 -0.000759 0.000044 1.000000 
-0.001341 0.000069 0.999999 -0.000388 -0.006968 0.999976 -0.000232 -0.006944 0.999976 -0.001298 0.000075 0.999999 
-0.000715 0.000037 1.000000 -0.000320 -0.005732 0.999984 -0.000191 -0.005721 0.999984 -0.000679 0.000039 1.000000 
0.000828 -0.000042 1.000000 -0.000310 -0.005569 0.999984 -0.000187 -0.005592 0.999984 0.000861 -0.000050 1.000000 
0.000751 -0.000039 1.000000 -0.000281 -0.005036 0.999987 -0.000169 -0.005057 0.999987 0.000782 -0.000045 1.000000 
0.000683 -0.000035 1.000000 -0.000254 -0.004553 0.999990 -0.000153 -0.004572 0.999990 0.000711 -0.000041 1.000000 
0.000069 -0.000004 1.000000 0.000063 0.001134 0.999999 0.000038 0.001134 0.999999 0.000062 -0.000004 1.000000 
0.001583 -0.000081 0.999999 0.000019 0.000337 1.000000 0.000010 0.000302 1.000000 0.001580 -0.000091 0.999999 
0.001437 -0.000074 0.999999 0.000017 0.000307 1.000000 0.000009 0.000275 1.000000 0.001435 -0.000083 0.999999 
0.005225 -0.000269 0.999986 -0.000110 -0.001971 0.999998 -0.000070 -0.002090 0.999998 0.005235 -0.000302 0.999986 
0.004740 -0.000244 0.999989 -0.000099 -0.001777 0.999998 -0.000063 -0.001884 0.999998 0.004750 -0.000274 0.999989 
0.004307 -0.000222 0.999991 -0.000034 -0.000613 1.000000 -0.000024 -0.000710 1.000000 0.004310 -0.000248 0.999991 
0.004652 -0.000239 0.999989 -0.000032 -0.000577 1.000000 -0.000023 -0.000681 1.000000 0.004654 -0.000268 0.999989 
0.004216 -0.000217 0.999991 -0.000028 -0.000499 1.000000 -0.000020 -0.000594 1.000000 0.004218 -0.000243 0.999991 
0.003824 -0.000197 0.999993 -0.000024 -0.000432 1.000000 -0.000017 -0.000518 1.000000 0.003825 -0.000220 0.999993 
0.003471 -0.000178 0.999994 -0.000021 -0.000373 1.000000 -0.000015 -0.000451 1.000000 0.003472 -0.000200 0.999994 
0.003153 -0.000162 0.999995 -0.000018 -0.000320 1.000000 -0.000013 -0.000391 1.000000 0.003154 -0.000182 0.999995 
0.002866 -0.000147 0.999996 -0.000015 -0.000275 1.000000 -0.000011 -0.000339 1.000000 0.002867 -0.000165 0.999996 
0.002608 -0.000134 0.999997 -0.000013 -0.000236 1.000000 -0.000010 -0.000294 1.000000 0.002609 -0.000150 0.999997 
0.002376 -0.000122 0.999997 -0.000011 -0.000196 1.000000 -0.000008 -0.000249 1.000000 0.002377 -0.000137 0.999997 
0.002167 -0.000111 0.999998 -0.000009 -0.000160 1.000000 -0.000007 -0.000209 1.000000 0.002168 -0.000125 0.999998 
0.003936 -0.000201 0.999992 0.000050 0.000901 1.000000 0.000027 0.000814 1.000000 0.003929 -0.000225 0.999992 
0.003370 -0.000172 0.999994 0.000045 0.000809 1.000000 0.000024 0.000734 1.000000 0.003363 -0.000193 0.999994 
0.003031 -0.000155 0.999995 0.000040 0.000725 1.000000 0.000022 0.000658 1.000000 0.003025 -0.000173 0.999995 
0.002719 -0.000139 0.999996 0.000036 0.000640 1.000000 0.000019 0.000580 1.000000 0.002715 -0.000156 0.999996 
0.002451 -0.000125 0.999997 0.000031 0.000564 1.000000 0.000017 0.000510 1.000000 0.002446 -0.000140 0.999997 
0.002210 -0.000113 0.999998 0.000028 0.000495 1.000000 0.000015 0.000446 1.000000 0.002207 -0.000126 0.999998 
0.001991 -0.000102 0.999998 0.000024 0.000433 1.000000 0.000013 0.000389 1.000000 0.001988 -0.000114 0.999998 
0.001793 -0.000092 0.999998 0.000021 0.000375 1.000000 0.000011 0.000336 1.000000 0.001790 -0.000103 0.999998 
0.001616 -0.000083 0.999999 0.000018 0.000321 1.000000 0.000009 0.000286 1.000000 0.001614 -0.000092 0.999999 
0.002271 -0.000116 0.999997 0.000014 0.000250 1.000000 0.000007 0.000199 1.000000 0.002268 -0.000130 0.999997 
0.002035 -0.000104 0.999998 0.000011 0.000208 1.000000 0.000005 0.000162 1.000000 0.002033 -0.000116 0.999998 
0.001846 -0.000094 0.999998 0.000010 0.000188 1.000000 0.000005 0.000147 1.000000 0.001844 -0.000105 0.999998 
0.003491 -0.000177 0.999994 0.000134 0.002432 0.999997 0.000077 0.002356 0.999997 0.003475 -0.000198 0.999994 
0.003076 -0.000156 0.999995 0.000120 0.002173 0.999998 0.000069 0.002107 0.999998 0.003061 -0.000174 0.999995 
0.002698 -0.000137 0.999996 0.000107 0.001939 0.999998 0.000062 0.001881 0.999998 0.002685 -0.000153 0.999996 
0.002348 -0.000119 0.999997 0.000095 0.001725 0.999999 0.000055 0.001674 0.999999 0.002337 -0.000133 0.999997 
0.002061 -0.000105 0.999998 0.000085 0.001536 0.999999 0.000049 0.001491 0.999999 0.002051 -0.000117 0.999998 
0.001816 -0.000092 0.999998 0.000075 0.001366 0.999999 0.000043 0.001327 0.999999 0.001807 -0.000103 0.999998 
0.001598 -0.000081 0.999999 0.000066 0.001206 0.999999 0.000038 0.001171 0.999999 0.001590 -0.000090 0.999999 
0.001403 -0.000071 0.999999 0.000058 0.001050 0.999999 0.000033 0.001020 0.999999 0.001396 -0.000079 0.999999 
0.001220 -0.000062 0.999999 0.000050 0.000902 1.000000 0.000029 0.000875 1.000000 0.001214 -0.000069 0.999999 
0.000002 -0.000000 1.000000 0.000049 0.000879 1.000000 0.000029 0.000880 1.000000 -0.000003 0.000000 1.000000 
0.000329 -0.000017 1.000000 -0.000040 -0.000722 1.000000 -0.000024 -0.000730 1.000000 0.000334 -0.000019 1.000000 
0.000287 -0.000015 1.000000 -0.000036 -0.000662 1.000000 -0.000022 -0.000669 1.000000 0.000291 -0.000017 1.000000 
0.000247 -0.000013 1.000000 -0.000033 -0.000599 1.000000 -0.000020 -0.000605 1.000000 0.000250 -0.000014 1.000000 
-0.001014 0.000052 0.999999 0.000032 0.000585 1.000000 0.000020 0.000608 1.000000 -0.001018 0.000058 0.999999 
-0.003105 0.000158 0.999995 -0.000066 -0.001202 0.999999 -0.000037 -0.001133 0.999999 -0.003097 0.000176 0.999995 
-0.002649 0.000135 0.999996 -0.000088 -0.001586 0.999999 -0.000050 -0.001528 0.999999 -0.002638 0.000151 0.999997 
-0.002961 0.000151 0.999996 -0.000079 -0.001420 0.999999 -0.000045 -0.001355 0.999999 -0.002951 0.000168 0.999996 
-0.002687 0.000137 0.999996 -0.000071 -0.001280 0.999999 -0.000040 -0.001221 0.999999 -0.002678 0.000153 0.999996 
-0.004485 0.000229 0.999990 -0.000104 -0.001874 0.999998 -0.000059 -0.001776 0.999998 -0.004472 0.000256 0.999990 
-0.003294 0.000168 0.999995 -0.000152 -0.002745 0.999996 -0.000088 -0.002674 0.999996 -0.003276 0.000187 0.999995 
-0.002990 0.000152 0.999996 -0.000137 -0.002477 0.999997 -0.000079 -0.002413 0.999997 -0.002974 0.000170 0.999996 
-0.002716 0.000138 0.999996 -0.000123 -0.002222 0.999998 -0.000071 -0.002164 0.999998 -0.002702 0.000154 0.999996 
-0.002469 0.000126 0.999997 -0.000110 -0.001994 0.999998 -0.000064 -0.001941 0.999998 -0.002456 0.000140 0.999997 
-0.005082 0.000260 0.999987 -0.000035 -0.000631 1.000000 -0.000017 -0.000519 1.000000 -0.005076 0.000291 0.999987 
-0.004601 0.000236 0.999989 -0.000030 -0.000535 1.000000 -0.000014 -0.000433 1.000000 -0.004597 0.000264 0.999989 
-0.005847 0.000299 0.999983 -0.000069 -0.001240 0.999999 -0.000037 -0.001110 0.999999 -0.005838 0.000335 0.999983 
-0.006156 0.000316 0.999981 -0.000011 -0.000196 1.000000 -0.000002 -0.000058 1.000000 -0.006153 0.000354 0.999981 
-0.007404 0.000380 0.999973 -0.000073 -0.001311 0.999999 -0.000038 -0.001147 0.999999 -0.007394 0.000425 0.999973 
-0.006692 0.000343 0.999978 -0.000065 -0.001169 0.999999 -0.000034 -0.001021 0.999999 -0.006683 0.000384 0.999978 
-0.007544 0.000389 0.999971 0.000044 0.000791 1.000000 0.000032 0.000960 1.000000 -0.007547 0.000435 0.999971 
-0.010531 0.000546 0.999944 -0.000035 -0.000624 1.000000 -0.000013 -0.000390 1.000000 -0.010524 0.000610 0.999944 
-0.009499 0.000492 0.999955 -0.000030 -0.000537 1.000000 -0.000011 -0.000326 1.000000 -0.009492 0.000550 0.999955 
-0.010750 0.000557 0.999942 -0.000085 -0.001506 0.999999 -0.000043 -0.001267 0.999999 -0.010738 0.000622 0.999942 
-0.009714 0.000503 0.999953 -0.000076 -0.001360 0.999999 -0.000039 -0.001145 0.999999 -0.009703 0.000562 0.999953 
-0.008785 0.000455 0.999961 -0.000068 -0.001214 0.999999 -0.000034 -0.001019 0.999999 -0.008774 0.000508 0.999961 
-0.007949 0.000412 0.999968 -0.000061 -0.001080 0.999999 -0.000031 -0.000903 1.000000 -0.007940 0.000460 0.999968 
-0.009099 0.000471 0.999958 -0.000105 -0.001875 0.999998 -0.000056 -0.001674 0.999999 -0.009085 0.000526 0.999959 
-0.008237 0.000426 0.999966 -0.000095 -0.001688 0.999999 -0.000051 -0.001505 0.999999 -0.008224 0.000476 0.999966 
-0.007451 0.000385 0.999972 -0.000085 -0.001510 0.999999 -0.000045 -0.001345 0.999999 -0.007440 0.000430 0.999972 
-0.006737 0.000348 0.999977 -0.000076 -0.001347 0.999999 -0.000040 -0.001198 0.999999 -0.006726 0.000389 0.999977 
