0.000413 -0.000207 1.000000 0.000804 0.001621 0.999998 0.000816 0.001618 0.999998 0.000454 -0.000215 1.000000 
0.000372 -0.000187 1.000000 0.000727 0.001465 0.999999 0.000737 0.001463 0.999999 0.000409 -0.000194 1.000000 
-0.000689 0.000346 1.000000 0.001553 0.003128 0.999994 0.001570 0.003115 0.999994 -0.000626 0.000297 1.000000 
-0.002659 0.001336 0.999996 0.000646 0.001300 0.999999 0.000646 0.001280 0.999999 -0.002659 0.001262 0.999996 
-0.002426 0.001219 0.999996 0.000587 0.001181 0.999999 0.000587 0.001163 0.999999 -0.002426 0.001152 0.999996 
-0.003139 0.001579 0.999994 0.000265 0.000533 1.000000 0.000259 0.000512 1.000000 -0.003161 0.001503 0.999994 
-0.001547 0.000778 0.999999 -0.000090 -0.000182 1.000000 -0.000096 -0.000191 1.000000 -0.001568 0.000745 0.999998 
-0.001157 0.000582 0.999999 0.002645 0.005317 0.999982 0.002674 0.005294 0.999982 -0.001050 0.000499 0.999999 
-0.001077 0.000542 0.999999 0.002398 0.004821 0.999986 0.002424 0.004800 0.999986 -0.000980 0.000466 0.999999 
-0.001559 0.000784 0.999998 0.003089 0.006210 0.999976 0.003122 0.006181 0.999976 -0.001436 0.000683 0.999999 
-0.001543 0.000776 0.999999 0.003774 0.007588 0.999964 0.003816 0.007555 0.999964 -0.001389 0.000660 0.999999 
-0.001734 0.000870 0.999998 0.006277 0.012647 0.999900 0.006348 0.012597 0.999900 -0.001468 0.000696 0.999999 
-0.003097 0.001553 0.999994 0.006384 0.012865 0.999897 0.006453 0.012807 0.999897 -0.002841 0.001346 0.999995 
-0.004832 0.002425 0.999985 0.004449 0.008960 0.999950 0.004489 0.008903 0.999950 -0.004682 0.002221 0.999987 
-0.004200 0.002099 0.999989 0.008358 0.016904 0.999822 0.008449 0.016827 0.999823 -0.003865 0.001825 0.999991 
-0.007291 0.003653 0.999967 0.004774 0.009632 0.999942 0.004810 0.009558 0.999943 -0.007153 0.003386 0.999969 
-0.011511 0.005419 0.999919 0.016044 0.034430 0.999278 0.016221 0.034261 0.999281 -0.010853 0.004816 0.999930 
-0.006340 0.003015 0.999975 0.010603 0.022539 0.999690 0.010722 0.022435 0.999691 -0.005897 0.002645 0.999979 
-0.003270 0.001612 0.999993 0.001854 0.003805 0.999991 0.001868 0.003773 0.999991 -0.003219 0.001498 0.999994 
-0.004147 0.002054 0.999989 0.000196 0.000401 1.000000 0.000186 0.000374 1.000000 -0.004182 0.001956 0.999989 
-0.002826 0.001399 0.999995 0.001457 0.002975 0.999995 0.001466 0.002949 0.999995 -0.002789 0.001304 0.999995 
-0.004169 0.001985 0.999989 0.001869 0.003969 0.999990 0.001881 0.003932 0.999990 -0.004122 0.001851 0.999990 
-0.003958 0.001841 0.999990 0.001689 0.003673 0.999992 0.001700 0.003638 0.999992 -0.003914 0.001715 0.999991 
-0.003462 0.001612 0.999993 0.006939 0.015072 0.999862 0.007022 0.015008 0.999863 -0.003158 0.001386 0.999994 
-0.003160 0.001491 0.999994 0.013796 0.029571 0.999467 0.013968 0.029467 0.999468 -0.002528 0.001124 0.999996 
-0.002901 0.001377 0.999995 0.020615 0.043921 0.998822 0.020875 0.043776 0.998823 -0.001943 0.000870 0.999998 
-0.003111 0.001485 0.999994 0.024563 0.051999 0.998345 0.024872 0.051829 0.998346 -0.001974 0.000889 0.999998 
-0.005333 0.002545 0.999983 0.018047 0.038227 0.999106 0.018265 0.038083 0.999108 -0.004528 0.002038 0.999988 
-0.004924 0.002346 0.999985 0.008603 0.018252 0.999796 0.008700 0.018169 0.999797 -0.004563 0.002051 0.999987 
0.002353 -0.003454 0.999991 -0.003656 0.001631 0.999992 0.002263 0.003809 0.999990 -0.006430 -0.004398 0.999970 0.002367 0.006334 0.999977 
-0.000030 0.000043 1.000000 -0.003867 0.001718 0.999991 0.004335 0.007326 0.999964 0.000001 0.000001 1.000000 0.003270 0.008791 0.999956 
-0.000196 0.000286 1.000000 -0.003881 0.001712 0.999991 0.004902 0.008301 0.999954 0.000055 0.000038 1.000000 0.003771 0.010164 0.999941 
-0.000349 0.000506 1.000000 -0.003702 0.001618 0.999992 0.005764 0.009782 0.999936 0.000050 0.000035 1.000000 0.004568 0.012319 0.999914 
-0.000627 0.000900 0.999999 -0.002264 0.000977 0.999997 0.006271 0.010667 0.999923 0.000027 0.000019 1.000000 0.005237 0.014125 0.999887 
-0.000788 0.001123 0.999999 -0.001765 0.000755 0.999998 0.006456 0.011008 0.999919 0.000140 0.000098 1.000000 0.005468 0.014762 0.999876 
-0.000700 0.000991 0.999999 -0.000850 0.000362 1.000000 0.006360 0.010856 0.999921 0.000311 0.000221 1.000000 0.005450 0.014704 0.999877 
-0.000315 0.000444 1.000000 0.000352 -0.000149 1.000000 0.005892 0.010062 0.999932 0.000122 0.000087 1.000000 0.005162 0.013911 0.999890 
-0.000041 0.000058 1.000000 0.000500 -0.000212 1.000000 0.005167 0.008825 0.999948 0.000020 0.000014 1.000000 0.004524 0.012190 0.999915 
-0.000030 0.000042 1.000000 0.000443 -0.000188 1.000000 0.004187 0.007152 0.999966 0.000015 0.000011 1.000000 0.003670 0.009890 0.999944 
-0.000021 0.000029 1.000000 0.000362 -0.000154 1.000000 0.002893 0.004942 0.999984 0.000017 0.000012 1.000000 0.002541 0.006847 0.999973 
0.000080 -0.000113 1.000000 0.000154 -0.000065 1.000000 0.001431 0.002444 0.999996 -0.000026 -0.000019 1.000000 0.001244 0.003353 0.999994 
0.001038 -0.001462 0.999998 0.000042 -0.000018 1.000000 0.000001 0.000001 1.000000 -0.000035 -0.000025 1.000000 -0.000179 -0.000482 1.000000 
0.003120 -0.004404 0.999985 0.000890 -0.000378 1.000000 -0.000034 -0.000058 1.000000 0.000160 0.000114 1.000000 -0.000532 -0.001445 0.999999 
0.007190 -0.010172 0.999922 -0.001432 0.000609 0.999999 0.000182 0.000317 1.000000 0.000296 0.000210 1.000000 -0.001354 -0.003759 0.999992 
0.011823 -0.016715 0.999790 -0.001252 0.000533 0.999999 0.000022 0.000040 1.000000 0.000542 0.000385 1.000000 -0.002279 -0.006519 0.999976 
0.015468 -0.021817 0.999642 -0.001111 0.000473 0.999999 -0.000452 -0.000813 1.000000 0.000204 0.000145 1.000000 -0.003150 -0.009244 0.999952 
0.017745 -0.025011 0.999530 -0.000987 0.000420 0.999999 -0.000784 -0.001425 0.999999 0.000151 0.000107 1.000000 -0.003733 -0.011130 0.999931 
0.018723 -0.026393 0.999476 -0.000852 0.000362 1.000000 -0.000896 -0.001635 0.999998 0.000449 0.000320 1.000000 -0.004010 -0.012025 0.999920 
0.019039 -0.026837 0.999458 -0.000730 0.000310 1.000000 -0.000832 -0.001518 0.999999 0.000935 0.000666 0.999999 -0.004085 -0.012260 0.999917 
0.019034 -0.026828 0.999459 -0.000618 0.000263 1.000000 -0.000525 -0.000957 0.999999 0.001997 0.001422 0.999997 -0.004016 -0.012065 0.999919 
0.018765 -0.026447 0.999474 -0.000621 0.000264 1.000000 0.000039 0.000071 1.000000 0.003585 0.002554 0.999990 -0.003805 -0.011439 0.999927 
0.018363 -0.025819 0.999498 -0.000504 0.000215 1.000000 0.000023 0.000043 1.000000 0.003611 0.002579 0.999990 -0.003744 -0.011248 0.999930 
0.017903 -0.025113 0.999524 -0.000414 0.000176 1.000000 0.000015 0.000027 1.000000 0.003703 0.002651 0.999990 -0.003682 -0.011055 0.999932 
0.017466 -0.024452 0.999548 -0.000352 0.000150 1.000000 0.000012 0.000022 1.000000 0.003716 0.002665 0.999990 -0.003608 -0.010827 0.999935 
0.017132 -0.023955 0.999566 -0.000309 0.000132 1.000000 0.000011 0.000020 1.000000 0.003714 0.002667 0.999990 -0.003549 -0.010645 0.999937 
0.016907 -0.023620 0.999578 -0.000269 0.000115 1.000000 0.000011 0.000020 1.000000 0.003714 0.002669 0.999990 -0.003508 -0.010519 0.999939 
0.016693 -0.023309 0.999589 0.003121 -0.001329 0.999994 -0.000040 -0.000073 1.000000 0.003650 0.002624 0.999990 -0.003157 -0.009438 0.999950 
0.016539 -0.023085 0.999597 0.003019 -0.001285 0.999995 -0.000008 -0.000015 1.000000 0.003592 0.002584 0.999990 -0.003105 -0.009281 0.999952 
0.016357 -0.022825 0.999606 0.002638 -0.001122 0.999996 -0.000003 -0.000005 1.000000 0.003528 0.002538 0.999991 -0.003099 -0.009259 0.999952 
0.016166 -0.022553 0.999615 0.002081 -0.000885 0.999997 -0.000002 -0.000004 1.000000 0.003391 0.002441 0.999991 -0.003099 -0.009259 0.999952 
0.016054 -0.022398 0.999620 0.001867 -0.000794 0.999998 -0.000001 -0.000001 1.000000 0.003366 0.002422 0.999991 -0.003097 -0.009252 0.999952 
0.015939 -0.022238 0.999626 0.003491 -0.001484 0.999993 -0.000035 -0.000064 1.000000 0.003326 0.002393 0.999992 -0.002932 -0.008750 0.999957 
0.015782 -0.022018 0.999633 0.002730 -0.001160 0.999996 0.000000 0.000000 1.000000 0.003206 0.002307 0.999992 -0.002933 -0.008755 0.999957 
0.015613 -0.021782 0.999641 0.002268 -0.000964 0.999997 -0.000001 -0.000001 1.000000 0.003111 0.002239 0.999993 -0.002936 -0.008764 0.999957 
0.015472 -0.021582 0.999647 0.001682 -0.000715 0.999998 0.000000 0.000001 1.000000 0.002932 0.002110 0.999993 -0.002940 -0.008773 0.999957 
0.015343 -0.021403 0.999653 0.004025 -0.001710 0.999990 -0.000057 -0.000104 1.000000 0.002871 0.002066 0.999994 -0.002714 -0.008085 0.999964 
0.015181 -0.021177 0.999660 0.003643 -0.001548 0.999992 -0.000058 -0.000105 1.000000 0.002835 0.002040 0.999994 -0.002721 -0.008104 0.999963 
0.014991 -0.020911 0.999669 0.002873 -0.001221 0.999995 -0.000005 -0.000010 1.000000 0.002758 0.001985 0.999994 -0.002712 -0.008078 0.999964 
0.014796 -0.020637 0.999678 0.001675 -0.000711 0.999998 0.000059 0.000107 1.000000 0.002696 0.001940 0.999994 -0.002738 -0.008162 0.999963 
0.014621 -0.020386 0.999685 0.001548 -0.000657 0.999999 -0.000008 -0.000015 1.000000 0.002478 0.001784 0.999995 -0.002737 -0.008157 0.999963 
0.014502 -0.020219 0.999690 0.001165 -0.000495 0.999999 0.000001 0.000002 1.000000 0.002430 0.001750 0.999996 -0.002741 -0.008167 0.999963 
0.014407 -0.020085 0.999694 0.000744 -0.000316 1.000000 -0.000002 -0.000003 1.000000 0.002359 0.001699 0.999996 -0.002758 -0.008219 0.999962 
0.014305 -0.019941 0.999699 0.001897 -0.000805 0.999998 -0.000030 -0.000055 1.000000 0.002326 0.001675 0.999996 -0.002639 -0.007859 0.999966 
0.014169 -0.019747 0.999705 0.000762 -0.000323 1.000000 0.000015 0.000027 1.000000 0.002234 0.001609 0.999996 -0.002679 -0.007981 0.999965 
0.014058 -0.019590 0.999709 0.000494 -0.000210 1.000000 0.000000 0.000000 1.000000 0.002125 0.001531 0.999997 -0.002681 -0.007984 0.999965 
0.013990 -0.019495 0.999712 0.001714 -0.000727 0.999998 -0.000029 -0.000053 1.000000 0.002082 0.001500 0.999997 -0.002559 -0.007619 0.999968 
0.013868 -0.019322 0.999717 0.003709 -0.001572 0.999992 -0.000000 -0.000001 1.000000 0.002039 0.001469 0.999997 -0.002301 -0.006841 0.999974 
0.013748 -0.019152 0.999722 0.003363 -0.001426 0.999993 -0.000002 -0.000004 1.000000 0.002019 0.001455 0.999997 -0.002314 -0.006881 0.999974 
0.013595 -0.018938 0.999728 0.003043 -0.001290 0.999995 -0.000005 -0.000008 1.000000 0.001983 0.001429 0.999997 -0.002318 -0.006891 0.999974 
0.013414 -0.018679 0.999736 0.002342 -0.000992 0.999997 0.000000 0.000000 1.000000 0.001768 0.001275 0.999998 -0.002316 -0.006887 0.999974 
0.013267 -0.018469 0.999741 0.001483 -0.000628 0.999999 -0.000003 -0.000006 1.000000 0.001607 0.001158 0.999998 -0.002354 -0.007000 0.999973 
0.013175 -0.018340 0.999745 0.001334 -0.000565 0.999999 -0.000004 -0.000008 1.000000 0.001598 0.001152 0.999998 -0.002353 -0.006998 0.999973 
0.013065 -0.018185 0.999749 0.001189 -0.000504 0.999999 -0.000005 -0.000008 1.000000 0.001588 0.001145 0.999998 -0.002348 -0.006983 0.999973 
0.012930 -0.017991 0.999755 0.000691 -0.000293 1.000000 0.000001 0.000002 1.000000 0.001466 0.001057 0.999998 -0.002350 -0.006988 0.999973 
0.012846 -0.017869 0.999758 0.000504 -0.000213 1.000000 0.000006 0.000011 1.000000 0.001374 0.000992 0.999999 -0.002334 -0.006940 0.999973 
0.012808 -0.017814 0.999759 0.000437 -0.000185 1.000000 -0.000003 -0.000006 1.000000 0.001359 0.000980 0.999999 -0.002339 -0.006956 0.999973 
0.012765 -0.017755 0.999761 0.000387 -0.000164 1.000000 -0.000004 -0.000007 1.000000 0.001382 0.000997 0.999999 -0.002343 -0.006965 0.999973 
0.012703 -0.017665 0.999763 0.000347 -0.000147 1.000000 -0.000004 -0.000006 1.000000 0.001407 0.001016 0.999998 -0.002341 -0.006959 0.999973 
0.012631 -0.017561 0.999766 0.000309 -0.000131 1.000000 -0.000003 -0.000006 1.000000 0.001435 0.001036 0.999998 -0.002338 -0.006949 0.999973 
0.012572 -0.017476 0.999768 -0.000022 0.000009 1.000000 0.000052 0.000095 1.000000 0.001440 0.001040 0.999998 -0.002318 -0.006890 0.999974 
0.012558 -0.017452 0.999769 -0.000028 0.000012 1.000000 0.000005 0.000010 1.000000 0.001391 0.001005 0.999999 -0.002345 -0.006971 0.999973 
0.012556 -0.017448 0.999769 -0.000361 0.000153 1.000000 0.000050 0.000091 1.000000 0.001349 0.000974 0.999999 -0.002334 -0.006939 0.999973 
0.012577 -0.017477 0.999768 -0.000317 0.000134 1.000000 0.000044 0.000079 1.000000 0.001377 0.000995 0.999999 -0.002344 -0.006968 0.999973 
0.012562 -0.017451 0.999769 0.000810 -0.000343 1.000000 0.000005 0.000009 1.000000 0.001388 0.001003 0.999999 -0.002258 -0.006709 0.999975 
0.012510 -0.017374 0.999771 0.000349 -0.000148 1.000000 0.000031 0.000056 1.000000 0.001324 0.000957 0.999999 -0.002264 -0.006727 0.999975 
0.012484 -0.017336 0.999772 0.000312 -0.000132 1.000000 0.000004 0.000008 1.000000 0.001297 0.000938 0.999999 -0.002280 -0.006775 0.999974 
0.012439 -0.017266 0.999774 -0.000634 0.000268 1.000000 0.000085 0.000155 1.000000 0.001174 0.000849 0.999999 -0.002280 -0.006777 0.999974 
0.012447 -0.017273 0.999773 0.001416 -0.000599 0.999999 0.000005 0.000009 1.000000 0.001067 0.000772 0.999999 -0.002115 -0.006280 0.999978 
0.012422 -0.017238 0.999774 0.001886 -0.000797 0.999998 0.000005 0.000009 1.000000 0.001092 0.000790 0.999999 -0.002067 -0.006135 0.999979 
0.012350 -0.017135 0.999777 0.002313 -0.000977 0.999997 -0.000009 -0.000016 1.000000 0.001103 0.000798 0.999999 -0.002024 -0.006007 0.999980 
0.012232 -0.016964 0.999781 0.001592 -0.000672 0.999999 0.000023 0.000041 1.000000 0.000982 0.000710 0.999999 -0.002030 -0.006025 0.999980 
0.012127 -0.016815 0.999785 0.001430 -0.000604 0.999999 -0.000000 -0.000000 1.000000 0.000925 0.000669 0.999999 -0.002038 -0.006048 0.999980 
0.012017 -0.016663 0.999789 0.001291 -0.000545 0.999999 -0.000000 -0.000000 1.000000 0.000924 0.000669 0.999999 -0.002034 -0.006036 0.999980 
0.011915 -0.016520 0.999793 0.001161 -0.000490 0.999999 0.000000 0.000001 1.000000 0.000923 0.000668 0.999999 -0.002030 -0.006024 0.999980 
0.011790 -0.016343 0.999797 0.000229 -0.000097 1.000000 0.000073 0.000133 1.000000 0.000890 0.000644 0.999999 -0.002039 -0.006053 0.999980 
0.011716 -0.016236 0.999800 0.000200 -0.000084 1.000000 0.000025 0.000046 1.000000 0.000876 0.000635 0.999999 -0.002067 -0.006136 0.999979 
0.011692 -0.016202 0.999800 0.000176 -0.000074 1.000000 0.000008 0.000015 1.000000 0.000869 0.000629 0.999999 -0.002078 -0.006168 0.999979 
0.011666 -0.016166 0.999801 0.000165 -0.000070 1.000000 0.000022 0.000041 1.000000 0.000895 0.000648 0.999999 -0.002068 -0.006139 0.999979 
0.011634 -0.016121 0.999802 0.000163 -0.000069 1.000000 0.000062 0.000113 1.000000 0.000955 0.000692 0.999999 -0.002042 -0.006060 0.999980 
0.011578 -0.016040 0.999804 0.001050 -0.000443 0.999999 0.000085 0.000155 1.000000 0.001016 0.000736 0.999999 -0.001932 -0.005732 0.999982 
0.011490 -0.015917 0.999807 0.000974 -0.000411 0.999999 0.000153 0.000279 1.000000 0.001101 0.000798 0.999999 -0.001885 -0.005592 0.999983 
0.011389 -0.015777 0.999811 0.000899 -0.000380 1.000000 0.000242 0.000440 1.000000 0.001201 0.000871 0.999999 -0.001821 -0.005403 0.999984 
0.011296 -0.015648 0.999814 0.000829 -0.000350 1.000000 0.000323 0.000588 1.000000 0.001292 0.000936 0.999999 -0.001762 -0.005229 0.999985 
0.011212 -0.015532 0.999817 0.000766 -0.000323 1.000000 0.000397 0.000721 1.000000 0.001374 0.000996 0.999999 -0.001709 -0.005072 0.999986 
0.011136 -0.015426 0.999819 0.000709 -0.000299 1.000000 0.000463 0.000842 1.000000 0.001449 0.001050 0.999998 -0.001661 -0.004930 0.999986 
0.011067 -0.015330 0.999821 0.000657 -0.000278 1.000000 0.000523 0.000952 0.999999 0.001516 0.001098 0.999998 -0.001618 -0.004802 0.999987 
0.011004 -0.015244 0.999823 0.000611 -0.000258 1.000000 0.000578 0.001051 0.999999 0.001577 0.001143 0.999998 -0.001579 -0.004685 0.999988 
0.010947 -0.015165 0.999825 0.000569 -0.000240 1.000000 0.000627 0.001140 0.999999 0.001634 0.001184 0.999998 -0.001544 -0.004581 0.999988 
0.010896 -0.015094 0.999827 0.000530 -0.000224 1.000000 0.000671 0.001221 0.999999 0.001685 0.001221 0.999998 -0.001512 -0.004486 0.999989 
0.010843 -0.015020 0.999828 0.000157 -0.000066 1.000000 0.000778 0.001415 0.999999 0.001708 0.001238 0.999998 -0.001458 -0.004326 0.999990 
0.010797 -0.014955 0.999830 0.001163 -0.000491 0.999999 0.000784 0.001426 0.999999 0.001799 0.001304 0.999998 -0.001357 -0.004025 0.999991 
0.010721 -0.014849 0.999832 0.001085 -0.000458 0.999999 0.000846 0.001538 0.999998 0.001900 0.001377 0.999997 -0.001320 -0.003916 0.999991 
0.010633 -0.014727 0.999835 0.001004 -0.000424 0.999999 0.000909 0.001653 0.999998 0.001962 0.001422 0.999997 -0.001273 -0.003778 0.999992 
0.010553 -0.014616 0.999837 0.000930 -0.000392 0.999999 0.000966 0.001757 0.999998 0.002018 0.001463 0.999997 -0.001231 -0.003652 0.999993 
0.010480 -0.014515 0.999840 0.000863 -0.000364 1.000000 0.001017 0.001850 0.999998 0.002069 0.001500 0.999997 -0.001193 -0.003538 0.999993 
0.010414 -0.014424 0.999842 0.000802 -0.000338 1.000000 0.001064 0.001935 0.999998 0.002116 0.001533 0.999997 -0.001158 -0.003436 0.999993 
0.010353 -0.014338 0.999844 0.000744 -0.000314 1.000000 0.001107 0.002013 0.999997 0.002158 0.001564 0.999996 -0.001127 -0.003342 0.999994 
0.010291 -0.014252 0.999845 0.000260 -0.000110 1.000000 0.001261 0.002295 0.999997 0.002188 0.001586 0.999996 -0.001043 -0.003096 0.999995 
0.010261 -0.014212 0.999846 0.000252 -0.000106 1.000000 0.001307 0.002378 0.999996 0.002322 0.001683 0.999996 -0.001026 -0.003046 0.999995 
0.010217 -0.014148 0.999848 0.001974 -0.000833 0.999998 0.001295 0.002354 0.999996 0.002351 0.001704 0.999996 -0.000856 -0.002537 0.999996 
0.010145 -0.014048 0.999850 0.001821 -0.000768 0.999998 0.001343 0.002442 0.999996 0.002407 0.001745 0.999996 -0.000830 -0.002460 0.999997 
0.010053 -0.013919 0.999853 0.001688 -0.000712 0.999998 0.001414 0.002571 0.999996 0.002474 0.001794 0.999995 -0.000782 -0.002320 0.999997 
0.009938 -0.013760 0.999856 0.001563 -0.000659 0.999999 0.001484 0.002698 0.999995 0.002532 0.001836 0.999995 -0.000729 -0.002161 0.999997 
0.009827 -0.013606 0.999859 0.001444 -0.000609 0.999999 0.001549 0.002816 0.999995 0.002583 0.001873 0.999995 -0.000679 -0.002013 0.999998 
0.009726 -0.013466 0.999862 0.001336 -0.000564 0.999999 0.001607 0.002922 0.999994 0.002630 0.001907 0.999995 -0.000634 -0.001879 0.999998 
0.009634 -0.013340 0.999865 0.001239 -0.000522 0.999999 0.001660 0.003018 0.999994 0.002672 0.001937 0.999995 -0.000593 -0.001757 0.999998 
0.009552 -0.013225 0.999867 0.001151 -0.000485 0.999999 0.001708 0.003105 0.999994 0.002711 0.001965 0.999994 -0.000556 -0.001648 0.999998 
0.009486 -0.013133 0.999869 0.003986 -0.001681 0.999991 0.001672 0.003038 0.999994 0.002700 0.001957 0.999994 -0.000277 -0.000819 1.000000 
0.009392 -0.013001 0.999871 0.003635 -0.001533 0.999992 0.001689 0.003068 0.999994 0.002741 0.001988 0.999994 -0.000292 -0.000864 1.000000 
0.009342 -0.012933 0.999873 0.003322 -0.001401 0.999993 0.001732 0.003147 0.999994 0.002816 0.002042 0.999994 -0.000294 -0.000871 1.000000 
0.009233 -0.012782 0.999876 0.003043 -0.001283 0.999995 0.001785 0.003243 0.999993 0.002944 0.002134 0.999993 -0.000286 -0.000845 1.000000 
0.009142 -0.012656 0.999878 0.002794 -0.001178 0.999995 0.001854 0.003368 0.999993 0.003016 0.002187 0.999993 -0.000253 -0.000748 1.000000 
0.009040 -0.012515 0.999881 0.002570 -0.001084 0.999996 0.001924 0.003496 0.999992 0.003065 0.002222 0.999993 -0.000210 -0.000622 1.000000 
0.008925 -0.012356 0.999884 0.002368 -0.000998 0.999997 0.001990 0.003615 0.999991 0.003103 0.002250 0.999993 -0.000165 -0.000487 1.000000 
0.008796 -0.012178 0.999887 0.002185 -0.000921 0.999997 0.002052 0.003728 0.999991 0.003133 0.002272 0.999993 -0.000117 -0.000345 1.000000 
0.008660 -0.011989 0.999891 0.002015 -0.000850 0.999998 0.002111 0.003834 0.999990 0.003157 0.002289 0.999992 -0.000067 -0.000200 1.000000 
0.008534 -0.011814 0.999894 0.001858 -0.000784 0.999998 0.002164 0.003931 0.999990 0.003178 0.002304 0.999992 -0.000023 -0.000067 1.000000 
0.008398 -0.011625 0.999897 0.001717 -0.000724 0.999998 0.002210 0.004014 0.999990 0.003234 0.002345 0.999992 0.000013 0.000038 1.000000 
0.008293 -0.011480 0.999900 0.001588 -0.000669 0.999999 0.002254 0.004094 0.999989 0.003262 0.002366 0.999992 0.000048 0.000142 1.000000 
0.008199 -0.011349 0.999902 0.001472 -0.000621 0.999999 0.002294 0.004167 0.999989 0.003296 0.002390 0.999992 0.000078 0.000232 1.000000 
0.008109 -0.011225 0.999904 0.000125 -0.000052 1.000000 0.002416 0.004392 0.999987 0.003337 0.002420 0.999992 0.000047 0.000139 1.000000 
0.008015 -0.011093 0.999906 0.001385 -0.000583 0.999999 0.002439 0.004431 0.999987 0.003361 0.002437 0.999991 0.000209 0.000617 1.000000 
0.007920 -0.010961 0.999909 0.001231 -0.000518 0.999999 0.002478 0.004502 0.999987 0.003433 0.002490 0.999991 0.000227 0.000672 1.000000 
0.007837 -0.010845 0.999910 0.001145 -0.000483 0.999999 0.002530 0.004597 0.999986 0.003507 0.002544 0.999991 0.000262 0.000775 1.000000 
0.007759 -0.010736 0.999912 0.000426 -0.000179 1.000000 0.002699 0.004905 0.999984 0.003493 0.002534 0.999991 0.000343 0.001014 0.999999 
0.007716 -0.010676 0.999913 0.000406 -0.000171 1.000000 0.002687 0.004883 0.999984 0.003487 0.002530 0.999991 0.000339 0.001004 0.999999 
0.007682 -0.010628 0.999914 0.000401 -0.000169 1.000000 0.002706 0.004917 0.999984 0.003532 0.002563 0.999990 0.000351 0.001040 0.999999 
0.007646 -0.010579 0.999915 0.000395 -0.000166 1.000000 0.002743 0.004985 0.999984 0.003599 0.002611 0.999990 0.000375 0.001110 0.999999 
0.007610 -0.010528 0.999916 0.000391 -0.000165 1.000000 0.002794 0.005077 0.999983 0.003691 0.002678 0.999990 0.000406 0.001201 0.999999 
0.007576 -0.010481 0.999916 0.000386 -0.000162 1.000000 0.002841 0.005162 0.999983 0.003783 0.002745 0.999989 0.000432 0.001280 0.999999 
0.007539 -0.010430 0.999917 0.000382 -0.000161 1.000000 0.002881 0.005236 0.999982 0.003872 0.002810 0.999989 0.000455 0.001347 0.999999 
0.007510 -0.010390 0.999918 0.000379 -0.000159 1.000000 0.002920 0.005306 0.999982 0.003952 0.002867 0.999988 0.000477 0.001411 0.999999 
0.007490 -0.010361 0.999918 0.000384 -0.000162 1.000000 0.002954 0.005368 0.999981 0.004033 0.002927 0.999988 0.000494 0.001461 0.999999 
0.007469 -0.010334 0.999919 0.000387 -0.000163 1.000000 0.002984 0.005424 0.999981 0.004100 0.002975 0.999987 0.000510 0.001511 0.999999 
0.007447 -0.010302 0.999919 0.000384 -0.000162 1.000000 0.003013 0.005476 0.999980 0.004167 0.003024 0.999987 0.000525 0.001555 0.999999 
0.007427 -0.010274 0.999920 0.001817 -0.000765 0.999998 0.002991 0.005434 0.999981 0.004226 0.003067 0.999986 0.000649 0.001919 0.999998 
0.007370 -0.010191 0.999921 0.000981 -0.000413 0.999999 0.003083 0.005602 0.999980 0.004080 0.002961 0.999987 0.000675 0.001998 0.999998 
0.007309 -0.010105 0.999922 0.000919 -0.000386 1.000000 0.003029 0.005504 0.999980 0.004031 0.002927 0.999988 0.000643 0.001903 0.999998 
0.007254 -0.010028 0.999923 0.000868 -0.000365 1.000000 0.003020 0.005488 0.999980 0.004044 0.002936 0.999988 0.000637 0.001886 0.999998 
0.007207 -0.009962 0.999924 -0.000377 0.000159 1.000000 0.003166 0.005756 0.999978 0.004029 0.002926 0.999988 0.000640 0.001894 0.999998 
0.007199 -0.009950 0.999925 -0.000310 0.000130 1.000000 0.003169 0.005761 0.999978 0.004100 0.002978 0.999987 0.000637 0.001886 0.999998 
0.007209 -0.009963 0.999924 -0.000237 0.000100 1.000000 0.003188 0.005795 0.999978 0.004172 0.003030 0.999987 0.000645 0.001911 0.999998 
0.007222 -0.009981 0.999924 -0.000160 0.000067 1.000000 0.003230 0.005872 0.999978 0.004267 0.003100 0.999986 0.000668 0.001979 0.999998 
0.007231 -0.009993 0.999924 -0.000090 0.000038 1.000000 0.003276 0.005956 0.999977 0.004375 0.003178 0.999985 0.000692 0.002050 0.999998 
0.007239 -0.010004 0.999924 -0.000026 0.000011 1.000000 0.003318 0.006032 0.999976 0.004480 0.003254 0.999985 0.000713 0.002111 0.999998 
0.007245 -0.010013 0.999924 0.000031 -0.000013 1.000000 0.003356 0.006101 0.999976 0.004579 0.003326 0.999984 0.000731 0.002164 0.999997 
0.007251 -0.010021 0.999923 0.000083 -0.000035 1.000000 0.003390 0.006164 0.999975 0.004673 0.003394 0.999983 0.000747 0.002211 0.999997 
0.007255 -0.010026 0.999923 -0.000465 0.000195 1.000000 0.003540 0.006438 0.999973 0.004711 0.003422 0.999983 0.000806 0.002388 0.999997 
0.007282 -0.010062 0.999923 -0.000379 0.000159 1.000000 0.003517 0.006395 0.999973 0.004722 0.003431 0.999983 0.000789 0.002338 0.999997 
0.007312 -0.010103 0.999922 -0.000288 0.000121 1.000000 0.003529 0.006417 0.999973 0.004786 0.003477 0.999982 0.000792 0.002346 0.999997 
0.007338 -0.010139 0.999922 -0.000200 0.000084 1.000000 0.003562 0.006478 0.999973 0.004873 0.003541 0.999982 0.000808 0.002394 0.999997 
0.007359 -0.010168 0.999921 -0.000120 0.000050 1.000000 0.003598 0.006543 0.999972 0.004980 0.003618 0.999981 0.000823 0.002438 0.999997 
0.007377 -0.010193 0.999921 -0.000047 0.000020 1.000000 0.003631 0.006603 0.999972 0.005078 0.003689 0.999980 0.000837 0.002478 0.999997 
0.007394 -0.010216 0.999920 0.000018 -0.000008 1.000000 0.003661 0.006657 0.999971 0.005169 0.003756 0.999980 0.000849 0.002513 0.999996 
0.007409 -0.010236 0.999920 0.000077 -0.000033 1.000000 0.003688 0.006706 0.999971 0.005253 0.003817 0.999979 0.000859 0.002544 0.999996 
0.007420 -0.010252 0.999920 0.000129 -0.000054 1.000000 0.003712 0.006751 0.999970 0.005329 0.003872 0.999978 0.000869 0.002573 0.999996 
0.007410 -0.010237 0.999920 -0.000240 0.000101 1.000000 0.003821 0.006950 0.999969 0.005365 0.003899 0.999978 0.000916 0.002712 0.999996 
0.007429 -0.010263 0.999920 -0.000174 0.000073 1.000000 0.003801 0.006913 0.999969 0.005370 0.003903 0.999978 0.000902 0.002671 0.999996 
0.007455 -0.010298 0.999919 -0.000096 0.000040 1.000000 0.003814 0.006937 0.999969 0.005424 0.003942 0.999978 0.000906 0.002685 0.999996 
0.007476 -0.010327 0.999919 -0.000021 0.000009 1.000000 0.003844 0.006992 0.999968 0.005509 0.004004 0.999977 0.000920 0.002726 0.999996 
0.007495 -0.010353 0.999918 0.000048 -0.000020 1.000000 0.003873 0.007044 0.999968 0.005597 0.004067 0.999976 0.000931 0.002759 0.999996 
0.007512 -0.010377 0.999918 0.000109 -0.000046 1.000000 0.003898 0.007091 0.999967 0.005679 0.004127 0.999975 0.000941 0.002788 0.999996 
0.007521 -0.010389 0.999918 0.000155 -0.000065 1.000000 0.003923 0.007136 0.999967 0.005751 0.004180 0.999975 0.000951 0.002818 0.999996 
0.007528 -0.010399 0.999918 0.000197 -0.000083 1.000000 0.003945 0.007176 0.999966 0.005824 0.004232 0.999974 0.000959 0.002842 0.999996 
0.007530 -0.010401 0.999918 -0.000229 0.000096 1.000000 0.004048 0.007364 0.999965 0.005853 0.004254 0.999974 0.000995 0.002947 0.999995 
0.007555 -0.010435 0.999917 -0.000157 0.000066 1.000000 0.004025 0.007323 0.999965 0.005855 0.004256 0.999974 0.000979 0.002900 0.999995 
0.007585 -0.010475 0.999916 -0.000076 0.000032 1.000000 0.004035 0.007341 0.999965 0.005904 0.004292 0.999973 0.000982 0.002909 0.999995 
0.007611 -0.010511 0.999916 0.000002 -0.000001 1.000000 0.004062 0.007390 0.999964 0.005983 0.004349 0.999973 0.000993 0.002942 0.999995 
0.007633 -0.010542 0.999915 0.000073 -0.000031 1.000000 0.004086 0.007434 0.999964 0.006063 0.004407 0.999972 0.001002 0.002969 0.999995 
0.007653 -0.010569 0.999915 0.000135 -0.000057 1.000000 0.004108 0.007475 0.999964 0.006136 0.004461 0.999971 0.001010 0.002993 0.999995 
