0.000183 -0.001452 0.999999 0.002380 0.000290 0.999997 0.002369 0.000303 0.999997 0.000145 -0.001403 0.999999 
0.000249 -0.001972 0.999998 0.003844 0.000468 0.999993 0.003829 0.000490 0.999993 0.000196 -0.001891 0.999998 
-0.000034 0.000271 1.000000 0.002900 0.000353 0.999996 0.002899 0.000371 0.999996 -0.000035 0.000336 1.000000 
-0.000113 0.000893 1.000000 -0.000370 -0.000045 1.000000 -0.000364 -0.000047 1.000000 -0.000093 0.000887 1.000000 
-0.000268 0.002107 0.999998 -0.000897 -0.000110 1.000000 -0.000883 -0.000114 1.000000 -0.000219 0.002092 0.999998 
-0.000148 0.001162 0.999999 0.001096 0.000135 0.999999 0.001103 0.000142 0.999999 -0.000125 0.001189 0.999999 
-0.000394 0.003081 0.999995 -0.002399 -0.000296 0.999997 -0.002379 -0.000308 0.999997 -0.000319 0.003035 0.999995 
-0.000636 0.004967 0.999987 0.000308 0.000038 1.000000 0.000338 0.000044 1.000000 -0.000525 0.004987 0.999987 
-0.000765 0.005976 0.999982 -0.000295 -0.000037 1.000000 -0.000259 -0.000034 1.000000 -0.000631 0.005984 0.999982 
-0.000817 0.006374 0.999979 0.001309 0.000162 0.999999 0.001347 0.000175 0.999999 -0.000677 0.006419 0.999979 
-0.001183 0.009226 0.999957 0.001554 0.000192 0.999999 0.001610 0.000209 0.999999 -0.000980 0.009283 0.999956 
-0.001299 0.010127 0.999948 0.003163 0.000391 0.999995 0.003222 0.000419 0.999995 -0.001080 0.010223 0.999947 
-0.001420 0.011057 0.999938 0.001288 0.000160 0.999999 0.001355 0.000176 0.999999 -0.001176 0.011113 0.999938 
-0.002153 0.016751 0.999857 0.003012 0.000374 0.999995 0.003113 0.000405 0.999995 -0.001786 0.016860 0.999856 
-0.002135 0.016589 0.999860 0.003888 0.000483 0.999992 0.003987 0.000520 0.999992 -0.001773 0.016717 0.999859 
-0.002396 0.018567 0.999825 0.001732 0.000216 0.999998 0.001845 0.000241 0.999998 -0.001985 0.018652 0.999824 
-0.002578 0.019980 0.999797 0.001586 0.000198 0.999999 0.001707 0.000223 0.999999 -0.002135 0.020065 0.999796 
-0.002950 0.022857 0.999734 0.001457 0.000182 0.999999 0.001596 0.000209 0.999999 -0.002442 0.022947 0.999734 
-0.003393 0.026291 0.999649 0.001347 0.000168 0.999999 0.001506 0.000197 0.999999 -0.002808 0.026386 0.999648 
-0.003806 0.029497 0.999558 0.001250 0.000156 0.999999 0.001429 0.000187 0.999999 -0.003150 0.029598 0.999557 
-0.004193 0.032493 0.999463 0.001166 0.000145 0.999999 0.001363 0.000178 0.999999 -0.003469 0.032600 0.999462 
-0.004555 0.035299 0.999366 0.001091 0.000136 0.999999 0.001306 0.000171 0.999999 -0.003768 0.035411 0.999366 
-0.003843 0.029801 0.999548 0.000863 0.000107 1.000000 0.001045 0.000137 0.999999 -0.003179 0.029894 0.999548 
-0.003419 0.026515 0.999643 0.000714 0.000089 1.000000 0.000875 0.000114 1.000000 -0.002828 0.026597 0.999642 
-0.003098 0.024024 0.999707 0.000599 0.000075 1.000000 0.000745 0.000097 1.000000 -0.002562 0.024097 0.999706 
-0.003275 0.025397 0.999672 0.000519 0.000065 1.000000 0.000674 0.000088 1.000000 -0.002708 0.025472 0.999672 
-0.003778 0.029302 0.999563 0.000463 0.000058 1.000000 0.000642 0.000084 1.000000 -0.003124 0.029385 0.999563 
-0.003030 0.025567 0.999669 0.003577 0.000408 0.999994 0.003731 0.000448 0.999993 -0.002466 0.025704 0.999667 
-0.002889 0.027198 0.999626 0.010089 0.001024 0.999949 0.010249 0.001104 0.999947 -0.002300 0.027477 0.999620 
-0.002070 0.025334 0.999677 0.002205 0.000170 0.999998 0.002359 0.000197 0.999997 -0.001507 0.025419 0.999676 
-0.001624 0.020020 0.999798 0.001980 0.000152 0.999998 0.002101 0.000174 0.999998 -0.001179 0.020093 0.999797 
-0.000462 0.005700 0.999984 0.000934 0.000072 1.000000 0.000968 0.000080 1.000000 -0.000336 0.005729 0.999984 
-0.000301 0.003637 0.999993 -0.002470 -0.000193 0.999997 -0.002447 -0.000207 0.999997 -0.000216 0.003587 0.999994 
-0.001054 0.012544 0.999921 0.004290 0.000342 0.999991 0.004365 0.000374 0.999990 -0.000780 0.012658 0.999920 
0.001957 0.000143 0.999998 0.180487 -0.009050 0.983536 0.000359 0.007653 0.999971 0.015863 -0.105526 0.994290 -0.000556 0.011369 0.999935 0.002490 -0.018511 0.999826 
0.002472 0.000169 0.999997 0.107971 -0.007610 0.994125 0.000873 0.012981 0.999915 0.009781 -0.054283 0.998478 -0.000433 0.009829 0.999952 0.000142 -0.000900 1.000000 
0.014732 0.001032 0.999891 0.072846 -0.006306 0.997323 0.000732 0.008697 0.999962 0.004762 -0.029048 0.999567 -0.000033 0.000723 1.000000 -0.000371 0.002773 0.999996 
0.029463 0.002195 0.999563 0.049144 -0.004902 0.998780 0.000554 0.005676 0.999984 0.001423 -0.011173 0.999937 0.000296 -0.005912 0.999982 -0.000241 0.002724 0.999996 
0.040759 -0.004283 0.999160 0.023521 0.001937 0.999721 0.000455 -0.007850 0.999969 -0.000186 0.002462 0.999997 0.000144 0.001398 0.999999 0.001118 -0.009376 0.999955 
0.037050 -0.003974 0.999305 0.013086 0.001165 0.999914 0.000385 -0.005946 0.999982 -0.000065 0.000904 1.000000 -0.000221 -0.002091 0.999998 0.001469 -0.012349 0.999923 
0.037366 -0.004134 0.999293 0.002833 0.000258 0.999996 0.000280 -0.004176 0.999991 0.000039 -0.000555 1.000000 -0.000480 -0.004402 0.999990 0.002079 -0.017566 0.999844 
0.042463 -0.004854 0.999086 0.003167 0.000287 0.999995 0.000382 -0.005774 0.999983 0.000217 -0.003172 0.999995 -0.001011 -0.008957 0.999959 0.002494 -0.021292 0.999770 
0.054516 -0.006332 0.998493 0.002898 0.000261 0.999996 0.000375 -0.005681 0.999984 0.000356 -0.005163 0.999987 -0.001668 -0.014480 0.999894 0.003218 -0.027338 0.999621 
0.072688 -0.008135 0.997322 0.009757 0.000855 0.999952 0.000993 -0.015707 0.999876 0.000832 -0.010489 0.999945 -0.002796 -0.024963 0.999684 0.004657 -0.037334 0.999292 
0.089634 -0.009581 0.995929 0.007939 0.000692 0.999968 0.000974 -0.015516 0.999879 0.001582 -0.016537 0.999862 -0.003780 -0.034904 0.999384 0.006662 -0.048385 0.998807 
0.007252 0.000634 0.999974 0.100556 -0.010143 0.994880 -0.004470 -0.043179 0.999057 0.008506 -0.057625 0.998302 0.001026 -0.016246 0.999867 0.002548 -0.023526 0.999720 
0.008876 0.000794 0.999960 0.104523 -0.010122 0.994471 -0.004958 -0.049408 0.998766 0.009605 -0.063569 0.997931 0.001317 -0.020256 0.999794 0.003358 -0.029845 0.999549 
0.008102 0.000746 0.999967 0.105962 -0.009995 0.994320 -0.005192 -0.052832 0.998590 0.010235 -0.066984 0.997702 0.001466 -0.021664 0.999764 0.003788 -0.033218 0.999441 
0.007403 0.000703 0.999972 0.106916 -0.009857 0.994219 -0.005275 -0.054721 0.998488 0.010748 -0.069460 0.997527 0.001698 -0.024048 0.999709 0.004041 -0.034953 0.999381 
0.006773 0.000659 0.999977 0.108270 -0.009789 0.994073 -0.005274 -0.055632 0.998437 0.011249 -0.071349 0.997388 0.001915 -0.026277 0.999653 0.004209 -0.035546 0.999359 
0.006260 0.000622 0.999980 0.109490 -0.009709 0.993941 -0.005216 -0.055984 0.998418 0.011701 -0.072700 0.997285 0.002100 -0.028051 0.999604 0.004335 -0.035625 0.999356 
0.005895 0.000596 0.999982 0.110336 -0.009579 0.993848 -0.005113 -0.055966 0.998420 0.012069 -0.073517 0.997221 0.002239 -0.029229 0.999570 0.004433 -0.035457 0.999361 
0.005582 0.000574 0.999984 0.110784 -0.009429 0.993800 -0.005004 -0.055820 0.998428 0.012323 -0.073835 0.997194 0.002329 -0.029740 0.999555 0.004496 -0.035180 0.999371 
0.005127 0.000533 0.999987 0.110844 -0.009302 0.993794 -0.004907 -0.055490 0.998447 0.012445 -0.073700 0.997203 0.002359 -0.029670 0.999557 0.004502 -0.034674 0.999389 
0.004709 0.000493 0.999989 0.110393 -0.009183 0.993846 -0.004804 -0.054855 0.998483 0.012393 -0.072967 0.997257 0.002328 -0.028972 0.999578 0.004435 -0.033905 0.999415 
0.004324 0.000454 0.999991 0.109611 -0.009097 0.993933 -0.004688 -0.053745 0.998544 0.012182 -0.071638 0.997356 0.002237 -0.027737 0.999613 0.004280 -0.032677 0.999457 
0.003976 0.000418 0.999992 0.108585 -0.009029 0.994046 -0.004544 -0.052141 0.998629 0.011842 -0.069731 0.997496 0.002095 -0.025967 0.999661 0.004047 -0.030960 0.999512 
0.003652 0.000384 0.999993 0.107344 -0.008947 0.994182 -0.004357 -0.050057 0.998737 0.011410 -0.067303 0.997667 0.001909 -0.023666 0.999718 0.003755 -0.028805 0.999578 
0.003334 0.000350 0.999994 0.105914 -0.008852 0.994336 -0.004131 -0.047512 0.998862 0.010900 -0.064414 0.997864 0.001715 -0.021259 0.999773 0.003395 -0.026117 0.999653 
0.003040 0.000319 0.999995 0.104311 -0.008747 0.994506 -0.003861 -0.044474 0.999003 0.010325 -0.061120 0.998077 0.001533 -0.018992 0.999818 0.002963 -0.022858 0.999734 
0.002766 0.000291 0.999996 0.102500 -0.008622 0.994696 -0.003545 -0.040933 0.999156 0.009680 -0.057393 0.998305 0.001357 -0.016818 0.999858 0.002460 -0.019024 0.999816 
0.002509 0.000263 0.999997 0.100448 -0.008469 0.994906 -0.003180 -0.036847 0.999316 0.008963 -0.053221 0.998543 0.001187 -0.014705 0.999891 0.001885 -0.014606 0.999892 
0.002760 0.000290 0.999996 0.098011 -0.008271 0.995151 -0.002766 -0.032229 0.999477 0.008137 -0.048472 0.998791 0.001031 -0.012783 0.999918 0.001253 -0.009752 0.999952 
0.002456 0.000259 0.999997 0.091632 -0.007649 0.995764 -0.002187 -0.026002 0.999660 0.007531 -0.044765 0.998969 0.000888 -0.010939 0.999940 0.000945 -0.007341 0.999973 
0.003256 0.000356 0.999995 0.085570 -0.006756 0.996309 -0.001712 -0.021653 0.999764 0.006987 -0.041258 0.999124 0.000790 -0.009300 0.999956 0.000801 -0.006176 0.999981 
0.079456 -0.005775 0.996822 0.005055 0.000581 0.999987 0.000693 -0.007649 0.999971 0.000732 -0.005603 0.999984 -0.001381 -0.019058 0.999817 0.006356 -0.037222 0.999287 
0.073758 -0.004836 0.997264 0.006335 0.000768 0.999980 0.000600 -0.006198 0.999981 0.000704 -0.005350 0.999985 -0.001140 -0.017516 0.999846 0.005800 -0.033662 0.999416 
0.068285 -0.003969 0.997658 0.006694 0.000856 0.999977 0.000475 -0.004586 0.999989 0.000698 -0.005261 0.999986 -0.000937 -0.016301 0.999867 0.005329 -0.030651 0.999516 
0.062611 -0.003154 0.998033 0.006427 0.000864 0.999979 0.000331 -0.003007 0.999995 0.000703 -0.005252 0.999986 -0.000760 -0.015331 0.999882 0.004887 -0.027860 0.999600 
0.057366 -0.002554 0.998350 0.005299 0.000728 0.999986 0.000308 -0.002727 0.999996 0.000678 -0.005019 0.999987 -0.000639 -0.014655 0.999892 0.004552 -0.025831 0.999656 
0.052777 -0.002153 0.998604 0.004077 0.000571 0.999992 0.000284 -0.002462 0.999997 0.000661 -0.004875 0.999988 -0.000566 -0.014219 0.999899 0.004271 -0.024147 0.999699 
0.048639 -0.001851 0.998815 0.002362 0.000335 0.999997 0.000260 -0.002214 0.999998 0.000667 -0.004909 0.999988 -0.000524 -0.014173 0.999899 0.004071 -0.022965 0.999728 
0.044704 -0.001616 0.998999 0.000942 0.000135 1.000000 0.000236 -0.001987 0.999998 0.000684 -0.005021 0.999987 -0.000507 -0.014487 0.999895 0.003854 -0.021702 0.999757 
0.041304 -0.001461 0.999146 0.000857 0.000123 1.000000 0.000215 -0.001805 0.999998 0.000700 -0.005131 0.999987 -0.000507 -0.014818 0.999890 0.003565 -0.020056 0.999793 
0.038424 -0.001320 0.999261 0.000772 0.000111 1.000000 0.000194 -0.001630 0.999999 0.000715 -0.005225 0.999986 -0.000501 -0.015092 0.999886 0.003322 -0.018668 0.999820 
0.035975 -0.001222 0.999352 0.000685 0.000098 1.000000 0.000172 -0.001447 0.999999 0.000733 -0.005346 0.999985 -0.000505 -0.015426 0.999881 0.003114 -0.017485 0.999842 
0.033399 -0.001136 0.999441 0.000600 0.000086 1.000000 0.000151 -0.001273 0.999999 0.000748 -0.005458 0.999985 -0.000516 -0.015736 0.999876 0.002893 -0.016238 0.999864 
0.030517 -0.001035 0.999534 0.000724 0.000104 1.000000 0.000167 -0.001400 0.999999 0.000786 -0.005728 0.999983 -0.000529 -0.016203 0.999869 0.002661 -0.014931 0.999885 
0.027667 -0.000933 0.999617 0.000647 0.000093 1.000000 0.000150 -0.001261 0.999999 0.000803 -0.005853 0.999983 -0.000539 -0.016622 0.999862 0.002414 -0.013538 0.999905 
0.024923 -0.000844 0.999689 -0.000390 -0.000056 1.000000 0.000209 -0.001756 0.999998 0.000785 -0.005718 0.999983 -0.000557 -0.017134 0.999853 0.002246 -0.012593 0.999918 
0.022199 -0.000745 0.999753 0.001414 0.000203 0.999999 0.000389 -0.003267 0.999995 0.000867 -0.006323 0.999980 -0.000558 -0.017330 0.999850 0.002025 -0.011364 0.999933 
0.019876 -0.000662 0.999802 0.001264 0.000181 0.999999 0.000349 -0.002933 0.999996 0.000876 -0.006385 0.999979 -0.000562 -0.017625 0.999845 0.001815 -0.010182 0.999947 
0.017661 -0.000582 0.999844 0.001123 0.000161 0.999999 0.000313 -0.002627 0.999997 0.000884 -0.006435 0.999979 -0.000563 -0.017875 0.999840 0.001616 -0.009059 0.999958 
0.015439 -0.000502 0.999881 0.000703 0.000101 1.000000 0.000286 -0.002406 0.999997 0.000886 -0.006435 0.999979 -0.000558 -0.017956 0.999839 0.001446 -0.008101 0.999966 
0.013212 -0.000424 0.999913 0.001204 0.000173 0.999999 0.000479 -0.004024 0.999992 0.000906 -0.006582 0.999978 -0.000549 -0.017970 0.999838 0.001323 -0.007417 0.999972 
0.011254 -0.000357 0.999937 0.001083 0.000155 0.999999 0.000433 -0.003640 0.999993 0.000897 -0.006513 0.999978 -0.000538 -0.017869 0.999840 0.001139 -0.006384 0.999979 
0.009523 -0.000298 0.999955 0.000967 0.000139 1.000000 0.000390 -0.003279 0.999995 0.000885 -0.006413 0.999979 -0.000526 -0.017706 0.999843 0.000974 -0.005456 0.999985 
0.007989 -0.000248 0.999968 0.000860 0.000123 1.000000 0.000351 -0.002954 0.999996 0.000870 -0.006303 0.999980 -0.000515 -0.017502 0.999847 0.000827 -0.004633 0.999989 
0.006716 -0.000207 0.999977 0.000762 0.000109 1.000000 0.000316 -0.002652 0.999996 0.000856 -0.006192 0.999980 -0.000504 -0.017280 0.999851 0.000704 -0.003942 0.999992 
0.005630 -0.000172 0.999984 -0.000002 -0.000000 1.000000 0.000343 -0.002882 0.999996 0.000818 -0.005921 0.999982 -0.000496 -0.017163 0.999853 0.000652 -0.003653 0.999993 
0.004892 -0.000149 0.999988 -0.000011 -0.000002 1.000000 0.000344 -0.002889 0.999996 0.000805 -0.005824 0.999983 -0.000489 -0.017031 0.999855 0.000582 -0.003256 0.999995 
0.004367 -0.000132 0.999990 0.001231 0.000177 0.999999 0.000356 -0.002982 0.999995 0.000860 -0.006231 0.999980 -0.000482 -0.016945 0.999856 0.000504 -0.002824 0.999996 
0.004057 -0.000122 0.999992 0.001103 0.000159 0.999999 0.000324 -0.002718 0.999996 0.000848 -0.006143 0.999981 -0.000474 -0.016767 0.999859 0.000469 -0.002630 0.999996 
0.003952 -0.000118 0.999992 0.000995 0.000143 0.999999 0.000297 -0.002490 0.999997 0.000836 -0.006059 0.999981 -0.000471 -0.016662 0.999861 0.000449 -0.002518 0.999997 
0.003955 -0.000118 0.999992 0.000895 0.000129 1.000000 0.000272 -0.002277 0.999997 0.000827 -0.005993 0.999982 -0.000469 -0.016592 0.999862 0.000440 -0.002464 0.999997 
0.004042 -0.000121 0.999992 0.001425 0.000205 0.999999 0.000279 -0.002339 0.999997 0.000849 -0.006159 0.999981 -0.000469 -0.016590 0.999862 0.000431 -0.002418 0.999997 
0.004253 -0.000128 0.999991 0.001956 0.000281 0.999998 0.000221 -0.001853 0.999998 0.000884 -0.006417 0.999979 -0.000469 -0.016592 0.999862 0.000418 -0.002345 0.999997 
0.004610 -0.000139 0.999989 0.001761 0.000253 0.999998 0.000203 -0.001698 0.999999 0.000872 -0.006334 0.999980 -0.000470 -0.016571 0.999863 0.000444 -0.002495 0.999997 
0.004999 -0.000151 0.999987 0.000007 0.000001 1.000000 0.000504 -0.004213 0.999991 0.000786 -0.005708 0.999983 -0.000477 -0.016718 0.999860 0.000660 -0.003700 0.999993 
0.005483 -0.000166 0.999985 0.001803 0.000260 0.999998 0.000678 -0.005670 0.999984 0.000841 -0.006118 0.999981 -0.000478 -0.016733 0.999860 0.000690 -0.003877 0.999992 
0.006065 -0.000183 0.999982 0.003024 0.000436 0.999995 0.000563 -0.004709 0.999989 0.000922 -0.006723 0.999977 -0.000477 -0.016739 0.999860 0.000678 -0.003813 0.999993 
0.006817 -0.000206 0.999977 0.002343 0.000338 0.999997 0.000578 -0.004832 0.999988 0.000888 -0.006479 0.999979 -0.000480 -0.016775 0.999859 0.000766 -0.004312 0.999990 
0.007661 -0.000233 0.999971 0.001844 0.000266 0.999998 0.000600 -0.005016 0.999987 0.000867 -0.006322 0.999980 -0.000482 -0.016780 0.999859 0.000867 -0.004875 0.999988 
0.008464 -0.000257 0.999964 0.001002 0.000145 0.999999 0.000558 -0.004660 0.999989 0.000846 -0.006183 0.999981 -0.000484 -0.016826 0.999858 0.000962 -0.005420 0.999985 
0.009447 -0.000289 0.999955 0.000906 0.000131 1.000000 0.000508 -0.004237 0.999991 0.000840 -0.006148 0.999981 -0.000487 -0.016827 0.999858 0.001026 -0.005778 0.999983 
0.010460 -0.000321 0.999945 0.000819 0.000118 1.000000 0.000463 -0.003863 0.999992 0.000836 -0.006121 0.999981 -0.000491 -0.016843 0.999858 0.001094 -0.006163 0.999980 
0.011484 -0.000355 0.999934 0.001716 0.000247 0.999998 0.000539 -0.004498 0.999990 0.000865 -0.006341 0.999980 -0.000495 -0.016907 0.999857 0.001169 -0.006597 0.999978 
0.012528 -0.000389 0.999921 0.002682 0.000387 0.999996 0.000628 -0.005252 0.999986 0.000897 -0.006586 0.999978 -0.000501 -0.016976 0.999856 0.001251 -0.007063 0.999974 
0.013651 -0.000426 0.999907 0.002423 0.000349 0.999997 0.000571 -0.004772 0.999988 0.000889 -0.006532 0.999978 -0.000505 -0.017004 0.999855 0.001332 -0.007524 0.999971 
0.014737 -0.000463 0.999891 0.001616 0.000233 0.999999 0.000574 -0.004794 0.999988 0.000865 -0.006358 0.999979 -0.000510 -0.017052 0.999854 0.001465 -0.008275 0.999965 
0.015839 -0.000501 0.999874 0.001469 0.000212 0.999999 0.000524 -0.004379 0.999990 0.000860 -0.006326 0.999980 -0.000515 -0.017077 0.999854 0.001542 -0.008711 0.999961 
0.016771 -0.000533 0.999859 0.001851 0.000267 0.999998 0.000738 -0.006179 0.999981 0.000900 -0.006630 0.999978 -0.000522 -0.017226 0.999851 0.001726 -0.009763 0.999951 
0.017752 -0.000569 0.999842 0.001680 0.000242 0.999999 0.000673 -0.005633 0.999984 0.000893 -0.006582 0.999978 -0.000528 -0.017258 0.999851 0.001784 -0.010096 0.999947 
0.018781 -0.000606 0.999823 0.001530 0.000220 0.999999 0.000614 -0.005141 0.999987 0.000884 -0.006525 0.999978 -0.000531 -0.017245 0.999851 0.001849 -0.010464 0.999944 
0.019753 -0.000640 0.999805 0.001393 0.000201 0.999999 0.000561 -0.004698 0.999989 0.000877 -0.006475 0.999979 -0.000534 -0.017239 0.999851 0.001911 -0.010817 0.999940 
0.020624 -0.000671 0.999787 0.001558 0.000224 0.999999 0.000529 -0.004429 0.999990 0.000884 -0.006531 0.999978 -0.000538 -0.017268 0.999851 0.001962 -0.011115 0.999936 
0.021397 -0.000699 0.999771 0.001104 0.000159 0.999999 0.000493 -0.004120 0.999991 0.000874 -0.006462 0.999979 -0.000540 -0.017264 0.999851 0.002039 -0.011550 0.999931 
0.022125 -0.000725 0.999755 0.001012 0.000146 0.999999 0.000452 -0.003777 0.999993 0.000867 -0.006412 0.999979 -0.000541 -0.017245 0.999851 0.002083 -0.011801 0.999928 
0.022746 -0.000748 0.999741 0.000930 0.000134 1.000000 0.000416 -0.003479 0.999994 0.000860 -0.006365 0.999979 -0.000543 -0.017225 0.999851 0.002120 -0.012010 0.999926 
0.023198 -0.000765 0.999731 0.002166 0.000312 0.999998 0.000544 -0.004556 0.999989 0.000896 -0.006639 0.999978 -0.000545 -0.017241 0.999851 0.002151 -0.012204 0.999923 
0.024304 -0.000797 0.999704 0.003213 0.000462 0.999995 0.000581 -0.004866 0.999988 0.000940 -0.006970 0.999975 -0.000565 -0.017966 0.999838 0.002184 -0.012400 0.999921 
0.024654 -0.000809 0.999696 0.004131 0.000593 0.999991 0.000669 -0.005614 0.999984 0.000972 -0.007218 0.999973 -0.000567 -0.018024 0.999837 0.002209 -0.012563 0.999919 
0.025060 -0.000825 0.999686 0.003749 0.000538 0.999993 0.000610 -0.005123 0.999987 0.000958 -0.007119 0.999974 -0.000568 -0.017993 0.999838 0.002235 -0.012711 0.999917 
0.025366 -0.000836 0.999678 0.004518 0.000648 0.999990 0.000691 -0.005809 0.999983 0.000983 -0.007310 0.999973 -0.000570 -0.018012 0.999838 0.002259 -0.012865 0.999915 
0.025685 -0.000849 0.999670 0.004100 0.000588 0.999991 0.000631 -0.005302 0.999986 0.000967 -0.007199 0.999974 -0.000570 -0.017974 0.999838 0.002279 -0.012976 0.999913 
0.025860 -0.000855 0.999665 0.004457 0.000639 0.999990 0.000616 -0.005175 0.999986 0.000984 -0.007338 0.999973 -0.000571 -0.017969 0.999838 0.002275 -0.012976 0.999913 
0.025990 -0.000862 0.999662 0.003399 0.000487 0.999994 0.000607 -0.005106 0.999987 0.000946 -0.007051 0.999975 -0.000572 -0.017925 0.999839 0.002330 -0.013285 0.999909 
0.026078 -0.000867 0.999660 0.003091 0.000443 0.999995 0.000556 -0.004673 0.999989 0.000932 -0.006947 0.999975 -0.000571 -0.017853 0.999840 0.002328 -0.013272 0.999909 
0.026061 -0.000867 0.999660 0.002810 0.000403 0.999996 0.000510 -0.004285 0.999991 0.000918 -0.006847 0.999976 -0.000568 -0.017772 0.999842 0.002317 -0.013213 0.999910 
0.025908 -0.000862 0.999664 0.003308 0.000474 0.999994 0.000557 -0.004688 0.999989 0.000931 -0.006946 0.999975 -0.000567 -0.017729 0.999843 0.002301 -0.013127 0.999911 
0.025687 -0.000854 0.999670 0.004823 0.000690 0.999988 0.000731 -0.006167 0.999981 0.000974 -0.007278 0.999973 -0.000566 -0.017701 0.999843 0.002284 -0.013053 0.999912 
0.025522 -0.000849 0.999674 0.004377 0.000626 0.999990 0.000668 -0.005631 0.999984 0.000957 -0.007153 0.999974 -0.000564 -0.017653 0.999844 0.002262 -0.012926 0.999914 
0.025261 -0.000839 0.999681 0.004641 0.000664 0.999989 0.000688 -0.005810 0.999983 0.000965 -0.007216 0.999973 -0.000563 -0.017653 0.999844 0.002236 -0.012785 0.999916 
0.024981 -0.000831 0.999688 0.003436 0.000491 0.999994 0.000684 -0.005775 0.999983 0.000921 -0.006886 0.999976 -0.000562 -0.017614 0.999845 0.002264 -0.012939 0.999914 
0.024657 -0.000821 0.999696 0.003123 0.000446 0.999995 0.000624 -0.005268 0.999986 0.000908 -0.006786 0.999977 -0.000560 -0.017539 0.999846 0.002224 -0.012711 0.999917 
0.024297 -0.000808 0.999704 0.002832 0.000405 0.999996 0.000570 -0.004813 0.999988 0.000894 -0.006685 0.999977 -0.000557 -0.017450 0.999848 0.002182 -0.012474 0.999920 
0.023896 -0.000793 0.999714 0.003466 0.000495 0.999994 0.000628 -0.005307 0.999986 0.000912 -0.006819 0.999976 -0.000554 -0.017404 0.999848 0.002144 -0.012261 0.999923 
0.023540 -0.000781 0.999723 0.003146 0.000449 0.999995 0.000573 -0.004842 0.999988 0.000898 -0.006718 0.999977 -0.000552 -0.017332 0.999850 0.002104 -0.012033 0.999925 
0.023053 -0.000762 0.999734 0.004151 0.000592 0.999991 0.000758 -0.006411 0.999979 0.000930 -0.006958 0.999975 -0.000549 -0.017325 0.999850 0.002099 -0.012018 0.999926 
0.022682 -0.000749 0.999742 0.003764 0.000537 0.999993 0.000690 -0.005842 0.999983 0.000917 -0.006862 0.999976 -0.000548 -0.017314 0.999850 0.002056 -0.011768 0.999929 
0.022255 -0.000734 0.999752 0.003409 0.000486 0.999994 0.000874 -0.007394 0.999972 0.000864 -0.006470 0.999979 -0.000547 -0.017294 0.999850 0.002073 -0.011868 0.999927 
0.021765 -0.000716 0.999763 0.003501 0.000499 0.999994 0.000958 -0.008120 0.999967 0.000881 -0.006598 0.999978 -0.000547 -0.017352 0.999849 0.002080 -0.011911 0.999927 
0.021253 -0.000698 0.999774 0.002072 0.000295 0.999998 0.001041 -0.008824 0.999961 0.000819 -0.006122 0.999981 -0.000547 -0.017413 0.999848 0.002119 -0.012130 0.999924 
0.020671 -0.000675 0.999786 0.003279 0.000467 0.999995 0.000987 -0.008370 0.999964 0.000897 -0.006717 0.999977 -0.000546 -0.017481 0.999847 0.002031 -0.011639 0.999930 
0.020082 -0.000650 0.999798 0.002860 0.000408 0.999996 0.001050 -0.008872 0.999960 0.000907 -0.006789 0.999977 -0.000549 -0.017735 0.999843 0.002043 -0.011702 0.999929 
0.019427 -0.000626 0.999811 0.003462 0.000495 0.999994 0.001112 -0.009396 0.999955 0.000977 -0.007329 0.999973 -0.000555 -0.018032 0.999837 0.002032 -0.011654 0.999930 
0.019041 -0.000608 0.999819 0.005103 0.000729 0.999987 0.001093 -0.009230 0.999957 0.001080 -0.008122 0.999966 -0.000563 -0.018446 0.999830 0.001950 -0.011207 0.999935 
0.018801 -0.000600 0.999823 0.005000 0.000714 0.999987 0.001279 -0.010824 0.999941 0.001068 -0.008039 0.999967 -0.000572 -0.018753 0.999824 0.001994 -0.011466 0.999932 
0.018700 -0.000596 0.999825 0.002822 0.000403 0.999996 0.001299 -0.010981 0.999939 0.000996 -0.007485 0.999971 -0.000581 -0.019050 0.999818 0.002077 -0.011935 0.999927 
0.018566 -0.000596 0.999827 0.002559 0.000365 0.999997 0.001179 -0.009969 0.999950 0.000991 -0.007452 0.999972 -0.000589 -0.019193 0.999816 0.002020 -0.011609 0.999931 
0.018278 -0.000586 0.999833 0.004675 0.000667 0.999989 0.001253 -0.010610 0.999943 0.001085 -0.008177 0.999966 -0.000591 -0.019278 0.999814 0.001957 -0.011269 0.999935 
0.017973 -0.000568 0.999838 0.008184 0.001167 0.999966 0.001464 -0.012404 0.999922 0.001235 -0.009347 0.999956 -0.000590 -0.019558 0.999809 0.001894 -0.010943 0.999938 
0.017886 -0.000563 0.999840 0.007402 0.001056 0.999972 0.001326 -0.011235 0.999936 0.001207 -0.009129 0.999958 -0.000590 -0.019624 0.999807 0.001852 -0.010702 0.999941 
0.017842 -0.000563 0.999841 0.006346 0.000905 0.999979 0.001206 -0.010209 0.999947 0.001174 -0.008884 0.999960 -0.000590 -0.019573 0.999808 0.001847 -0.010670 0.999941 
0.017833 -0.000567 0.999841 0.005741 0.000819 0.999983 0.001094 -0.009258 0.999957 0.001140 -0.008634 0.999962 -0.000589 -0.019419 0.999811 0.001815 -0.010485 0.999943 
0.017766 -0.000566 0.999842 0.004880 0.000697 0.999988 0.001009 -0.008536 0.999963 0.001104 -0.008360 0.999964 -0.000585 -0.019211 0.999815 0.001811 -0.010464 0.999944 
0.017537 -0.000558 0.999846 0.004518 0.000645 0.999990 0.001225 -0.010367 0.999946 0.001074 -0.008137 0.999966 -0.000583 -0.019165 0.999816 0.001888 -0.010913 0.999939 
0.017481 -0.000557 0.999847 0.004095 0.000584 0.999991 0.001112 -0.009411 0.999955 0.001046 -0.007923 0.999968 -0.000576 -0.018953 0.999820 0.001846 -0.010667 0.999941 
0.017426 -0.000554 0.999848 0.004853 0.000692 0.999988 0.001147 -0.009719 0.999952 0.001056 -0.008009 0.999967 -0.000571 -0.018800 0.999823 0.001814 -0.010493 0.999943 
0.017309 -0.000551 0.999850 0.002615 0.000373 0.999997 0.001326 -0.011214 0.999936 0.000937 -0.007093 0.999974 -0.000569 -0.018716 0.999825 0.001938 -0.011191 0.999936 
0.017242 -0.000550 0.999851 0.002373 0.000339 0.999997 0.001202 -0.010169 0.999948 0.000921 -0.006973 0.999975 -0.000564 -0.018524 0.999828 0.001888 -0.010903 0.999939 
0.017026 -0.000542 0.999855 0.002220 0.000317 0.999997 0.001160 -0.009813 0.999951 0.000939 -0.007120 0.999974 -0.000559 -0.018392 0.999831 0.001892 -0.010938 0.999938 
0.016909 -0.000538 0.999857 0.002019 0.000288 0.999998 0.001053 -0.008910 0.999960 0.000922 -0.006985 0.999975 -0.000553 -0.018200 0.999834 0.001840 -0.010635 0.999942 
0.016738 -0.000534 0.999860 0.000750 0.000107 1.000000 0.001116 -0.009448 0.999955 0.000850 -0.006441 0.999979 -0.000548 -0.018022 0.999837 0.001887 -0.010903 0.999939 
0.016510 -0.000524 0.999864 0.001457 0.000208 0.999999 0.001052 -0.008913 0.999960 0.000879 -0.006666 0.999977 -0.000547 -0.018047 0.999837 0.001812 -0.010477 0.999943 
0.016307 -0.000516 0.999867 0.003463 0.000494 0.999994 0.000862 -0.007294 0.999973 0.000993 -0.007546 0.999971 -0.000542 -0.017972 0.999838 0.001678 -0.009716 0.999951 
0.016133 -0.000510 0.999870 0.004485 0.000639 0.999990 0.000944 -0.008001 0.999968 0.001014 -0.007712 0.999970 -0.000540 -0.017903 0.999840 0.001643 -0.009526 0.999953 
0.016046 -0.000508 0.999871 0.004060 0.000579 0.999992 0.000857 -0.007263 0.999973 0.000991 -0.007539 0.999971 -0.000538 -0.017817 0.999841 0.001609 -0.009331 0.999955 
0.015943 -0.000505 0.999873 0.005230 0.000746 0.999986 0.000706 -0.005980 0.999982 0.001062 -0.008092 0.999967 -0.000536 -0.017765 0.999842 0.001521 -0.008828 0.999960 
0.015781 -0.000501 0.999875 0.002932 0.000418 0.999996 0.000799 -0.006759 0.999977 0.000964 -0.007341 0.999973 -0.000538 -0.017784 0.999842 0.001626 -0.009427 0.999954 
0.015673 -0.000498 0.999877 0.002657 0.000379 0.999996 0.000727 -0.006155 0.999981 0.000944 -0.007190 0.999974 -0.000536 -0.017678 0.999844 0.001589 -0.009217 0.999956 
0.015556 -0.000496 0.999879 0.002409 0.000344 0.999997 0.000663 -0.005611 0.999984 0.000924 -0.007035 0.999975 -0.000532 -0.017534 0.999846 0.001555 -0.009017 0.999958 
0.015378 -0.000490 0.999882 0.002189 0.000312 0.999998 0.000606 -0.005128 0.999987 0.000903 -0.006878 0.999976 -0.000527 -0.017359 0.999849 0.001517 -0.008800 0.999960 
0.015156 -0.000483 0.999885 0.001988 0.000284 0.999998 0.000553 -0.004679 0.999989 0.000884 -0.006732 0.999977 -0.000522 -0.017188 0.999852 0.001478 -0.008572 0.999962 
0.014932 -0.000476 0.999888 0.001805 0.000258 0.999998 0.000506 -0.004285 0.999991 0.000867 -0.006602 0.999978 -0.000517 -0.017043 0.999855 0.001441 -0.008357 0.999964 
0.014730 -0.000470 0.999891 0.001637 0.000234 0.999999 0.000463 -0.003917 0.999992 0.000851 -0.006483 0.999979 -0.000514 -0.016913 0.999857 0.001407 -0.008160 0.999966 
0.014536 -0.000463 0.999894 0.002221 0.000317 0.999997 0.000513 -0.004345 0.999990 0.000862 -0.006568 0.999978 -0.000511 -0.016847 0.999858 0.001380 -0.008011 0.999967 
0.014227 -0.000452 0.999899 0.001535 0.000219 0.999999 0.000791 -0.006686 0.999977 0.000805 -0.006143 0.999981 -0.000512 -0.016904 0.999857 0.001468 -0.008524 0.999963 
0.013941 -0.000442 0.999903 0.001233 0.000176 0.999999 0.000838 -0.007096 0.999974 0.000804 -0.006138 0.999981 -0.000512 -0.016989 0.999856 0.001486 -0.008631 0.999962 
0.013654 -0.000430 0.999907 0.001594 0.000228 0.999999 0.000759 -0.006412 0.999979 0.000826 -0.006313 0.999980 -0.000511 -0.017060 0.999854 0.001417 -0.008238 0.999965 
0.013267 -0.000416 0.999912 0.001775 0.000254 0.999998 0.000753 -0.006355 0.999980 0.000874 -0.006685 0.999977 -0.000512 -0.017161 0.999853 0.001418 -0.008250 0.999965 
0.013003 -0.000406 0.999915 0.000447 0.000064 1.000000 0.000818 -0.006908 0.999976 0.000817 -0.006248 0.999980 -0.000514 -0.017286 0.999850 0.001463 -0.008510 0.999963 
0.012755 -0.000398 0.999919 0.001352 0.000193 0.999999 0.000878 -0.007430 0.999972 0.000839 -0.006424 0.999979 -0.000514 -0.017335 0.999850 0.001417 -0.008255 0.999965 
0.012662 -0.000397 0.999920 0.001228 0.000175 0.999999 0.000798 -0.006754 0.999977 0.000833 -0.006374 0.999979 -0.000516 -0.017313 0.999850 0.001377 -0.008021 0.999967 
0.012518 -0.000394 0.999922 0.001112 0.000158 0.999999 0.000726 -0.006144 0.999981 0.000823 -0.006305 0.999980 -0.000515 -0.017231 0.999851 0.001336 -0.007781 0.999969 
0.012369 -0.000388 0.999923 0.001333 0.000190 0.999999 0.000965 -0.008187 0.999966 0.000809 -0.006203 0.999980 -0.000515 -0.017252 0.999851 0.001396 -0.008139 0.999966 
0.012163 -0.000379 0.999926 0.003383 0.000482 0.999994 0.000994 -0.008430 0.999964 0.000924 -0.007100 0.999974 -0.000512 -0.017313 0.999850 0.001353 -0.007908 0.999968 
0.012001 -0.000371 0.999928 0.003927 0.000560 0.999992 0.001034 -0.008759 0.999961 0.000941 -0.007246 0.999973 -0.000513 -0.017471 0.999847 0.001325 -0.007748 0.999969 
0.011971 -0.000370 0.999928 0.003548 0.000506 0.999994 0.000937 -0.007937 0.999968 0.000929 -0.007147 0.999974 -0.000515 -0.017513 0.999847 0.001292 -0.007561 0.999971 
0.012016 -0.000372 0.999928 0.004890 0.000697 0.999988 0.000933 -0.007905 0.999968 0.000984 -0.007593 0.999971 -0.000516 -0.017528 0.999846 0.001249 -0.007315 0.999972 
0.012114 -0.000374 0.999927 0.006213 0.000885 0.999980 0.000934 -0.007916 0.999968 0.001041 -0.008042 0.999967 -0.000515 -0.017562 0.999846 0.001213 -0.007115 0.999974 
0.012232 -0.000378 0.999925 0.004935 0.000703 0.999988 0.000883 -0.007483 0.999972 0.000998 -0.007714 0.999970 -0.000516 -0.017555 0.999846 0.001256 -0.007368 0.999972 
0.012412 -0.000384 0.999923 0.005728 0.000817 0.999983 0.000673 -0.005699 0.999984 0.001061 -0.008211 0.999966 -0.000516 -0.017549 0.999846 0.001186 -0.006963 0.999975 
0.012607 -0.000392 0.999920 0.004069 0.000580 0.999992 0.000771 -0.006530 0.999978 0.000978 -0.007568 0.999971 -0.000516 -0.017474 0.999847 0.001289 -0.007569 0.999971 
0.012771 -0.000398 0.999918 0.003218 0.000459 0.999995 0.000741 -0.006276 0.999980 0.000943 -0.007298 0.999973 -0.000515 -0.017401 0.999848 0.001323 -0.007764 0.999969 
0.012949 -0.000405 0.999916 0.002919 0.000416 0.999996 0.000676 -0.005721 0.999983 0.000921 -0.007133 0.999974 -0.000514 -0.017280 0.999851 0.001314 -0.007712 0.999969 
0.013037 -0.000409 0.999915 0.002159 0.000308 0.999998 0.000657 -0.005567 0.999984 0.000888 -0.006878 0.999976 -0.000512 -0.017164 0.999853 0.001343 -0.007882 0.999968 
0.013112 -0.000412 0.999914 0.001962 0.000280 0.999998 0.000601 -0.005086 0.999987 0.000870 -0.006738 0.999977 -0.000509 -0.017028 0.999855 0.001326 -0.007781 0.999969 
0.013096 -0.000412 0.999914 0.000748 0.000107 1.000000 0.000623 -0.005274 0.999986 0.000819 -0.006335 0.999980 -0.000506 -0.016930 0.999857 0.001379 -0.008091 0.999966 
0.013051 -0.000411 0.999915 0.000686 0.000098 1.000000 0.000568 -0.004808 0.999988 0.000807 -0.006242 0.999980 -0.000503 -0.016799 0.999859 0.001348 -0.007912 0.999968 
