-0.005541 -0.001124 0.999984 0.001576 -0.007600 0.999970 0.001537 -0.007644 0.999970 -0.005682 -0.001285 0.999983 
-0.004832 -0.000978 0.999988 0.001955 -0.009448 0.999953 0.001903 -0.009490 0.999953 -0.005018 -0.001133 0.999987 
-0.004326 -0.000875 0.999990 0.001765 -0.008530 0.999962 0.001718 -0.008567 0.999962 -0.004494 -0.001014 0.999989 
-0.003902 -0.000790 0.999992 0.001593 -0.007699 0.999969 0.001551 -0.007733 0.999969 -0.004054 -0.000915 0.999991 
-0.003509 -0.000709 0.999994 0.001668 -0.008077 0.999966 0.001623 -0.008109 0.999966 -0.003671 -0.000827 0.999993 
-0.004584 -0.000925 0.999989 0.001482 -0.007181 0.999973 0.001444 -0.007218 0.999973 -0.004721 -0.001063 0.999988 
-0.003167 -0.000638 0.999995 0.001820 -0.008831 0.999959 0.001770 -0.008862 0.999959 -0.003348 -0.000753 0.999994 
-0.002580 -0.000520 0.999997 0.001714 -0.008311 0.999964 0.001666 -0.008337 0.999964 -0.002752 -0.000619 0.999996 
-0.004698 -0.000947 0.999989 0.001505 -0.007300 0.999972 0.001466 -0.007337 0.999972 -0.004838 -0.001088 0.999988 
-0.004267 -0.000861 0.999991 0.001733 -0.008393 0.999963 0.001687 -0.008430 0.999963 -0.004433 -0.000998 0.999990 
-0.006327 -0.001276 0.999979 0.001897 -0.009194 0.999956 0.001848 -0.009244 0.999956 -0.006500 -0.001463 0.999978 
-0.006689 -0.001349 0.999977 0.001717 -0.008319 0.999964 0.001674 -0.008370 0.999964 -0.006841 -0.001540 0.999975 
-0.006131 -0.001237 0.999980 0.001564 -0.007581 0.999970 0.001525 -0.007628 0.999970 -0.006270 -0.001411 0.999979 
-0.010783 -0.002173 0.999939 0.001301 -0.006311 0.999979 0.001276 -0.006385 0.999979 -0.010871 -0.002445 0.999938 
-0.009832 -0.001983 0.999950 0.001185 -0.005745 0.999983 0.001162 -0.005812 0.999982 -0.009911 -0.002230 0.999948 
-0.009250 -0.001866 0.999955 0.001100 -0.005332 0.999985 0.001079 -0.005396 0.999985 -0.009324 -0.002098 0.999954 
-0.009150 -0.001844 0.999956 0.001226 -0.005947 0.999982 0.001201 -0.006011 0.999981 -0.009237 -0.002077 0.999955 
-0.009030 -0.001822 0.999958 0.001883 -0.009124 0.999957 0.001838 -0.009191 0.999956 -0.009188 -0.002068 0.999956 
-0.012607 -0.002220 0.999918 0.001460 -0.008083 0.999966 0.001424 -0.008169 0.999966 -0.012732 -0.002536 0.999916 
-0.016318 -0.002700 0.999863 0.002442 -0.014350 0.999894 0.002371 -0.014465 0.999893 -0.016570 -0.003123 0.999858 
-0.016305 -0.002423 0.999864 0.003290 -0.021444 0.999765 0.003174 -0.021564 0.999762 -0.016722 -0.002867 0.999856 
-0.015792 -0.002051 0.999873 0.003816 -0.028316 0.999592 0.003656 -0.028436 0.999589 -0.016369 -0.002498 0.999863 
-0.007080 -0.000959 0.999974 0.002456 -0.017534 0.999843 0.002354 -0.017592 0.999842 -0.007446 -0.001178 0.999972 
-0.005177 -0.000684 0.999986 0.000270 -0.001981 0.999998 0.000262 -0.002014 0.999998 -0.005204 -0.000806 0.999986 
-0.007000 0.003635 0.999969 -0.001618 -0.000259 0.999999 -0.000007 -0.005640 0.999984 -0.022232 0.096200 0.995114 -0.074876 -0.151351 0.985640 
-0.021879 0.013838 0.999665 -0.009166 -0.001461 0.999957 -0.000311 -0.014443 0.999896 -0.014106 0.062478 0.997947 -0.065986 -0.109454 0.991799 
-0.023329 0.016199 0.999597 -0.027351 -0.004006 0.999618 -0.001551 -0.023048 0.999733 -0.005399 0.030338 0.999525 -0.055430 -0.083503 0.994965 
-0.021851 0.016329 0.999628 -0.054486 -0.007790 0.998484 -0.003585 -0.028744 0.999580 -0.038917 -0.054287 0.997767 -0.000169 0.001194 0.999999 0.001298 -0.017155 0.999852 
-0.019934 0.015633 0.999679 -0.083378 -0.011555 0.996451 -0.005828 -0.032481 0.999455 -0.026085 -0.034600 0.999061 0.001487 -0.010801 0.999941 -0.003947 -0.064578 0.997905 
-0.022311 0.018205 0.999585 -0.107440 -0.013593 0.994119 -0.006699 -0.030100 0.999524 -0.015414 -0.019627 0.999689 0.002991 -0.023485 0.999720 -0.011382 -0.075339 0.997093 
-0.026742 0.022609 0.999387 -0.118379 -0.013764 0.992873 -0.005982 -0.024279 0.999687 -0.003013 -0.003698 0.999989 0.003514 -0.029750 0.999551 -0.014277 -0.074765 0.997099 
-0.029889 0.025422 0.999230 -0.118498 -0.012957 0.992870 -0.004330 -0.016960 0.999847 -0.000475 -0.000579 1.000000 0.003092 -0.027863 0.999607 -0.012297 -0.059913 0.998128 
-0.033591 0.028571 0.999027 -0.109144 -0.011345 0.993961 -0.002171 -0.008640 0.999960 -0.000461 -0.000562 1.000000 0.001943 -0.018634 0.999824 -0.007952 -0.041473 0.999108 
-0.037131 0.031601 0.998811 -0.100269 -0.009904 0.994911 -0.000398 -0.001604 0.999999 -0.000492 -0.000600 1.000000 0.000354 -0.003634 0.999993 -0.005647 -0.031440 0.999490 
-0.038448 0.032749 0.998724 -0.091704 -0.008781 0.995748 -0.000048 -0.000194 1.000000 -0.000259 -0.000315 1.000000 0.000050 -0.000530 1.000000 -0.004500 -0.025195 0.999672 
-0.041331 0.035518 0.998514 -0.083363 -0.007447 0.996491 0.000124 0.000503 1.000000 0.000874 0.001055 0.999999 0.000173 -0.001976 0.999998 -0.002740 -0.016453 0.999861 
-0.051450 0.044581 0.997680 -0.072812 -0.005823 0.997329 0.000068 0.000294 1.000000 0.000450 0.000538 1.000000 0.000137 -0.001749 0.999998 -0.000225 -0.001789 0.999998 
-0.063184 0.054813 0.996496 -0.062042 -0.004744 0.998062 0.000205 0.000962 1.000000 -0.001699 -0.002032 0.999996 -0.000060 0.000797 1.000000 0.001335 0.017280 0.999850 
-0.071034 0.061145 0.995598 -0.050361 -0.003850 0.998724 0.000235 0.001197 0.999999 -0.004048 -0.004884 0.999980 -0.000057 0.000757 1.000000 0.001476 0.036101 0.999347 
-0.073954 0.063486 0.995239 -0.042448 -0.003245 0.999093 0.000663 0.003476 0.999994 -0.003648 -0.004413 0.999984 -0.000054 0.000725 1.000000 0.001255 0.049307 0.998783 
-0.073724 0.063240 0.995272 -0.038097 -0.002912 0.999270 0.001585 0.008235 0.999965 0.000218 0.000263 1.000000 -0.000052 0.000700 1.000000 0.001617 0.057639 0.998336 
-0.072969 0.062545 0.995371 -0.034462 -0.002634 0.999403 0.002643 0.013506 0.999905 0.005015 0.006059 0.999969 -0.000051 0.000688 1.000000 0.002257 0.064426 0.997920 
-0.073200 0.062598 0.995351 -0.030905 -0.002340 0.999520 0.003685 0.018741 0.999818 0.009730 0.011767 0.999883 -0.000057 0.000773 1.000000 0.002703 0.071633 0.997427 
-0.073480 0.062480 0.995338 -0.027441 -0.002072 0.999621 0.004535 0.023207 0.999720 0.013905 0.016890 0.999761 -0.000067 0.000911 1.000000 0.002872 0.077537 0.996985 
-0.073314 0.061947 0.995383 -0.023944 -0.001807 0.999712 0.005113 0.026460 0.999637 0.017230 0.021041 0.999630 -0.000065 0.000886 1.000000 0.002814 0.081629 0.996659 
-0.072381 0.060878 0.995517 -0.020384 -0.001539 0.999791 0.005487 0.028654 0.999574 0.019785 0.024255 0.999510 -0.000063 0.000851 1.000000 0.002709 0.083927 0.996468 
-0.070549 0.059172 0.995752 -0.016731 -0.001263 0.999859 0.005657 0.029707 0.999543 0.021448 0.026359 0.999422 -0.000060 0.000811 1.000000 0.002589 0.084475 0.996422 
-0.067520 0.056632 0.996109 -0.012909 -0.000974 0.999916 0.005630 0.029539 0.999548 0.022323 0.027434 0.999374 -0.000057 0.000775 1.000000 0.002541 0.082705 0.996571 
-0.063598 0.053412 0.996545 -0.008959 -0.000676 0.999960 0.005445 0.028455 0.999580 0.022573 0.027713 0.999361 -0.000055 0.000744 1.000000 0.002500 0.079198 0.996856 
-0.058926 0.049589 0.997030 -0.005919 -0.000447 0.999982 0.005117 0.026559 0.999634 0.022283 0.027315 0.999378 -0.000051 0.000696 1.000000 0.002446 0.073478 0.997294 
-0.053360 0.045024 0.997560 -0.005061 -0.000382 0.999987 0.004744 0.024331 0.999693 0.021612 0.026439 0.999417 -0.000045 0.000617 1.000000 0.002423 0.065442 0.997853 
-0.047185 0.039946 0.998087 -0.003852 -0.000291 0.999993 0.004224 0.021378 0.999763 0.020342 0.024824 0.999485 -0.000035 0.000473 1.000000 0.002317 0.056381 0.998407 
-0.040655 0.034541 0.998576 -0.005365 -0.000408 0.999986 0.003732 0.018586 0.999820 0.018485 0.022496 0.999576 -0.000167 0.002246 0.999997 0.002075 0.044506 0.999007 
-0.033378 0.028487 0.999037 -0.004801 -0.000365 0.999988 0.002860 0.013989 0.999898 0.016188 0.019627 0.999676 -0.000147 0.001986 0.999998 0.001656 0.031629 0.999498 
-0.026707 0.022901 0.999381 -0.004332 -0.000329 0.999991 0.002016 0.009725 0.999951 0.012796 0.015455 0.999799 -0.000130 0.001748 0.999998 0.001223 0.021607 0.999766 
-0.021662 0.018607 0.999592 -0.003456 -0.000262 0.999994 0.001554 0.007487 0.999971 0.009600 0.011580 0.999887 -0.000135 0.001822 0.999998 0.000992 0.017463 0.999847 
-0.015649 0.013423 0.999787 -0.002851 -0.000216 0.999996 0.001011 0.004882 0.999988 0.005967 0.007212 0.999956 -0.000109 0.001472 0.999999 0.000705 0.012510 0.999921 
-0.008709 0.007442 0.999934 -0.000763 -0.000058 1.000000 0.000309 0.001499 0.999999 0.001793 0.002176 0.999996 -0.000034 0.000455 1.000000 0.000413 0.007433 0.999972 
-0.000153 0.000130 1.000000 0.000526 0.000040 1.000000 -0.000022 -0.000105 1.000000 0.000022 0.000027 1.000000 0.000119 -0.001609 0.999999 0.000104 0.001902 0.999998 
0.000042 -0.000036 1.000000 0.001603 0.000125 0.999999 -0.000114 -0.000556 1.000000 -0.000008 -0.000009 1.000000 0.000143 -0.001877 0.999998 0.000092 0.001676 0.999999 
-0.000231 0.000197 1.000000 0.004870 0.000390 0.999988 -0.000446 -0.002186 0.999998 0.000258 0.000315 1.000000 0.000267 -0.003417 0.999994 0.000070 0.001283 0.999999 
-0.000009 0.000008 1.000000 0.008479 0.000684 0.999964 -0.000837 -0.004100 0.999991 0.000211 0.000257 1.000000 0.000435 -0.005515 0.999985 0.000060 0.001099 0.999999 
0.000716 -0.000610 1.000000 0.010719 0.000863 0.999942 -0.001116 -0.005465 0.999984 0.000226 0.000275 1.000000 0.000572 -0.007281 0.999973 0.000024 0.000438 1.000000 
0.000848 -0.000722 0.999999 0.011767 0.000942 0.999930 -0.001234 -0.006037 0.999981 0.000221 0.000269 1.000000 0.000625 -0.007995 0.999968 0.000021 0.000377 1.000000 
0.001361 -0.001160 0.999998 0.012806 0.001017 0.999917 -0.001175 -0.005741 0.999983 0.000223 0.000271 1.000000 0.000544 -0.007015 0.999975 0.000018 0.000321 1.000000 
0.002043 -0.001741 0.999996 0.013639 0.001067 0.999906 -0.000992 -0.004837 0.999988 0.000233 0.000284 1.000000 0.000376 -0.004925 0.999988 0.000016 0.000293 1.000000 
0.002087 -0.001781 0.999996 0.014186 0.001094 0.999899 -0.000620 -0.003019 0.999995 0.001092 0.001327 0.999999 0.000128 -0.001704 0.999999 0.000016 0.000286 1.000000 
0.001762 -0.001504 0.999997 0.014594 0.001122 0.999893 -0.000350 -0.001702 0.999998 0.002808 0.003411 0.999990 0.000066 -0.000884 1.000000 0.000020 0.000369 1.000000 
0.001618 -0.001378 0.999998 0.014538 0.001118 0.999894 -0.000085 -0.000416 1.000000 0.004708 0.005733 0.999972 0.000061 -0.000809 1.000000 0.000020 0.000365 1.000000 
0.001508 -0.001281 0.999998 0.013752 0.001057 0.999905 0.000244 0.001190 0.999999 0.006759 0.008257 0.999943 0.000055 -0.000739 1.000000 0.000020 0.000366 1.000000 
0.001157 -0.000980 0.999999 0.012590 0.000968 0.999920 0.000642 0.003141 0.999995 0.009248 0.011320 0.999893 0.000050 -0.000670 1.000000 0.000024 0.000443 1.000000 
0.000436 -0.000369 1.000000 0.011296 0.000868 0.999936 0.001055 0.005169 0.999986 0.011926 0.014616 0.999822 0.000045 -0.000602 1.000000 0.000034 0.000628 1.000000 
0.000114 -0.000096 1.000000 0.009994 0.000768 0.999950 0.001456 0.007135 0.999973 0.014361 0.017606 0.999742 0.000040 -0.000536 1.000000 0.000039 0.000719 1.000000 
-0.000152 0.000129 1.000000 0.008603 0.000661 0.999963 0.001785 0.008751 0.999960 0.016194 0.019856 0.999672 0.000036 -0.000473 1.000000 0.000046 0.000854 1.000000 
-0.000914 0.000773 0.999999 0.006932 0.000533 0.999976 0.002000 0.009811 0.999950 0.017169 0.021062 0.999631 0.000031 -0.000414 1.000000 0.000070 0.001303 0.999999 
-0.001902 0.001607 0.999997 0.005126 0.000394 0.999987 0.002127 0.010438 0.999943 0.017479 0.021451 0.999617 0.000027 -0.000358 1.000000 0.000103 0.001915 0.999998 
-0.002321 0.001961 0.999995 0.003180 0.000244 0.999995 0.002190 0.010748 0.999940 0.017125 0.021022 0.999632 0.000023 -0.000311 1.000000 0.000123 0.002276 0.999997 
-0.002585 0.002183 0.999994 0.001524 0.000117 0.999999 0.002167 0.010637 0.999941 0.016281 0.019986 0.999668 0.000004 -0.000053 1.000000 0.000122 0.002260 0.999997 
-0.002943 0.002487 0.999993 0.001180 0.000091 0.999999 0.002044 0.010025 0.999948 0.015247 0.018710 0.999709 0.000003 -0.000033 1.000000 0.000138 0.002558 0.999997 
-0.003217 0.002722 0.999991 0.001737 0.000134 0.999998 0.001992 0.009750 0.999950 0.014498 0.017768 0.999737 -0.000082 0.001089 0.999999 0.000142 0.002593 0.999997 
-0.003473 0.002941 0.999990 0.002052 0.000158 0.999998 0.001843 0.009013 0.999958 0.013116 0.016060 0.999785 -0.000058 0.000763 1.000000 0.000214 0.003898 0.999992 
-0.004029 0.003416 0.999986 0.001862 0.000144 0.999998 0.001644 0.008031 0.999966 0.011693 0.014302 0.999829 -0.000051 0.000681 1.000000 0.000238 0.004322 0.999991 
-0.004667 0.003961 0.999981 0.001688 0.000130 0.999999 0.001437 0.007012 0.999974 0.010214 0.012478 0.999870 -0.000045 0.000602 1.000000 0.000268 0.004831 0.999988 
-0.005049 0.004289 0.999978 0.001991 0.000154 0.999998 0.001153 0.005625 0.999984 0.008532 0.010417 0.999909 0.000057 -0.000751 1.000000 0.000344 0.006205 0.999981 
-0.005674 0.004822 0.999972 0.001785 0.000138 0.999998 0.000917 0.004470 0.999990 0.006800 0.008296 0.999942 0.000052 -0.000684 1.000000 0.000367 0.006604 0.999978 
-0.006366 0.005412 0.999965 0.001590 0.000123 0.999999 0.000679 0.003309 0.999994 0.005055 0.006166 0.999968 0.000047 -0.000624 1.000000 0.000395 0.007078 0.999975 
-0.006995 0.005948 0.999958 0.001139 0.000088 0.999999 0.000461 0.002244 0.999997 0.003406 0.004154 0.999986 0.000043 -0.000572 1.000000 0.000415 0.007407 0.999972 
-0.007473 0.006352 0.999952 -0.000616 -0.000047 1.000000 0.000253 0.001231 0.999999 0.001797 0.002193 0.999996 0.000177 -0.002358 0.999997 0.000490 0.008716 0.999962 
-0.008064 0.006850 0.999944 -0.004837 -0.000372 0.999988 0.000236 0.001147 0.999999 0.000295 0.000360 1.000000 0.000104 -0.001384 0.999999 0.000438 0.007656 0.999971 
-0.007783 0.006612 0.999948 -0.004410 -0.000339 0.999990 0.000192 0.000934 1.000000 0.000114 0.000139 1.000000 0.000094 -0.001254 0.999999 0.000420 0.007333 0.999973 
-0.008393 0.007130 0.999939 -0.005565 -0.000430 0.999984 0.000270 0.001309 0.999999 0.000082 0.000100 1.000000 0.000002 -0.000028 1.000000 0.000394 0.006777 0.999977 
-0.009168 0.007788 0.999928 -0.005081 -0.000392 0.999987 0.000242 0.001174 0.999999 0.000052 0.000063 1.000000 0.000002 -0.000029 1.000000 0.000436 0.007508 0.999972 
-0.009924 0.008430 0.999915 -0.005594 -0.000432 0.999984 0.000274 0.001328 0.999999 0.000031 0.000038 1.000000 -0.000043 0.000576 1.000000 0.000445 0.007605 0.999971 
-0.010594 0.008998 0.999903 -0.008399 -0.000650 0.999965 0.000373 0.001804 0.999998 0.000021 0.000026 1.000000 -0.000040 0.000536 1.000000 0.000448 0.007528 0.999972 
-0.011084 0.009409 0.999894 -0.007714 -0.000597 0.999970 0.000360 0.001741 0.999998 0.000029 0.000036 1.000000 -0.000060 0.000790 1.000000 0.000476 0.007987 0.999968 
-0.011451 0.009716 0.999887 -0.006986 -0.000541 0.999975 0.000326 0.001581 0.999999 0.000035 0.000043 1.000000 -0.000053 0.000697 1.000000 0.000505 0.008498 0.999964 
-0.011704 0.009926 0.999882 -0.006331 -0.000490 0.999980 0.000299 0.001448 0.999999 0.000057 0.000070 1.000000 -0.000047 0.000617 1.000000 0.000528 0.008883 0.999960 
-0.011840 0.010041 0.999879 -0.005742 -0.000444 0.999983 0.000273 0.001321 0.999999 0.000066 0.000080 1.000000 -0.000041 0.000548 1.000000 0.000543 0.009147 0.999958 
-0.011848 0.010047 0.999879 -0.005214 -0.000403 0.999986 0.000248 0.001204 0.999999 0.000071 0.000087 1.000000 -0.000037 0.000484 1.000000 0.000551 0.009281 0.999957 
-0.011752 0.009967 0.999881 -0.006687 -0.000516 0.999978 0.000230 0.001114 0.999999 0.000115 0.000140 1.000000 0.000126 -0.001677 0.999999 0.000608 0.010179 0.999948 
-0.011557 0.009804 0.999885 -0.006072 -0.000469 0.999981 0.000223 0.001078 0.999999 0.000199 0.000243 1.000000 0.000113 -0.001504 0.999999 0.000599 0.010011 0.999950 
-0.011286 0.009575 0.999890 -0.005514 -0.000426 0.999985 0.000222 0.001073 0.999999 0.000317 0.000388 1.000000 0.000102 -0.001347 0.999999 0.000585 0.009774 0.999952 
-0.010949 0.009292 0.999897 -0.004992 -0.000385 0.999987 0.000227 0.001099 0.999999 0.000470 0.000575 1.000000 0.000091 -0.001202 0.999999 0.000568 0.009485 0.999955 
-0.010618 0.009011 0.999903 -0.006129 -0.000475 0.999981 0.000354 0.001712 0.999998 0.000623 0.000762 1.000000 -0.000023 0.000301 1.000000 0.000491 0.008096 0.999967 
-0.010216 0.008670 0.999910 -0.006175 -0.000477 0.999981 0.000313 0.001513 0.999999 0.000710 0.000868 0.999999 0.000120 -0.001594 0.999999 0.000550 0.009072 0.999959 
-0.009814 0.008330 0.999917 -0.005792 -0.000448 0.999983 0.000361 0.001746 0.999998 0.000840 0.001026 0.999999 0.000056 -0.000742 1.000000 0.000513 0.008437 0.999964 
-0.009403 0.007982 0.999924 -0.005227 -0.000404 0.999986 0.000358 0.001726 0.999998 0.000985 0.001203 0.999999 0.000051 -0.000674 1.000000 0.000492 0.008094 0.999967 
-0.009018 0.007656 0.999930 -0.005086 -0.000393 0.999987 0.000350 0.001689 0.999999 0.001089 0.001330 0.999999 0.000076 -0.001008 0.999999 0.000483 0.007935 0.999968 
-0.008652 0.007346 0.999936 -0.004605 -0.000356 0.999989 0.000345 0.001666 0.999999 0.001198 0.001464 0.999998 0.000069 -0.000912 1.000000 0.000463 0.007598 0.999971 
-0.008319 0.007064 0.999940 -0.004170 -0.000322 0.999991 0.000341 0.001648 0.999999 0.001299 0.001587 0.999998 0.000062 -0.000826 1.000000 0.000444 0.007292 0.999973 
-0.008019 0.006810 0.999945 -0.003775 -0.000292 0.999993 0.000338 0.001631 0.999999 0.001391 0.001699 0.999998 0.000057 -0.000749 1.000000 0.000427 0.007018 0.999975 
-0.007757 0.006588 0.999948 -0.003470 -0.000268 0.999994 0.000342 0.001650 0.999999 0.001479 0.001806 0.999997 0.000045 -0.000592 1.000000 0.000410 0.006727 0.999977 
-0.007518 0.006386 0.999951 -0.003145 -0.000243 0.999995 0.000340 0.001638 0.999999 0.001562 0.001907 0.999997 0.000041 -0.000537 1.000000 0.000397 0.006511 0.999979 
-0.007301 0.006202 0.999954 -0.002847 -0.000220 0.999996 0.000338 0.001631 0.999999 0.001642 0.002004 0.999997 0.000037 -0.000488 1.000000 0.000385 0.006317 0.999980 
-0.007106 0.006037 0.999957 -0.002579 -0.000199 0.999997 0.000337 0.001625 0.999999 0.001714 0.002093 0.999996 0.000033 -0.000443 1.000000 0.000375 0.006142 0.999981 
-0.006930 0.005888 0.999959 -0.002336 -0.000181 0.999997 0.000336 0.001619 0.999999 0.001780 0.002172 0.999996 0.000030 -0.000403 1.000000 0.000365 0.005984 0.999982 
-0.006770 0.005753 0.999961 -0.002115 -0.000163 0.999998 0.000334 0.001613 0.999999 0.001840 0.002245 0.999996 0.000028 -0.000368 1.000000 0.000357 0.005842 0.999983 
-0.006626 0.005631 0.999962 -0.001918 -0.000148 0.999998 0.000334 0.001609 0.999999 0.001894 0.002311 0.999996 0.000025 -0.000334 1.000000 0.000349 0.005713 0.999984 
-0.006498 0.005523 0.999964 -0.001741 -0.000135 0.999998 0.000333 0.001605 0.999999 0.001942 0.002369 0.999995 0.000023 -0.000303 1.000000 0.000342 0.005596 0.999984 
-0.006383 0.005425 0.999965 -0.001433 -0.000111 0.999999 0.000340 0.001640 0.999999 0.001987 0.002425 0.999995 0.000006 -0.000074 1.000000 0.000334 0.005473 0.999985 
-0.006313 0.005366 0.999966 -0.001837 -0.000142 0.999998 0.000341 0.001646 0.999999 0.001985 0.002423 0.999995 0.000064 -0.000854 1.000000 0.000365 0.005979 0.999982 
-0.006264 0.005324 0.999966 -0.001227 -0.000095 0.999999 0.000384 0.001852 0.999998 0.002048 0.002499 0.999995 -0.000006 0.000085 1.000000 0.000352 0.005764 0.999983 
-0.006197 0.005268 0.999967 -0.001006 -0.000078 0.999999 0.000383 0.001846 0.999998 0.002075 0.002532 0.999995 -0.000016 0.000210 1.000000 0.000346 0.005664 0.999984 
-0.006126 0.005207 0.999968 -0.001347 -0.000104 0.999999 0.000377 0.001819 0.999998 0.002088 0.002548 0.999995 0.000031 -0.000410 1.000000 0.000363 0.005936 0.999982 
-0.006039 0.005133 0.999969 -0.000154 -0.000012 1.000000 0.000429 0.002069 0.999998 0.002132 0.002601 0.999994 -0.000086 0.001144 0.999999 0.000340 0.005578 0.999984 
-0.005918 0.005030 0.999970 -0.000142 -0.000011 1.000000 0.000414 0.001998 0.999998 0.002127 0.002595 0.999994 -0.000077 0.001023 0.999999 0.000332 0.005439 0.999985 
-0.005814 0.004942 0.999971 -0.000211 -0.000016 1.000000 0.000396 0.001912 0.999998 0.002103 0.002566 0.999994 -0.000008 0.000100 1.000000 0.000371 0.006104 0.999981 
-0.005718 0.004860 0.999972 -0.001716 -0.000132 0.999999 0.000411 0.001979 0.999998 0.002081 0.002540 0.999995 0.000092 -0.001226 0.999999 0.000404 0.006598 0.999978 
-0.005633 0.004788 0.999973 -0.001840 -0.000142 0.999998 0.000457 0.002202 0.999997 0.002109 0.002573 0.999994 0.000025 -0.000334 1.000000 0.000369 0.006006 0.999982 
-0.005545 0.004713 0.999974 -0.001681 -0.000129 0.999999 0.000446 0.002147 0.999998 0.002143 0.002615 0.999994 0.000023 -0.000306 1.000000 0.000357 0.005811 0.999983 
-0.005498 0.004674 0.999974 -0.001530 -0.000118 0.999999 0.000435 0.002097 0.999998 0.002174 0.002652 0.999994 0.000021 -0.000278 1.000000 0.000348 0.005666 0.999984 
-0.005450 0.004633 0.999974 -0.001396 -0.000107 0.999999 0.000425 0.002045 0.999998 0.002193 0.002675 0.999994 0.000019 -0.000253 1.000000 0.000339 0.005528 0.999985 
-0.005402 0.004592 0.999975 -0.001087 -0.000084 0.999999 0.000426 0.002051 0.999998 0.002217 0.002705 0.999994 -0.000002 0.000027 1.000000 0.000330 0.005374 0.999986 
-0.005362 0.004559 0.999975 -0.000991 -0.000076 1.000000 0.000415 0.002000 0.999998 0.002228 0.002718 0.999994 -0.000001 0.000015 1.000000 0.000324 0.005271 0.999986 
-0.005316 0.004520 0.999976 -0.000903 -0.000070 1.000000 0.000405 0.001948 0.999998 0.002231 0.002722 0.999994 -0.000000 0.000002 1.000000 0.000317 0.005169 0.999987 
-0.005277 0.004487 0.999976 -0.000803 -0.000062 1.000000 0.000393 0.001892 0.999998 0.002226 0.002715 0.999994 0.000048 -0.000646 1.000000 0.000353 0.005758 0.999983 
-0.005275 0.004486 0.999976 -0.000736 -0.000057 1.000000 0.000384 0.001851 0.999998 0.002227 0.002716 0.999994 0.000044 -0.000586 1.000000 0.000346 0.005635 0.999984 
-0.005281 0.004491 0.999976 -0.000680 -0.000052 1.000000 0.000377 0.001814 0.999998 0.002228 0.002717 0.999994 0.000040 -0.000534 1.000000 0.000339 0.005530 0.999985 
-0.005286 0.004495 0.999976 -0.000628 -0.000048 1.000000 0.000370 0.001781 0.999998 0.002230 0.002719 0.999994 0.000037 -0.000487 1.000000 0.000333 0.005435 0.999985 
-0.005300 0.004507 0.999976 -0.002524 -0.000193 0.999997 0.000422 0.002031 0.999998 0.002233 0.002724 0.999994 0.000102 -0.001365 0.999999 0.000353 0.005700 0.999984 
-0.005223 0.004442 0.999976 -0.002309 -0.000177 0.999997 0.000421 0.002022 0.999998 0.002300 0.002805 0.999993 0.000093 -0.001238 0.999999 0.000341 0.005511 0.999985 
-0.005204 0.004426 0.999977 -0.002091 -0.000160 0.999998 0.000423 0.002032 0.999998 0.002389 0.002913 0.999993 0.000084 -0.001122 0.999999 0.000334 0.005393 0.999985 
-0.005183 0.004408 0.999977 -0.001896 -0.000145 0.999998 0.000423 0.002034 0.999998 0.002460 0.003000 0.999992 0.000076 -0.001015 0.999999 0.000327 0.005281 0.999986 
-0.005160 0.004389 0.999977 -0.001718 -0.000132 0.999999 0.000423 0.002031 0.999998 0.002518 0.003070 0.999992 0.000069 -0.000920 1.000000 0.000320 0.005177 0.999987 
-0.005141 0.004373 0.999977 -0.001554 -0.000119 0.999999 0.000422 0.002029 0.999998 0.002571 0.003135 0.999992 0.000062 -0.000833 1.000000 0.000315 0.005084 0.999987 
-0.005136 0.004369 0.999977 -0.002931 -0.000224 0.999996 0.000418 0.002009 0.999998 0.002609 0.003180 0.999992 0.000179 -0.002392 0.999997 0.000353 0.005679 0.999984 
-0.005079 0.004321 0.999978 -0.003093 -0.000237 0.999995 0.000494 0.002373 0.999997 0.002683 0.003271 0.999991 0.000084 -0.001122 0.999999 0.000309 0.004954 0.999988 
-0.005021 0.004272 0.999978 -0.002810 -0.000215 0.999996 0.000497 0.002387 0.999997 0.002793 0.003404 0.999990 0.000076 -0.001019 0.999999 0.000302 0.004837 0.999988 
-0.004912 0.004178 0.999979 -0.004428 -0.000338 0.999990 0.000517 0.002477 0.999997 0.002858 0.003485 0.999990 0.000262 -0.003516 0.999994 0.000401 0.006395 0.999979 
-0.004821 0.004101 0.999980 -0.003939 -0.000302 0.999992 0.000646 0.003098 0.999995 0.003064 0.003735 0.999988 0.000084 -0.001126 0.999999 0.000336 0.005318 0.999986 
-0.004724 0.004019 0.999981 -0.003534 -0.000271 0.999994 0.000674 0.003228 0.999995 0.003254 0.003967 0.999987 0.000058 -0.000771 1.000000 0.000324 0.005136 0.999987 
-0.004732 0.004026 0.999981 -0.003203 -0.000245 0.999995 0.000678 0.003247 0.999994 0.003438 0.004191 0.999985 0.000053 -0.000702 1.000000 0.000318 0.005032 0.999987 
-0.004599 0.003913 0.999982 -0.002004 -0.000153 0.999998 0.000655 0.003139 0.999995 0.003593 0.004379 0.999984 0.000114 -0.001531 0.999999 0.000382 0.006080 0.999981 
-0.004591 0.003907 0.999982 -0.001805 -0.000138 0.999998 0.000655 0.003140 0.999995 0.003708 0.004519 0.999983 0.000103 -0.001386 0.999999 0.000369 0.005864 0.999983 
-0.004668 0.003972 0.999981 -0.000965 -0.000074 1.000000 0.000704 0.003373 0.999994 0.003826 0.004662 0.999982 0.000010 -0.000132 1.000000 0.000350 0.005559 0.999984 
-0.004736 0.004031 0.999981 0.000316 0.000024 1.000000 0.000693 0.003322 0.999994 0.003868 0.004712 0.999981 -0.000033 0.000441 1.000000 0.000355 0.005692 0.999984 
-0.004693 0.003995 0.999981 -0.000040 -0.000003 1.000000 0.000659 0.003157 0.999995 0.003842 0.004681 0.999982 0.000063 -0.000842 1.000000 0.000399 0.006402 0.999979 
-0.004664 0.003970 0.999981 -0.000606 -0.000046 1.000000 0.000636 0.003048 0.999995 0.003783 0.004609 0.999982 0.000133 -0.001798 0.999998 0.000426 0.006831 0.999977 
-0.004618 0.003931 0.999982 -0.000554 -0.000042 1.000000 0.000622 0.002980 0.999995 0.003763 0.004584 0.999982 0.000121 -0.001629 0.999999 0.000406 0.006511 0.999979 
-0.004636 0.003947 0.999981 -0.000506 -0.000038 1.000000 0.000610 0.002921 0.999996 0.003749 0.004567 0.999983 0.000110 -0.001479 0.999999 0.000392 0.006278 0.999980 
-0.004689 0.003993 0.999981 0.000565 0.000043 1.000000 0.000630 0.003018 0.999995 0.003766 0.004586 0.999982 0.000031 -0.000421 1.000000 0.000383 0.006150 0.999981 
-0.004736 0.004033 0.999981 -0.001362 -0.000103 0.999999 0.000613 0.002935 0.999996 0.003765 0.004586 0.999982 0.000184 -0.002490 0.999997 0.000430 0.006860 0.999976 
-0.004686 0.003991 0.999981 -0.001251 -0.000095 0.999999 0.000604 0.002893 0.999996 0.003768 0.004589 0.999982 0.000167 -0.002256 0.999997 0.000410 0.006536 0.999979 
-0.004624 0.003938 0.999982 -0.001140 -0.000086 0.999999 0.000598 0.002864 0.999996 0.003785 0.004609 0.999982 0.000151 -0.002044 0.999998 0.000391 0.006230 0.999981 
-0.004640 0.003952 0.999981 -0.001038 -0.000079 0.999999 0.000593 0.002841 0.999996 0.003806 0.004633 0.999982 0.000137 -0.001853 0.999998 0.000378 0.006020 0.999982 
-0.004700 0.004004 0.999981 -0.000946 -0.000072 1.000000 0.000589 0.002821 0.999996 0.003826 0.004658 0.999982 0.000125 -0.001681 0.999999 0.000368 0.005871 0.999983 
-0.004652 0.003963 0.999981 -0.001305 -0.000099 0.999999 0.000566 0.002710 0.999996 0.003846 0.004681 0.999982 0.000219 -0.002957 0.999996 0.000416 0.006623 0.999978 
-0.004620 0.003936 0.999982 -0.002327 -0.000177 0.999997 0.000664 0.003173 0.999995 0.003901 0.004748 0.999981 0.000120 -0.001616 0.999999 0.000351 0.005541 0.999985 
-0.004602 0.003921 0.999982 -0.002119 -0.000161 0.999998 0.000664 0.003175 0.999995 0.003989 0.004855 0.999980 0.000109 -0.001464 0.999999 0.000340 0.005363 0.999986 
-0.004606 0.003925 0.999982 -0.001208 -0.000092 0.999999 0.000717 0.003428 0.999994 0.004101 0.004991 0.999979 0.000011 -0.000142 1.000000 0.000319 0.005027 0.999987 
-0.004672 0.003982 0.999981 -0.001088 -0.000083 0.999999 0.000715 0.003417 0.999994 0.004193 0.005101 0.999978 0.000010 -0.000131 1.000000 0.000316 0.004978 0.999988 
-0.004692 0.004000 0.999981 -0.000987 -0.000075 1.000000 0.000713 0.003410 0.999994 0.004275 0.005202 0.999977 0.000009 -0.000119 1.000000 0.000311 0.004894 0.999988 
-0.004663 0.003975 0.999981 -0.001372 -0.000105 0.999999 0.000777 0.003710 0.999993 0.004363 0.005308 0.999976 -0.000014 0.000185 1.000000 0.000312 0.004885 0.999988 
-0.004599 0.003920 0.999982 -0.001232 -0.000094 0.999999 0.000755 0.003608 0.999993 0.004383 0.005333 0.999976 0.000009 -0.000114 1.000000 0.000316 0.004953 0.999988 
-0.004545 0.003874 0.999982 -0.001118 -0.000085 0.999999 0.000752 0.003592 0.999993 0.004463 0.005430 0.999975 0.000008 -0.000105 1.000000 0.000306 0.004798 0.999988 
-0.004519 0.003852 0.999982 -0.001015 -0.000077 0.999999 0.000751 0.003588 0.999993 0.004550 0.005534 0.999974 0.000007 -0.000095 1.000000 0.000298 0.004677 0.999989 
-0.004493 0.003831 0.999983 -0.000652 -0.000050 1.000000 0.000779 0.003722 0.999993 0.004619 0.005618 0.999974 -0.000034 0.000460 1.000000 0.000289 0.004532 0.999990 
-0.004468 0.003809 0.999983 -0.000588 -0.000045 1.000000 0.000773 0.003690 0.999993 0.004673 0.005684 0.999973 -0.000030 0.000399 1.000000 0.000284 0.004448 0.999990 
-0.004415 0.003765 0.999983 0.000115 0.000009 1.000000 0.000701 0.003350 0.999994 0.004662 0.005670 0.999973 0.000094 -0.001262 0.999999 0.000368 0.005810 0.999983 
-0.004411 0.003761 0.999983 0.000105 0.000008 1.000000 0.000691 0.003302 0.999994 0.004635 0.005636 0.999973 0.000085 -0.001144 0.999999 0.000355 0.005605 0.999984 
-0.004443 0.003789 0.999983 0.000089 0.000007 1.000000 0.000682 0.003261 0.999994 0.004609 0.005605 0.999974 0.000077 -0.001038 0.999999 0.000346 0.005450 0.999985 
-0.004514 0.003850 0.999982 0.000076 0.000006 1.000000 0.000675 0.003227 0.999995 0.004592 0.005583 0.999974 0.000070 -0.000942 1.000000 0.000339 0.005347 0.999986 
-0.004542 0.003874 0.999982 -0.000140 -0.000011 1.000000 0.000668 0.003188 0.999995 0.004570 0.005557 0.999974 0.000118 -0.001594 0.999999 0.000371 0.005856 0.999983 
-0.004537 0.003870 0.999982 -0.001164 -0.000088 0.999999 0.000698 0.003330 0.999994 0.004562 0.005547 0.999974 0.000099 -0.001343 0.999999 0.000336 0.005252 0.999986 
-0.004565 0.003894 0.999982 -0.001038 -0.000079 0.999999 0.000750 0.003581 0.999993 0.004673 0.005680 0.999973 0.000034 -0.000464 1.000000 0.000312 0.004874 0.999988 
-0.004571 0.003899 0.999982 -0.000605 -0.000046 1.000000 0.000791 0.003772 0.999993 0.004796 0.005830 0.999972 -0.000017 0.000223 1.000000 0.000301 0.004714 0.999989 
-0.004581 0.003908 0.999982 -0.000543 -0.000041 1.000000 0.000792 0.003779 0.999993 0.004900 0.005955 0.999970 -0.000014 0.000186 1.000000 0.000297 0.004648 0.999989 
-0.004588 0.003914 0.999982 -0.000490 -0.000037 1.000000 0.000791 0.003775 0.999993 0.004976 0.006048 0.999969 -0.000012 0.000155 1.000000 0.000293 0.004583 0.999989 
-0.004596 0.003922 0.999982 -0.000444 -0.000034 1.000000 0.000789 0.003766 0.999993 0.005038 0.006122 0.999969 -0.000010 0.000129 1.000000 0.000290 0.004524 0.999990 
-0.004593 0.003919 0.999982 -0.000403 -0.000031 1.000000 0.000787 0.003755 0.999993 0.005090 0.006185 0.999968 -0.000008 0.000104 1.000000 0.000286 0.004463 0.999990 
-0.004611 0.003935 0.999982 -0.003178 -0.000242 0.999995 0.000936 0.004456 0.999990 0.005130 0.006234 0.999967 -0.000052 0.000698 1.000000 0.000237 0.003636 0.999993 
-0.004577 0.003905 0.999982 -0.002865 -0.000218 0.999996 0.000923 0.004393 0.999990 0.005195 0.006313 0.999967 -0.000045 0.000609 1.000000 0.000238 0.003646 0.999993 
-0.004524 0.003860 0.999982 -0.002963 -0.000226 0.999996 0.000896 0.004265 0.999991 0.005263 0.006397 0.999966 0.000033 -0.000448 1.000000 0.000275 0.004216 0.999991 
-0.004524 0.003860 0.999982 -0.002687 -0.000205 0.999996 0.000897 0.004267 0.999990 0.005382 0.006540 0.999964 0.000030 -0.000409 1.000000 0.000272 0.004170 0.999991 
-0.004550 0.003883 0.999982 -0.002438 -0.000186 0.999997 0.000905 0.004306 0.999990 0.005545 0.006737 0.999962 0.000028 -0.000373 1.000000 0.000271 0.004149 0.999991 
-0.004522 0.003859 0.999982 -0.001700 -0.000129 0.999999 0.000899 0.004278 0.999990 0.005657 0.006874 0.999960 0.000108 -0.001458 0.999999 0.000360 0.005519 0.999985 
-0.004450 0.003798 0.999983 -0.001538 -0.000117 0.999999 0.000898 0.004271 0.999990 0.005727 0.006958 0.999959 0.000098 -0.001321 0.999999 0.000344 0.005285 0.999986 
-0.004402 0.003757 0.999983 0.000301 0.000023 1.000000 0.000928 0.004417 0.999990 0.005848 0.007106 0.999958 -0.000004 0.000051 1.000000 0.000337 0.005202 0.999986 
-0.004354 0.003716 0.999984 0.001586 0.000120 0.999999 0.000859 0.004094 0.999991 0.005938 0.007216 0.999956 0.000103 -0.001396 0.999999 0.000425 0.006612 0.999978 
-0.004365 0.003726 0.999984 0.001447 0.000110 0.999999 0.000867 0.004134 0.999991 0.006029 0.007325 0.999955 0.000094 -0.001266 0.999999 0.000407 0.006337 0.999980 
