-0.002157 -0.000574 0.999998 -0.001340 0.004944 0.999987 -0.001217 0.004924 0.999987 -0.002123 -0.000579 0.999998 
-0.001618 -0.000431 0.999999 -0.001220 0.004502 0.999989 -0.001110 0.004491 0.999989 -0.001587 -0.000433 0.999999 
-0.002754 -0.000733 0.999996 -0.001418 0.005234 0.999985 -0.001286 0.005202 0.999986 -0.002718 -0.000742 0.999996 
-0.002492 -0.000664 0.999997 -0.001279 0.004720 0.999988 -0.001159 0.004690 0.999988 -0.002459 -0.000671 0.999997 
-0.003909 -0.001041 0.999992 0.000108 -0.000400 1.000000 0.000121 -0.000490 1.000000 -0.003905 -0.001066 0.999992 
-0.004618 -0.001231 0.999989 0.000361 -0.001331 0.999999 0.000357 -0.001442 0.999999 -0.004619 -0.001262 0.999989 
-0.005599 -0.001494 0.999983 0.000673 -0.002479 0.999997 0.000649 -0.002618 0.999996 -0.005605 -0.001532 0.999983 
-0.002706 -0.000722 0.999996 0.001335 -0.004917 0.999987 0.001240 -0.005005 0.999987 -0.002732 -0.000747 0.999996 
-0.002448 -0.000653 0.999997 0.001216 -0.004478 0.999989 0.001129 -0.004559 0.999989 -0.002471 -0.000676 0.999997 
-0.002211 -0.000590 0.999997 0.001113 -0.004100 0.999991 0.001033 -0.004172 0.999991 -0.002232 -0.000610 0.999997 
-0.001408 -0.000377 0.999999 0.002029 -0.007453 0.999970 0.001869 -0.007527 0.999970 -0.001451 -0.000398 0.999999 
-0.001257 -0.000336 0.999999 0.001944 -0.007140 0.999973 0.001791 -0.007209 0.999972 -0.001298 -0.000356 0.999999 
-0.001144 -0.000306 0.999999 0.002440 -0.008964 0.999957 0.002245 -0.009040 0.999957 -0.001197 -0.000328 0.999999 
-0.001310 -0.000344 0.999999 0.003168 -0.011866 0.999925 0.002909 -0.011961 0.999924 -0.001381 -0.000371 0.999999 
-0.001201 -0.000310 0.999999 0.003176 -0.012102 0.999922 0.002912 -0.012194 0.999921 -0.001273 -0.000337 0.999999 
-0.001091 -0.000281 0.999999 0.002893 -0.011021 0.999935 0.002652 -0.011106 0.999935 -0.001156 -0.000306 0.999999 
-0.000799 -0.000200 1.000000 0.002610 -0.010221 0.999944 0.002385 -0.010293 0.999944 -0.000860 -0.000221 1.000000 
-0.000700 -0.000175 1.000000 0.002367 -0.009272 0.999954 0.002163 -0.009337 0.999954 -0.000755 -0.000194 1.000000 
-0.001096 -0.000180 0.999999 -0.000803 0.004753 0.999988 -0.000693 0.004744 0.999989 -0.001066 -0.000182 0.999999 
-0.000490 -0.000031 1.000000 -0.000274 0.004102 0.999992 -0.000182 0.004095 0.999992 -0.000465 -0.000032 1.000000 
-0.003873 -0.000082 0.999992 0.000356 -0.013876 0.999904 0.000047 -0.013965 0.999902 -0.003958 -0.000108 0.999992 
-0.003290 -0.000053 0.999995 0.000396 -0.019340 0.999813 -0.000035 -0.019414 0.999812 -0.003408 -0.000076 0.999994 
0.000336 0.000009 1.000000 0.000362 -0.011697 0.999932 0.000101 -0.011693 0.999932 0.000264 0.000009 1.000000 
0.003262 0.000257 0.999995 0.000063 -0.000759 1.000000 0.000042 -0.000687 1.000000 0.003256 0.000276 0.999995 
0.005392 0.000597 0.999985 -0.007801 -0.025911 0.999634 -0.038005 0.025879 0.998942 0.000031 -0.000360 1.000000 0.010566 -0.002902 0.999940 -0.024173 0.016780 0.999567 
-0.000151 -0.000017 1.000000 -0.005780 -0.019790 0.999787 -0.028343 0.017762 0.999440 0.000008 -0.000092 1.000000 0.010550 -0.002805 0.999940 -0.020405 0.013104 0.999706 
0.000609 0.000070 1.000000 -0.006300 -0.021687 0.999745 -0.016343 0.010034 0.999816 0.000059 -0.000658 1.000000 0.017589 -0.004646 0.999835 -0.009933 0.006261 0.999931 
-0.000797 -0.000091 1.000000 -0.005086 -0.017518 0.999834 -0.009857 0.006112 0.999933 0.000119 -0.001315 0.999999 0.019759 -0.005217 0.999791 -0.007610 0.004844 0.999959 
0.001731 0.000198 0.999998 -0.004667 -0.016059 0.999860 -0.009319 0.005781 0.999940 0.000369 -0.004089 0.999992 0.022383 -0.005916 0.999732 -0.008370 0.005329 0.999951 
0.001587 0.000182 0.999999 -0.003850 -0.013292 0.999904 -0.007718 0.004789 0.999959 0.000342 -0.003787 0.999993 0.025825 -0.006800 0.999643 -0.009447 0.006018 0.999937 
0.001626 0.000189 0.999999 -0.002212 -0.007728 0.999968 -0.004444 0.002759 0.999986 0.000372 -0.004035 0.999992 0.029509 -0.007675 0.999535 -0.010578 0.006745 0.999921 
0.002196 0.000277 0.999998 -0.000004 -0.000014 1.000000 -0.000046 0.000029 1.000000 0.000406 -0.003988 0.999992 0.032944 -0.008301 0.999423 -0.011355 0.007215 0.999910 
0.002114 0.000280 0.999998 -0.000003 -0.000009 1.000000 0.000009 -0.000006 1.000000 0.000417 -0.003859 0.999992 0.034474 -0.008570 0.999369 -0.011834 0.007486 0.999902 
0.001926 0.000258 0.999998 -0.000000 -0.000000 1.000000 0.000016 -0.000010 1.000000 0.000385 -0.003506 0.999994 0.034921 -0.008548 0.999354 -0.011933 0.007550 0.999900 
0.003916 0.000530 0.999992 0.000000 0.000000 1.000000 -0.000621 0.000383 1.000000 0.000446 -0.004020 0.999992 0.034935 -0.008421 0.999354 -0.011650 0.007371 0.999905 
0.003536 0.000479 0.999994 0.000001 0.000003 1.000000 -0.000566 0.000349 1.000000 0.000402 -0.003621 0.999993 0.034492 -0.008257 0.999371 -0.011496 0.007279 0.999907 
0.003177 0.000430 0.999995 0.000003 0.000013 1.000000 -0.000519 0.000320 1.000000 0.000361 -0.003251 0.999995 0.033940 -0.008093 0.999391 -0.011324 0.007173 0.999910 
0.002138 0.000290 0.999998 0.000157 0.000596 1.000000 -0.000286 0.000176 1.000000 0.000376 -0.003376 0.999994 0.033381 -0.007931 0.999411 -0.011790 0.007472 0.999903 
0.001929 0.000262 0.999998 0.000537 0.002039 0.999998 -0.000271 0.000167 1.000000 0.000335 -0.003004 0.999995 0.032789 -0.007791 0.999432 -0.012326 0.007811 0.999894 
0.001735 0.000236 0.999998 0.000943 0.003575 0.999993 -0.000264 0.000163 1.000000 0.000294 -0.002639 0.999996 0.032263 -0.007686 0.999450 -0.012944 0.008201 0.999883 
0.003695 0.000504 0.999993 0.001238 0.004677 0.999988 -0.002225 0.001372 0.999997 -0.000124 0.001107 0.999999 0.031975 -0.007654 0.999459 -0.013080 0.008268 0.999880 
0.005317 0.000727 0.999986 0.001548 0.005837 0.999982 -0.002654 0.001636 0.999995 0.000006 -0.000053 1.000000 0.031824 -0.007632 0.999464 -0.013599 0.008594 0.999871 
0.005725 0.000783 0.999983 0.001866 0.007033 0.999974 -0.002949 0.001817 0.999994 0.000016 -0.000139 1.000000 0.031236 -0.007495 0.999484 -0.014134 0.008928 0.999860 
0.005202 0.000712 0.999986 0.002205 0.008311 0.999963 -0.003080 0.001896 0.999993 -0.000209 0.001860 0.999998 0.030592 -0.007341 0.999505 -0.014339 0.009049 0.999856 
0.006877 0.000942 0.999976 0.002438 0.009188 0.999955 -0.003715 0.002286 0.999990 -0.000186 0.001654 0.999999 0.030122 -0.007230 0.999520 -0.014454 0.009116 0.999854 
0.006199 0.000849 0.999980 0.002581 0.009741 0.999949 -0.003371 0.002075 0.999992 -0.000168 0.001491 0.999999 0.029690 -0.007118 0.999534 -0.014673 0.009255 0.999850 
0.006714 0.000922 0.999977 0.002674 0.010102 0.999945 -0.003189 0.001963 0.999993 0.000073 -0.000643 1.000000 0.029717 -0.007115 0.999533 -0.015126 0.009546 0.999840 
0.004967 0.000683 0.999987 0.002719 0.010284 0.999943 -0.003057 0.001882 0.999994 -0.000057 0.000500 1.000000 0.029687 -0.007099 0.999534 -0.015615 0.009855 0.999830 
0.003933 0.000541 0.999992 0.002684 0.010161 0.999945 -0.002786 0.001716 0.999995 -0.000082 0.000721 1.000000 0.029517 -0.007051 0.999539 -0.015693 0.009906 0.999828 
0.003581 0.000493 0.999993 0.002595 0.009827 0.999948 -0.002533 0.001560 0.999996 -0.000073 0.000641 1.000000 0.029473 -0.007039 0.999541 -0.015466 0.009763 0.999833 
0.003259 0.000449 0.999995 0.002477 0.009378 0.999953 -0.002299 0.001416 0.999996 -0.000063 0.000560 1.000000 0.029510 -0.007047 0.999540 -0.015210 0.009602 0.999838 
0.003845 0.000530 0.999992 0.002341 0.008863 0.999958 -0.002487 0.001531 0.999996 -0.000120 0.001058 0.999999 0.029627 -0.007075 0.999536 -0.014691 0.009271 0.999849 
0.003505 0.000483 0.999994 0.002177 0.008241 0.999964 -0.002255 0.001388 0.999996 -0.000104 0.000916 1.000000 0.029723 -0.007100 0.999533 -0.014396 0.009085 0.999855 
0.004069 0.000561 0.999992 0.001999 0.007564 0.999969 -0.002513 0.001547 0.999996 -0.000081 0.000717 1.000000 0.029805 -0.007121 0.999530 -0.014084 0.008887 0.999861 
0.004105 0.000566 0.999991 0.001802 0.006816 0.999975 -0.002418 0.001488 0.999996 -0.000072 0.000639 1.000000 0.029908 -0.007148 0.999527 -0.013641 0.008606 0.999870 
0.003663 0.000506 0.999993 0.001602 0.006057 0.999980 -0.002900 0.001784 0.999994 -0.000167 0.001470 0.999999 0.029996 -0.007173 0.999524 -0.013689 0.008631 0.999869 
0.005837 0.000808 0.999983 0.001375 0.005194 0.999986 -0.003703 0.002277 0.999991 -0.000098 0.000861 1.000000 0.030097 -0.007199 0.999521 -0.013109 0.008259 0.999880 
0.005300 0.000734 0.999986 0.001144 0.004322 0.999990 -0.003354 0.002063 0.999992 -0.000084 0.000740 1.000000 0.030078 -0.007198 0.999522 -0.012626 0.007955 0.999889 
0.004814 0.000666 0.999988 0.000922 0.003482 0.999994 -0.003043 0.001871 0.999994 -0.000072 0.000630 1.000000 0.030031 -0.007188 0.999523 -0.012156 0.007659 0.999897 
0.003914 0.000542 0.999992 0.000724 0.002733 0.999996 -0.002608 0.001604 0.999995 -0.000008 0.000072 1.000000 0.029993 -0.007180 0.999524 -0.011979 0.007549 0.999900 
0.003564 0.000494 0.999994 0.000526 0.001984 0.999998 -0.002310 0.001421 0.999996 -0.000002 0.000017 1.000000 0.030277 -0.007251 0.999515 -0.011595 0.007307 0.999906 
0.002630 0.000365 0.999996 0.000330 0.001244 0.999999 -0.001880 0.001156 0.999998 0.000069 -0.000601 1.000000 0.030356 -0.007274 0.999513 -0.011505 0.007252 0.999908 
0.002390 0.000331 0.999997 0.000119 0.000449 1.000000 -0.001689 0.001039 0.999998 0.000066 -0.000574 1.000000 0.030526 -0.007316 0.999507 -0.011075 0.006980 0.999914 
0.002176 0.000302 0.999998 0.000061 0.000229 1.000000 -0.001534 0.000944 0.999998 0.000064 -0.000561 1.000000 0.030541 -0.007320 0.999507 -0.010922 0.006884 0.999917 
0.003243 0.000450 0.999995 0.000043 0.000164 1.000000 -0.002055 0.001264 0.999997 0.000112 -0.000979 1.000000 0.030509 -0.007312 0.999508 -0.010960 0.006906 0.999916 
0.002952 0.000410 0.999996 0.000041 0.000153 1.000000 -0.001834 0.001128 0.999998 0.000107 -0.000931 1.000000 0.030542 -0.007320 0.999507 -0.010888 0.006862 0.999917 
0.004079 0.000567 0.999992 0.000034 0.000127 1.000000 -0.002431 0.001495 0.999996 0.000012 -0.000105 1.000000 0.030435 -0.007295 0.999510 -0.010554 0.006648 0.999922 
0.003717 0.000516 0.999993 0.000027 0.000103 1.000000 -0.002206 0.001357 0.999997 0.000017 -0.000150 1.000000 0.030267 -0.007255 0.999516 -0.010473 0.006597 0.999923 
0.003380 0.000469 0.999994 0.000038 0.000143 1.000000 -0.001973 0.001213 0.999997 0.000019 -0.000167 1.000000 0.030233 -0.007246 0.999517 -0.010439 0.006576 0.999924 
0.003075 0.000427 0.999995 0.000032 0.000119 1.000000 -0.001794 0.001103 0.999998 0.000020 -0.000175 1.000000 0.030103 -0.007215 0.999521 -0.010371 0.006534 0.999925 
0.002798 0.000389 0.999996 0.000027 0.000103 1.000000 -0.001529 0.000941 0.999998 0.000080 -0.000700 1.000000 0.029994 -0.007188 0.999524 -0.010387 0.006546 0.999925 
0.003554 0.000494 0.999994 0.000043 0.000162 1.000000 -0.001744 0.001073 0.999998 0.000064 -0.000561 1.000000 0.029957 -0.007182 0.999525 -0.010176 0.006411 0.999928 
0.006188 0.000863 0.999980 0.000049 0.000183 1.000000 -0.002191 0.001349 0.999997 0.000453 -0.003936 0.999992 0.030028 -0.007197 0.999523 -0.010385 0.006545 0.999925 
0.004135 0.000579 0.999991 0.000055 0.000209 1.000000 -0.001615 0.000995 0.999998 0.000560 -0.004854 0.999988 0.029970 -0.007183 0.999525 -0.011190 0.007057 0.999912 
0.003757 0.000526 0.999993 0.000050 0.000187 1.000000 -0.001474 0.000908 0.999999 0.000511 -0.004422 0.999990 0.029857 -0.007155 0.999529 -0.011058 0.006975 0.999915 
0.003998 0.000561 0.999992 0.000087 0.000327 1.000000 -0.001588 0.000979 0.999998 0.000582 -0.005026 0.999987 0.029915 -0.007169 0.999527 -0.011333 0.007149 0.999910 
0.005266 0.000739 0.999986 0.000081 0.000307 1.000000 -0.001973 0.001216 0.999997 0.000770 -0.006641 0.999978 0.029868 -0.007158 0.999528 -0.011547 0.007285 0.999907 
0.004341 0.000610 0.999990 0.000072 0.000271 1.000000 -0.001754 0.001082 0.999998 0.000714 -0.006154 0.999981 0.029732 -0.007123 0.999533 -0.011590 0.007314 0.999906 
0.004258 0.000599 0.999991 0.000065 0.000244 1.000000 -0.002013 0.001241 0.999997 0.000517 -0.004455 0.999990 0.029601 -0.007093 0.999537 -0.011268 0.007107 0.999911 
0.003090 0.000435 0.999995 0.000059 0.000223 1.000000 -0.001620 0.000999 0.999998 0.000541 -0.004657 0.999989 0.029472 -0.007061 0.999541 -0.011506 0.007259 0.999907 
0.002814 0.000396 0.999996 0.000057 0.000214 1.000000 -0.001471 0.000907 0.999999 0.000495 -0.004255 0.999991 0.029343 -0.007032 0.999545 -0.011325 0.007146 0.999910 
0.003128 0.000440 0.999995 0.000052 0.000198 1.000000 -0.001413 0.000871 0.999999 0.000526 -0.004525 0.999990 0.029298 -0.007023 0.999546 -0.011173 0.007050 0.999913 
0.002843 0.000400 0.999996 0.000046 0.000175 1.000000 -0.001285 0.000793 0.999999 0.000480 -0.004124 0.999991 0.029259 -0.007014 0.999547 -0.011041 0.006966 0.999915 
0.003857 0.000543 0.999992 0.000042 0.000158 1.000000 -0.001807 0.001114 0.999998 0.000414 -0.003553 0.999994 0.029256 -0.007014 0.999547 -0.010818 0.006823 0.999918 
0.004022 0.000567 0.999992 0.000042 0.000158 1.000000 -0.001709 0.001054 0.999998 0.000446 -0.003830 0.999993 0.029242 -0.007012 0.999548 -0.010725 0.006766 0.999920 
0.003653 0.000515 0.999993 0.000037 0.000139 1.000000 -0.001553 0.000958 0.999998 0.000407 -0.003495 0.999994 0.029263 -0.007018 0.999547 -0.010654 0.006721 0.999921 
0.003320 0.000468 0.999994 0.000032 0.000122 1.000000 -0.001411 0.000870 0.999999 0.000372 -0.003197 0.999995 0.029291 -0.007026 0.999546 -0.010592 0.006681 0.999922 
0.003018 0.000425 0.999995 0.000028 0.000104 1.000000 -0.001284 0.000792 0.999999 0.000340 -0.002922 0.999996 0.029318 -0.007034 0.999545 -0.010535 0.006646 0.999922 
0.002746 0.000387 0.999996 0.000026 0.000097 1.000000 -0.001158 0.000714 0.999999 0.000311 -0.002671 0.999996 0.029393 -0.007054 0.999543 -0.010495 0.006620 0.999923 
0.004043 0.000571 0.999992 0.000069 0.000259 1.000000 -0.001694 0.001045 0.999998 0.000427 -0.003660 0.999993 0.029705 -0.007130 0.999533 -0.010853 0.006847 0.999918 
0.003230 0.000457 0.999995 0.000063 0.000235 1.000000 -0.001473 0.000909 0.999999 0.000415 -0.003555 0.999994 0.029611 -0.007105 0.999536 -0.010982 0.006930 0.999916 
0.002945 0.000416 0.999996 0.000056 0.000211 1.000000 -0.001338 0.000825 0.999999 0.000381 -0.003264 0.999995 0.029526 -0.007086 0.999539 -0.010863 0.006855 0.999917 
0.002681 0.000379 0.999996 0.000063 0.000236 1.000000 -0.001207 0.000745 0.999999 0.000349 -0.002989 0.999995 0.029454 -0.007072 0.999541 -0.010773 0.006798 0.999919 
0.003927 0.000555 0.999992 0.000072 0.000272 1.000000 -0.001783 0.001100 0.999998 0.000276 -0.002363 0.999997 0.029628 -0.007113 0.999536 -0.010553 0.006657 0.999922 
0.003572 0.000505 0.999993 0.000072 0.000271 1.000000 -0.001615 0.000996 0.999998 0.000255 -0.002182 0.999998 0.029561 -0.007100 0.999538 -0.010493 0.006620 0.999923 
0.003657 0.000518 0.999993 0.000115 0.000431 1.000000 -0.001822 0.001124 0.999998 0.000252 -0.002154 0.999998 0.029755 -0.007146 0.999532 -0.010788 0.006805 0.999919 
0.003817 0.000540 0.999993 0.000102 0.000384 1.000000 -0.002097 0.001293 0.999997 0.000121 -0.001031 0.999999 0.029718 -0.007138 0.999533 -0.010566 0.006663 0.999922 
0.001488 0.000211 0.999999 0.000100 0.000375 1.000000 -0.001633 0.001007 0.999998 0.000084 -0.000720 1.000000 0.029684 -0.007128 0.999534 -0.011207 0.007069 0.999912 
0.004454 0.000632 0.999990 0.000102 0.000384 1.000000 -0.002561 0.001579 0.999995 0.000094 -0.000801 1.000000 0.030051 -0.007216 0.999522 -0.010717 0.006757 0.999920 
0.004060 0.000576 0.999992 0.000097 0.000365 1.000000 -0.002320 0.001431 0.999996 0.000093 -0.000788 1.000000 0.030072 -0.007221 0.999522 -0.010683 0.006735 0.999920 
0.003685 0.000523 0.999993 0.000091 0.000342 1.000000 -0.002071 0.001277 0.999997 0.000108 -0.000922 1.000000 0.030059 -0.007218 0.999522 -0.010666 0.006725 0.999921 
0.003441 0.000489 0.999994 0.000083 0.000313 1.000000 -0.001587 0.000980 0.999998 0.000335 -0.002854 0.999996 0.030027 -0.007211 0.999523 -0.010931 0.006898 0.999916 
0.004138 0.000588 0.999991 0.000096 0.000360 1.000000 -0.002163 0.001334 0.999997 0.000193 -0.001637 0.999999 0.030277 -0.007269 0.999515 -0.010834 0.006833 0.999918 
0.003771 0.000536 0.999993 0.000090 0.000340 1.000000 -0.001949 0.001202 0.999997 0.000181 -0.001535 0.999999 0.030296 -0.007274 0.999515 -0.010781 0.006799 0.999919 
0.004883 0.000694 0.999988 0.000128 0.000480 1.000000 -0.002415 0.001489 0.999996 0.000112 -0.000953 1.000000 0.030407 -0.007303 0.999511 -0.010573 0.006666 0.999922 
0.005899 0.000840 0.999982 0.000170 0.000638 1.000000 -0.002639 0.001627 0.999995 0.000196 -0.001665 0.999999 0.030528 -0.007332 0.999507 -0.010620 0.006695 0.999921 
0.006271 0.000894 0.999980 0.000171 0.000645 1.000000 -0.002814 0.001735 0.999995 0.000300 -0.002538 0.999997 0.030497 -0.007323 0.999508 -0.010875 0.006855 0.999917 
0.006620 0.000945 0.999978 0.000164 0.000619 1.000000 -0.002712 0.001673 0.999995 0.000450 -0.003808 0.999993 0.030496 -0.007324 0.999508 -0.010999 0.006935 0.999915 
0.006002 0.000857 0.999982 0.000148 0.000556 1.000000 -0.002457 0.001516 0.999996 0.000413 -0.003490 0.999994 0.030462 -0.007320 0.999509 -0.010926 0.006888 0.999917 
0.004442 0.000634 0.999990 0.000132 0.000497 1.000000 -0.001952 0.001205 0.999997 0.000474 -0.004005 0.999992 0.030440 -0.007315 0.999510 -0.011376 0.007177 0.999910 
0.005641 0.000806 0.999984 0.000119 0.000446 1.000000 -0.002395 0.001479 0.999996 0.000475 -0.004010 0.999992 0.030402 -0.007306 0.999511 -0.011144 0.007029 0.999913 
0.005119 0.000731 0.999987 0.000106 0.000397 1.000000 -0.002171 0.001340 0.999997 0.000435 -0.003678 0.999993 0.030348 -0.007295 0.999513 -0.011045 0.006966 0.999915 
0.003815 0.000546 0.999993 0.000065 0.000245 1.000000 -0.001824 0.001126 0.999998 0.000449 -0.003793 0.999993 0.030531 -0.007336 0.999507 -0.011403 0.007195 0.999909 
0.003477 0.000497 0.999994 0.000059 0.000221 1.000000 -0.001656 0.001022 0.999998 0.000412 -0.003480 0.999994 0.030403 -0.007304 0.999511 -0.011256 0.007103 0.999911 
0.004119 0.000589 0.999991 0.000057 0.000215 1.000000 -0.001626 0.001004 0.999998 0.000508 -0.004281 0.999991 0.030369 -0.007294 0.999512 -0.011144 0.007033 0.999913 
0.003747 0.000536 0.999993 0.000051 0.000192 1.000000 -0.001005 0.000622 0.999999 0.000746 -0.006289 0.999980 0.030369 -0.007294 0.999512 -0.011379 0.007192 0.999909 
0.003647 0.000522 0.999993 0.000045 0.000170 1.000000 -0.001213 0.000751 0.999999 0.000767 -0.006457 0.999979 0.030297 -0.007269 0.999514 -0.011650 0.007363 0.999905 
0.004823 0.000692 0.999988 0.000073 0.000275 1.000000 -0.001690 0.001045 0.999998 0.000768 -0.006462 0.999979 0.030374 -0.007287 0.999512 -0.011581 0.007319 0.999906 
0.005753 0.000825 0.999983 0.000115 0.000434 1.000000 -0.002361 0.001460 0.999996 0.000579 -0.004867 0.999988 0.030355 -0.007286 0.999513 -0.011302 0.007141 0.999911 
0.005677 0.000815 0.999984 0.000104 0.000391 1.000000 -0.002244 0.001388 0.999997 0.000641 -0.005381 0.999985 0.030262 -0.007264 0.999516 -0.011343 0.007168 0.999910 
0.005148 0.000739 0.999986 0.000094 0.000352 1.000000 -0.002036 0.001260 0.999997 0.000585 -0.004911 0.999988 0.030159 -0.007241 0.999519 -0.011207 0.007082 0.999912 
0.005682 0.000817 0.999984 0.000086 0.000325 1.000000 -0.002026 0.001254 0.999997 0.000726 -0.006091 0.999981 0.030172 -0.007245 0.999518 -0.011299 0.007143 0.999911 
0.005043 0.000726 0.999987 0.000083 0.000314 1.000000 -0.001757 0.001088 0.999998 0.000822 -0.006885 0.999976 0.030281 -0.007270 0.999515 -0.011658 0.007375 0.999905 
0.005122 0.000738 0.999987 0.000074 0.000279 1.000000 -0.001824 0.001130 0.999998 0.000801 -0.006701 0.999977 0.030275 -0.007268 0.999515 -0.011603 0.007339 0.999906 
0.002926 0.000422 0.999996 0.000066 0.000248 1.000000 -0.001259 0.000781 0.999999 0.000937 -0.007822 0.999969 0.030262 -0.007257 0.999516 -0.012536 0.007939 0.999890 
0.002660 0.000384 0.999996 0.000058 0.000220 1.000000 -0.001144 0.000709 0.999999 0.000855 -0.007137 0.999974 0.030190 -0.007238 0.999518 -0.012297 0.007788 0.999894 
0.002430 0.000351 0.999997 0.000052 0.000194 1.000000 -0.001039 0.000645 0.999999 0.000780 -0.006509 0.999979 0.030128 -0.007225 0.999520 -0.012077 0.007649 0.999898 
0.004560 0.000660 0.999989 0.000079 0.000298 1.000000 -0.001491 0.000925 0.999998 0.000988 -0.008222 0.999966 0.030293 -0.007267 0.999515 -0.012082 0.007655 0.999898 
0.004206 0.000608 0.999991 0.000075 0.000282 1.000000 -0.001357 0.000842 0.999999 0.000900 -0.007493 0.999972 0.030400 -0.007290 0.999511 -0.011924 0.007555 0.999900 
0.002696 0.000390 0.999996 0.000066 0.000249 1.000000 -0.000889 0.000552 0.999999 0.000917 -0.007626 0.999970 0.030353 -0.007274 0.999513 -0.012261 0.007775 0.999895 
0.004308 0.000624 0.999991 0.000063 0.000238 1.000000 -0.001015 0.000631 0.999999 0.001098 -0.009135 0.999958 0.030539 -0.007318 0.999507 -0.012098 0.007676 0.999897 
0.003923 0.000568 0.999992 0.000056 0.000210 1.000000 -0.000924 0.000574 0.999999 0.001000 -0.008317 0.999965 0.030491 -0.007306 0.999508 -0.011909 0.007556 0.999901 
0.003578 0.000518 0.999993 0.000048 0.000180 1.000000 -0.000466 0.000290 1.000000 0.001139 -0.009471 0.999955 0.030426 -0.007291 0.999510 -0.011979 0.007608 0.999899 
0.004564 0.000662 0.999989 0.000043 0.000162 1.000000 -0.001066 0.000663 0.999999 0.001170 -0.009716 0.999952 0.030426 -0.007286 0.999510 -0.012117 0.007692 0.999897 
0.003603 0.000523 0.999993 0.000038 0.000142 1.000000 -0.000845 0.000526 1.000000 0.001110 -0.009213 0.999957 0.030312 -0.007254 0.999514 -0.012185 0.007738 0.999896 
0.003284 0.000476 0.999994 0.000033 0.000123 1.000000 -0.000770 0.000479 1.000000 0.001011 -0.008386 0.999964 0.030181 -0.007224 0.999518 -0.011953 0.007591 0.999900 
0.002516 0.000365 0.999997 0.000028 0.000104 1.000000 -0.000522 0.000325 1.000000 0.001008 -0.008360 0.999965 0.030113 -0.007209 0.999520 -0.012068 0.007668 0.999898 
0.002639 0.000383 0.999996 0.000023 0.000087 1.000000 -0.000603 0.000375 1.000000 0.000916 -0.007592 0.999971 0.030119 -0.007210 0.999520 -0.011827 0.007515 0.999902 
0.002414 0.000350 0.999997 0.000019 0.000072 1.000000 -0.000549 0.000342 1.000000 0.000837 -0.006935 0.999976 0.030118 -0.007210 0.999520 -0.011668 0.007416 0.999904 
0.002214 0.000321 0.999997 0.000016 0.000059 1.000000 -0.000499 0.000311 1.000000 0.000766 -0.006348 0.999980 0.030115 -0.007210 0.999520 -0.011524 0.007326 0.999907 
0.004121 0.000597 0.999991 0.000011 0.000043 1.000000 -0.001201 0.000748 0.999999 0.000754 -0.006259 0.999980 0.030174 -0.007225 0.999519 -0.011196 0.007117 0.999912 
0.003337 0.000484 0.999994 0.000008 0.000028 1.000000 -0.001020 0.000635 0.999999 0.000718 -0.005957 0.999982 0.030133 -0.007215 0.999520 -0.011306 0.007189 0.999910 
0.005259 0.000763 0.999986 0.000008 0.000030 1.000000 -0.001736 0.001082 0.999998 0.000717 -0.005943 0.999982 0.030208 -0.007235 0.999517 -0.011027 0.007010 0.999915 
0.003947 0.000573 0.999992 0.000009 0.000033 1.000000 -0.001330 0.000829 0.999999 0.000743 -0.006149 0.999981 0.030203 -0.007235 0.999518 -0.011379 0.007236 0.999909 
0.003589 0.000522 0.999993 0.000008 0.000029 1.000000 -0.001198 0.000747 0.999999 0.000681 -0.005638 0.999984 0.030184 -0.007230 0.999518 -0.011262 0.007163 0.999911 
0.003275 0.000476 0.999995 0.000009 0.000032 1.000000 -0.001084 0.000676 0.999999 0.000625 -0.005175 0.999986 0.030193 -0.007235 0.999518 -0.011169 0.007106 0.999912 
0.003741 0.000544 0.999993 0.000017 0.000063 1.000000 -0.000333 0.000208 1.000000 0.001198 -0.009909 0.999950 0.030248 -0.007250 0.999516 -0.011774 0.007511 0.999902 
0.006777 0.000982 0.999977 0.000020 0.000074 1.000000 -0.001540 0.000961 0.999998 0.001162 -0.009658 0.999953 0.030377 -0.007284 0.999512 -0.011343 0.007224 0.999910 
0.007273 0.001054 0.999973 0.000019 0.000072 1.000000 -0.001979 0.001235 0.999997 0.001031 -0.008568 0.999963 0.030429 -0.007298 0.999510 -0.011170 0.007111 0.999912 
0.005331 0.000773 0.999985 0.000016 0.000059 1.000000 -0.001471 0.000919 0.999998 0.001054 -0.008746 0.999961 0.030403 -0.007290 0.999511 -0.011722 0.007467 0.999903 
0.004842 0.000703 0.999988 0.000013 0.000051 1.000000 -0.001333 0.000832 0.999999 0.000962 -0.007979 0.999968 0.030317 -0.007271 0.999514 -0.011556 0.007362 0.999906 
0.007969 0.001157 0.999968 0.000014 0.000053 1.000000 -0.001746 0.001091 0.999998 0.001473 -0.012212 0.999924 0.030395 -0.007292 0.999511 -0.011748 0.007488 0.999903 
0.006684 0.000971 0.999977 0.000012 0.000044 1.000000 -0.001492 0.000932 0.999998 0.001373 -0.011374 0.999934 0.030404 -0.007293 0.999511 -0.011889 0.007580 0.999901 
0.006061 0.000881 0.999981 0.000010 0.000037 1.000000 -0.001354 0.000846 0.999999 0.001248 -0.010339 0.999946 0.030376 -0.007286 0.999512 -0.011724 0.007475 0.999903 
0.008823 0.001282 0.999960 0.000044 0.000166 1.000000 -0.002066 0.001291 0.999997 0.001468 -0.012165 0.999925 0.030652 -0.007354 0.999503 -0.011740 0.007486 0.999903 
0.008749 0.001272 0.999961 0.000073 0.000273 1.000000 -0.002294 0.001434 0.999996 0.001363 -0.011282 0.999935 0.030768 -0.007383 0.999499 -0.011802 0.007526 0.999902 
0.007928 0.001153 0.999968 0.000066 0.000247 1.000000 -0.002080 0.001300 0.999997 0.001239 -0.010251 0.999947 0.030666 -0.007359 0.999503 -0.011633 0.007418 0.999905 
0.006262 0.000911 0.999980 0.000060 0.000226 1.000000 -0.001590 0.000995 0.999998 0.001229 -0.010158 0.999948 0.030557 -0.007331 0.999506 -0.011938 0.007616 0.999900 
0.006284 0.000911 0.999980 0.000042 0.000158 1.000000 -0.001616 0.001012 0.999998 0.001630 -0.013536 0.999907 0.030497 -0.007316 0.999508 -0.012984 0.008293 0.999881 
0.005699 0.000826 0.999983 0.000037 0.000138 1.000000 -0.001469 0.000920 0.999998 0.001481 -0.012292 0.999923 0.030249 -0.007257 0.999516 -0.012643 0.008075 0.999887 
0.005169 0.000750 0.999986 0.000036 0.000134 1.000000 -0.001320 0.000826 0.999999 0.001345 -0.011169 0.999937 0.030094 -0.007221 0.999521 -0.012352 0.007890 0.999893 
0.006456 0.000938 0.999979 0.000031 0.000115 1.000000 -0.001747 0.001093 0.999998 0.001350 -0.011191 0.999936 0.029989 -0.007198 0.999524 -0.012064 0.007704 0.999898 
0.005120 0.000744 0.999987 0.000029 0.000110 1.000000 -0.001356 0.000849 0.999999 0.001304 -0.010798 0.999941 0.029919 -0.007181 0.999527 -0.012219 0.007807 0.999895 
0.003903 0.000568 0.999992 0.000025 0.000095 1.000000 -0.001017 0.000637 0.999999 0.001264 -0.010455 0.999945 0.029819 -0.007159 0.999530 -0.012364 0.007904 0.999892 
0.003565 0.000518 0.999994 0.000022 0.000081 1.000000 -0.000920 0.000577 0.999999 0.001155 -0.009555 0.999954 0.029774 -0.007150 0.999531 -0.012131 0.007757 0.999896 
0.004114 0.000599 0.999991 0.000019 0.000072 1.000000 -0.000942 0.000591 0.999999 0.001175 -0.009714 0.999952 0.029793 -0.007157 0.999530 -0.011924 0.007627 0.999900 
0.002676 0.000390 0.999996 0.000016 0.000060 1.000000 -0.000495 0.000311 1.000000 0.001199 -0.009904 0.999950 0.029842 -0.007169 0.999529 -0.012304 0.007877 0.999893 
0.002456 0.000358 0.999997 0.000013 0.000049 1.000000 -0.000447 0.000281 1.000000 0.001097 -0.009056 0.999958 0.029871 -0.007179 0.999528 -0.012101 0.007749 0.999897 
0.003143 0.000458 0.999995 0.000009 0.000036 1.000000 -0.000509 0.000320 1.000000 0.001131 -0.009334 0.999956 0.029949 -0.007199 0.999526 -0.011918 0.007634 0.999900 
0.002882 0.000420 0.999996 0.000008 0.000029 1.000000 -0.000458 0.000288 1.000000 0.001035 -0.008545 0.999963 0.029985 -0.007209 0.999524 -0.011755 0.007533 0.999903 
0.003353 0.000488 0.999994 0.000009 0.000034 1.000000 -0.000600 0.000377 1.000000 0.000981 -0.008096 0.999967 0.030021 -0.007220 0.999523 -0.011520 0.007384 0.999906 
0.003066 0.000447 0.999995 0.000013 0.000050 1.000000 -0.000540 0.000340 1.000000 0.000899 -0.007415 0.999972 0.030052 -0.007229 0.999522 -0.011407 0.007314 0.999908 
0.004122 0.000601 0.999991 0.000018 0.000069 1.000000 -0.000652 0.000410 1.000000 0.001009 -0.008321 0.999965 0.030111 -0.007244 0.999520 -0.011297 0.007246 0.999910 
0.003760 0.000548 0.999993 0.000024 0.000092 1.000000 -0.000586 0.000369 1.000000 0.000924 -0.007619 0.999971 0.030174 -0.007263 0.999518 -0.011225 0.007202 0.999911 
0.003433 0.000500 0.999994 0.000024 0.000089 1.000000 -0.000527 0.000332 1.000000 0.000846 -0.006981 0.999975 0.030236 -0.007283 0.999516 -0.011151 0.007156 0.999912 
0.002444 0.000356 0.999997 0.000027 0.000103 1.000000 -0.000338 0.000213 1.000000 0.000808 -0.006660 0.999977 0.030282 -0.007299 0.999515 -0.011397 0.007318 0.999908 
0.002701 0.000394 0.999996 0.000036 0.000135 1.000000 -0.000317 0.000200 1.000000 0.000934 -0.007689 0.999970 0.030393 -0.007330 0.999511 -0.011636 0.007476 0.999904 
0.004338 0.000634 0.999990 0.000020 0.000075 1.000000 -0.000612 0.000386 1.000000 0.001295 -0.010652 0.999942 0.030526 -0.007365 0.999507 -0.012053 0.007752 0.999897 
0.003446 0.000504 0.999994 0.000020 0.000074 1.000000 -0.000449 0.000284 1.000000 0.001219 -0.010019 0.999949 0.030464 -0.007351 0.999509 -0.012129 0.007804 0.999896 
0.003144 0.000460 0.999995 0.000028 0.000105 1.000000 -0.000406 0.000256 1.000000 0.001112 -0.009138 0.999958 0.030451 -0.007350 0.999509 -0.011968 0.007703 0.999899 
0.003351 0.000490 0.999994 0.000038 0.000142 1.000000 -0.000493 0.000312 1.000000 0.001038 -0.008528 0.999963 0.030471 -0.007359 0.999509 -0.011776 0.007581 0.999902 
0.003058 0.000447 0.999995 0.000050 0.000186 1.000000 -0.000444 0.000281 1.000000 0.000948 -0.007790 0.999969 0.030469 -0.007360 0.999509 -0.011663 0.007511 0.999904 
0.006223 0.000908 0.999980 0.000027 0.000100 1.000000 -0.000835 0.000528 1.000000 0.001356 -0.011172 0.999937 0.030641 -0.007411 0.999503 -0.011522 0.007423 0.999906 
0.005643 0.000823 0.999984 0.000043 0.000162 1.000000 -0.000756 0.000478 1.000000 0.001234 -0.010166 0.999948 0.030714 -0.007433 0.999501 -0.011475 0.007395 0.999907 
0.004110 0.000601 0.999991 0.000030 0.000112 1.000000 -0.000147 0.000093 1.000000 0.001416 -0.011649 0.999931 0.030815 -0.007456 0.999497 -0.012162 0.007849 0.999895 
0.003747 0.000547 0.999993 0.000013 0.000047 1.000000 -0.000132 0.000084 1.000000 0.001291 -0.010620 0.999943 0.030826 -0.007464 0.999497 -0.011971 0.007727 0.999898 
0.003420 0.000500 0.999994 0.000012 0.000044 1.000000 -0.000119 0.000076 1.000000 0.001177 -0.009681 0.999952 0.030832 -0.007468 0.999497 -0.011822 0.007634 0.999901 
0.003119 0.000456 0.999995 0.000012 0.000045 1.000000 -0.000108 0.000068 1.000000 0.001073 -0.008828 0.999960 0.030826 -0.007468 0.999497 -0.011688 0.007549 0.999903 
0.002189 0.000320 0.999998 0.000020 0.000075 1.000000 0.000027 -0.000017 1.000000 0.001006 -0.008269 0.999965 0.030781 -0.007459 0.999498 -0.011856 0.007660 0.999900 
0.001997 0.000292 0.999998 0.000035 0.000131 1.000000 0.000024 -0.000015 1.000000 0.000916 -0.007534 0.999971 0.030747 -0.007453 0.999499 -0.011736 0.007585 0.999902 
0.001827 0.000267 0.999998 0.000053 0.000198 1.000000 0.000022 -0.000014 1.000000 0.000837 -0.006878 0.999976 0.030733 -0.007451 0.999500 -0.011643 0.007526 0.999904 
0.001673 0.000244 0.999999 0.000079 0.000293 1.000000 0.000023 -0.000015 1.000000 0.000765 -0.006290 0.999980 0.030736 -0.007453 0.999500 -0.011583 0.007489 0.999905 
0.001535 0.000224 0.999999 0.000116 0.000431 1.000000 0.000023 -0.000015 1.000000 0.000700 -0.005755 0.999983 0.030750 -0.007458 0.999499 -0.011558 0.007475 0.999905 
0.001410 0.000206 0.999999 0.000166 0.000619 1.000000 0.000025 -0.000016 1.000000 0.000642 -0.005278 0.999986 0.030784 -0.007469 0.999498 -0.011577 0.007490 0.999905 
0.001296 0.000189 0.999999 0.000232 0.000865 1.000000 0.000025 -0.000016 1.000000 0.000589 -0.004840 0.999988 0.030823 -0.007481 0.999497 -0.011637 0.007532 0.999904 
0.001197 0.000175 0.999999 0.000316 0.001178 0.999999 0.000027 -0.000017 1.000000 0.000542 -0.004452 0.999990 0.030886 -0.007500 0.999495 -0.011749 0.007607 0.999902 
0.000547 0.000080 1.000000 0.000407 0.001517 0.999999 0.000094 -0.000060 1.000000 0.000515 -0.004231 0.999991 0.030976 -0.007526 0.999492 -0.012159 0.007878 0.999895 
0.002382 0.000348 0.999997 0.000505 0.001878 0.999998 -0.000463 0.000295 1.000000 0.000599 -0.004924 0.999988 0.031092 -0.007560 0.999488 -0.012209 0.007911 0.999894 
0.005134 0.000751 0.999987 0.000605 0.002252 0.999997 -0.001141 0.000726 0.999999 0.000747 -0.006141 0.999981 0.031122 -0.007567 0.999487 -0.012049 0.007807 0.999897 
0.004509 0.000659 0.999990 0.000713 0.002654 0.999996 -0.000900 0.000573 0.999999 0.000765 -0.006283 0.999980 0.031133 -0.007571 0.999487 -0.012399 0.008040 0.999891 
