-0.001568 0.000111 0.999999 -0.001043 -0.013821 0.999904 -0.000732 -0.013804 0.999904 -0.001482 0.000115 0.999999 
-0.003994 0.000284 0.999992 -0.000733 -0.009723 0.999952 -0.000511 -0.009646 0.999953 -0.003933 0.000303 0.999992 
-0.002697 0.000192 0.999996 -0.000578 -0.007642 0.999971 -0.000404 -0.007592 0.999971 -0.002649 0.000205 0.999996 
-0.000477 0.000034 1.000000 -0.000685 -0.009041 0.999959 -0.000482 -0.009042 0.999959 -0.000421 0.000033 1.000000 
-0.000425 0.000030 1.000000 -0.000616 -0.008136 0.999967 -0.000434 -0.008137 0.999967 -0.000375 0.000029 1.000000 
-0.001295 0.000093 0.999999 -0.000398 -0.005238 0.999986 -0.000280 -0.005216 0.999986 -0.001262 0.000098 0.999999 
0.000620 -0.000044 1.000000 -0.000333 -0.004379 0.999990 -0.000236 -0.004399 0.999990 0.000646 -0.000050 1.000000 
-0.001192 0.000086 0.999999 -0.000337 -0.004430 0.999990 -0.000237 -0.004409 0.999990 -0.001165 0.000091 0.999999 
0.000921 -0.000066 1.000000 -0.000237 -0.003109 0.999995 -0.000168 -0.003134 0.999995 0.000939 -0.000073 1.000000 
-0.001386 0.000100 0.999999 -0.000040 -0.000524 1.000000 -0.000027 -0.000494 1.000000 -0.001383 0.000108 0.999999 
0.000373 -0.000027 1.000000 0.000125 0.001638 0.999999 0.000088 0.001632 0.999999 0.000363 -0.000028 1.000000 
0.000361 -0.000026 1.000000 0.000123 0.001612 0.999999 0.000087 0.001606 0.999999 0.000351 -0.000027 1.000000 
-0.000241 0.000017 1.000000 0.000219 0.002863 0.999996 0.000155 0.002872 0.999996 -0.000259 0.000020 1.000000 
-0.000077 0.000006 1.000000 0.000339 0.004424 0.999990 0.000240 0.004431 0.999990 -0.000104 0.000008 1.000000 
0.000037 -0.000003 1.000000 0.000601 0.007855 0.999969 0.000426 0.007864 0.999969 -0.000011 0.000001 1.000000 
0.000156 -0.000011 1.000000 0.000932 0.012218 0.999925 0.000659 0.012230 0.999925 0.000081 -0.000006 1.000000 
0.001444 -0.000103 0.999999 0.001245 0.016467 0.999864 0.000876 0.016456 0.999864 0.001343 -0.000104 0.999999 
0.004201 -0.000296 0.999991 0.001522 0.020376 0.999791 0.001062 0.020308 0.999793 0.004075 -0.000312 0.999992 
0.008090 -0.000562 0.999967 0.001756 0.023857 0.999714 0.001214 0.023706 0.999718 0.007940 -0.000600 0.999968 
0.012034 -0.000822 0.999927 0.001954 0.026984 0.999634 0.001338 0.026748 0.999641 0.011864 -0.000884 0.999929 
0.015684 -0.001054 0.999876 0.002122 0.029847 0.999552 0.001439 0.029532 0.999563 0.015495 -0.001136 0.999879 
0.019074 -0.001258 0.999817 0.002263 0.032462 0.999470 0.001518 0.032074 0.999484 0.018867 -0.001360 0.999821 
0.022250 -0.001438 0.999751 0.002378 0.034847 0.999390 0.001577 0.034389 0.999407 0.022027 -0.001559 0.999756 
0.025238 -0.001596 0.999680 0.002468 0.037014 0.999312 0.001616 0.036491 0.999333 0.025001 -0.001735 0.999686 
0.028044 -0.001732 0.999605 0.002535 0.038978 0.999237 0.001638 0.038393 0.999261 0.027795 -0.001887 0.999612 
0.030665 -0.001847 0.999528 0.002582 0.040752 0.999166 0.001643 0.040109 0.999194 0.030404 -0.002018 0.999536 
0.033099 -0.001941 0.999450 0.002609 0.042348 0.999100 0.001634 0.041650 0.999131 0.032828 -0.002126 0.999459 
0.035350 -0.002014 0.999373 0.002618 0.043775 0.999038 0.001611 0.043027 0.999073 0.035069 -0.002214 0.999382 
0.037432 -0.002069 0.999297 0.002611 0.045044 0.998982 0.001575 0.044249 0.999019 0.037144 -0.002281 0.999307 
0.040671 -0.001974 0.999171 0.002507 0.049271 0.998782 0.001381 0.048399 0.998827 0.040357 -0.002206 0.999183 
0.041242 -0.001747 0.999148 0.002402 0.053995 0.998538 0.001176 0.053106 0.998588 0.040901 -0.001983 0.999161 
0.030137 -0.001214 0.999545 0.002174 0.050422 0.998726 0.001034 0.049777 0.998760 0.029821 -0.001383 0.999554 
0.011256 -0.000364 0.999937 0.001439 0.039690 0.999211 0.000550 0.039455 0.999221 0.011011 -0.000424 0.999939 
-0.000248 0.000009 1.000000 0.000676 0.016893 0.999857 0.000299 0.016907 0.999857 -0.000352 0.000015 1.000000 
-0.000181 0.000005 1.000000 0.000389 0.012312 0.999924 0.000114 0.012320 0.999924 -0.000256 0.000009 1.000000 
0.000681 -0.000024 1.000000 0.000282 0.007183 0.999974 0.000122 0.007171 0.999974 0.000637 -0.000026 1.000000 
0.000018 -0.000001 1.000000 0.000043 0.001103 0.999999 0.000019 0.001103 0.999999 0.000011 -0.000000 1.000000 
0.000017 -0.000001 1.000000 0.000017 0.000920 1.000000 0.000079 0.002692 0.999996 -0.000567 -0.000335 1.000000 0.000307 -0.000008 1.000000 -0.000069 -0.000040 1.000000 
0.002445 -0.000103 0.999997 0.000086 0.004815 0.999988 0.000029 0.000970 1.000000 -0.000459 -0.000270 1.000000 0.000049 -0.000001 1.000000 -0.000489 -0.000284 1.000000 
0.002744 -0.000114 0.999996 0.000082 0.004687 0.999989 0.000015 0.000508 1.000000 -0.000189 -0.000111 1.000000 0.000662 -0.000019 1.000000 -0.000526 -0.000305 1.000000 
0.002669 -0.000111 0.999996 0.000075 0.004309 0.999991 0.000010 0.000341 1.000000 -0.000216 -0.000127 1.000000 0.000917 -0.000026 1.000000 -0.000667 -0.000386 1.000000 
0.001141 -0.000047 0.999999 0.000074 0.004312 0.999991 0.000005 0.000179 1.000000 0.000056 0.000033 1.000000 0.001147 -0.000033 0.999999 -0.001474 -0.000854 0.999999 
0.001673 -0.000068 0.999999 0.000049 0.002937 0.999996 -0.000001 -0.000031 1.000000 -0.000339 -0.000199 1.000000 0.001605 -0.000046 0.999999 -0.001396 -0.000809 0.999999 
0.002149 -0.000087 0.999998 0.000031 0.001910 0.999998 -0.000032 -0.001067 0.999999 -0.000594 -0.000349 1.000000 0.001927 -0.000055 0.999998 -0.001568 -0.000907 0.999998 
0.001941 -0.000078 0.999998 0.000026 0.001598 0.999999 -0.000037 -0.001248 0.999999 -0.000560 -0.000329 1.000000 0.002415 -0.000068 0.999997 -0.001889 -0.001093 0.999998 
0.001550 -0.000062 0.999999 0.000004 0.000259 1.000000 -0.000059 -0.001968 0.999998 -0.001017 -0.000597 0.999999 0.002797 -0.000079 0.999996 -0.002567 -0.001484 0.999996 
0.001932 -0.000077 0.999998 -0.000008 -0.000535 1.000000 -0.000085 -0.002870 0.999996 -0.001244 -0.000730 0.999999 0.002922 -0.000082 0.999996 -0.002690 -0.001554 0.999995 
0.002169 -0.000087 0.999998 -0.000005 -0.000338 1.000000 -0.000113 -0.003780 0.999993 -0.001241 -0.000728 0.999999 0.003117 -0.000087 0.999995 -0.003073 -0.001775 0.999994 
0.001960 -0.000078 0.999998 -0.000005 -0.000322 1.000000 -0.000136 -0.004548 0.999990 -0.001121 -0.000657 0.999999 0.003339 -0.000094 0.999994 -0.003494 -0.002018 0.999992 
0.001633 -0.000065 0.999999 -0.000006 -0.000377 1.000000 -0.000154 -0.005116 0.999987 -0.001018 -0.000597 0.999999 0.003586 -0.000101 0.999994 -0.003913 -0.002260 0.999990 
0.001477 -0.000059 0.999999 -0.000006 -0.000359 1.000000 -0.000164 -0.005419 0.999985 -0.000925 -0.000542 0.999999 0.004062 -0.000116 0.999992 -0.004304 -0.002487 0.999988 
0.002174 -0.000087 0.999998 0.000007 0.000408 1.000000 -0.000166 -0.005469 0.999985 -0.000987 -0.000578 0.999999 0.004476 -0.000128 0.999990 -0.004502 -0.002600 0.999986 
0.001922 -0.000077 0.999998 0.000005 0.000341 1.000000 -0.000162 -0.005330 0.999986 -0.000902 -0.000528 0.999999 0.004905 -0.000140 0.999988 -0.004733 -0.002732 0.999985 
0.001724 -0.000069 0.999999 0.000005 0.000307 1.000000 -0.000152 -0.005041 0.999987 -0.000818 -0.000479 1.000000 0.005140 -0.000146 0.999987 -0.004779 -0.002758 0.999985 
0.001554 -0.000062 0.999999 0.000005 0.000284 1.000000 -0.000138 -0.004599 0.999989 -0.000741 -0.000434 1.000000 0.005176 -0.000146 0.999987 -0.004648 -0.002681 0.999986 
0.001404 -0.000056 0.999999 0.000004 0.000265 1.000000 -0.000121 -0.004051 0.999992 -0.000669 -0.000392 1.000000 0.005026 -0.000141 0.999987 -0.004366 -0.002518 0.999987 
0.000349 -0.000014 1.000000 0.000030 0.001831 0.999998 -0.000102 -0.003440 0.999994 -0.000240 -0.000140 1.000000 0.004756 -0.000133 0.999989 -0.004739 -0.002733 0.999985 
0.000313 -0.000013 1.000000 0.000027 0.001669 0.999999 -0.000082 -0.002772 0.999996 -0.000214 -0.000126 1.000000 0.004533 -0.000126 0.999990 -0.004298 -0.002478 0.999988 
0.000883 -0.000036 1.000000 0.000030 0.001852 0.999998 -0.000058 -0.001993 0.999998 -0.000346 -0.000203 1.000000 0.004269 -0.000117 0.999991 -0.003726 -0.002147 0.999991 
0.001141 -0.000046 0.999999 0.000038 0.002339 0.999997 -0.000041 -0.001413 0.999999 -0.000322 -0.000188 1.000000 0.003966 -0.000108 0.999992 -0.003340 -0.001924 0.999993 
0.001023 -0.000041 0.999999 0.000035 0.002128 0.999998 -0.000034 -0.001180 0.999999 -0.000296 -0.000173 1.000000 0.003698 -0.000100 0.999993 -0.003064 -0.001764 0.999994 
0.000921 -0.000037 1.000000 0.000032 0.001942 0.999998 -0.000026 -0.000909 1.000000 -0.000278 -0.000163 1.000000 0.003434 -0.000092 0.999994 -0.002783 -0.001602 0.999995 
0.000824 -0.000033 1.000000 0.000031 0.001924 0.999998 -0.000015 -0.000540 1.000000 -0.000245 -0.000143 1.000000 0.003197 -0.000085 0.999995 -0.002524 -0.001452 0.999996 
0.000211 -0.000009 1.000000 0.000029 0.001784 0.999998 -0.000008 -0.000275 1.000000 -0.000204 -0.000119 1.000000 0.002968 -0.000079 0.999996 -0.002555 -0.001469 0.999996 
0.000194 -0.000008 1.000000 0.000027 0.001661 0.999999 -0.000007 -0.000240 1.000000 -0.000185 -0.000108 1.000000 0.002764 -0.000073 0.999996 -0.002369 -0.001362 0.999996 
0.001060 -0.000043 0.999999 0.000042 0.002540 0.999997 -0.000003 -0.000122 1.000000 -0.000255 -0.000149 1.000000 0.002685 -0.000071 0.999996 -0.002174 -0.001249 0.999997 
0.000961 -0.000039 1.000000 0.000038 0.002336 0.999997 -0.000006 -0.000203 1.000000 -0.000191 -0.000111 1.000000 0.002603 -0.000068 0.999997 -0.002074 -0.001191 0.999997 
0.001014 -0.000041 0.999999 0.000039 0.002390 0.999997 -0.000005 -0.000191 1.000000 -0.000328 -0.000191 1.000000 0.002469 -0.000065 0.999997 -0.002119 -0.001217 0.999997 
0.000917 -0.000037 1.000000 0.000036 0.002194 0.999998 -0.000005 -0.000178 1.000000 -0.000300 -0.000175 1.000000 0.002395 -0.000063 0.999997 -0.002027 -0.001164 0.999997 
0.000078 -0.000003 1.000000 0.000030 0.001830 0.999998 -0.000005 -0.000167 1.000000 -0.000234 -0.000137 1.000000 0.002269 -0.000059 0.999997 -0.002234 -0.001283 0.999997 
0.001289 -0.000052 0.999999 0.000049 0.003029 0.999995 -0.000004 -0.000158 1.000000 -0.000375 -0.000219 1.000000 0.002256 -0.000059 0.999997 -0.002107 -0.001210 0.999997 
0.001280 -0.000052 0.999999 0.000048 0.002912 0.999996 -0.000004 -0.000149 1.000000 -0.000362 -0.000212 1.000000 0.002213 -0.000058 0.999998 -0.002029 -0.001165 0.999997 
0.002001 -0.000081 0.999998 0.000060 0.003643 0.999993 -0.000004 -0.000149 1.000000 -0.000448 -0.000262 1.000000 0.002179 -0.000056 0.999998 -0.001948 -0.001119 0.999997 
0.000368 -0.000015 1.000000 0.000076 0.004668 0.999989 -0.000004 -0.000157 1.000000 0.000099 0.000058 1.000000 0.002159 -0.000056 0.999998 -0.002709 -0.001556 0.999995 
0.000344 -0.000014 1.000000 0.000069 0.004236 0.999991 -0.000004 -0.000151 1.000000 0.000079 0.000046 1.000000 0.002167 -0.000056 0.999998 -0.002586 -0.001486 0.999996 
0.000320 -0.000013 1.000000 0.000063 0.003865 0.999993 -0.000004 -0.000152 1.000000 0.000063 0.000037 1.000000 0.002168 -0.000056 0.999998 -0.002481 -0.001425 0.999996 
0.000298 -0.000012 1.000000 0.000058 0.003532 0.999994 -0.000004 -0.000160 1.000000 0.000055 0.000032 1.000000 0.002175 -0.000056 0.999998 -0.002386 -0.001371 0.999996 
0.000278 -0.000011 1.000000 0.000053 0.003232 0.999995 -0.000005 -0.000170 1.000000 0.000049 0.000028 1.000000 0.002180 -0.000056 0.999998 -0.002300 -0.001321 0.999996 
0.000264 -0.000011 1.000000 0.000048 0.002964 0.999996 -0.000005 -0.000182 1.000000 0.000043 0.000025 1.000000 0.002186 -0.000056 0.999998 -0.002223 -0.001277 0.999997 
0.000252 -0.000010 1.000000 0.000044 0.002731 0.999996 -0.000005 -0.000193 1.000000 0.000039 0.000023 1.000000 0.002191 -0.000056 0.999998 -0.002155 -0.001238 0.999997 
0.000240 -0.000010 1.000000 0.000041 0.002514 0.999997 -0.000006 -0.000203 1.000000 0.000035 0.000021 1.000000 0.002196 -0.000056 0.999998 -0.002093 -0.001202 0.999997 
0.000226 -0.000009 1.000000 0.000038 0.002316 0.999997 -0.000006 -0.000210 1.000000 0.000032 0.000019 1.000000 0.002203 -0.000056 0.999998 -0.002038 -0.001171 0.999997 
0.000213 -0.000009 1.000000 0.000035 0.002129 0.999998 -0.000006 -0.000212 1.000000 0.000026 0.000015 1.000000 0.002213 -0.000057 0.999998 -0.001988 -0.001142 0.999997 
0.000203 -0.000008 1.000000 0.000032 0.001965 0.999998 -0.000006 -0.000216 1.000000 0.000023 0.000013 1.000000 0.002228 -0.000057 0.999998 -0.001948 -0.001119 0.999997 
0.000989 -0.000040 1.000000 0.000065 0.004012 0.999992 -0.000006 -0.000204 1.000000 -0.000141 -0.000082 1.000000 0.002197 -0.000056 0.999998 -0.002388 -0.001372 0.999996 
0.000857 -0.000035 1.000000 0.000060 0.003655 0.999993 -0.000005 -0.000186 1.000000 -0.000124 -0.000073 1.000000 0.002102 -0.000053 0.999998 -0.002255 -0.001295 0.999997 
0.000437 -0.000018 1.000000 0.000048 0.002951 0.999996 -0.000005 -0.000181 1.000000 -0.000261 -0.000153 1.000000 0.002011 -0.000051 0.999998 -0.002321 -0.001333 0.999996 
0.000404 -0.000016 1.000000 0.000044 0.002711 0.999996 -0.000005 -0.000192 1.000000 -0.000238 -0.000139 1.000000 0.002135 -0.000054 0.999998 -0.002304 -0.001323 0.999996 
0.000377 -0.000015 1.000000 0.000040 0.002489 0.999997 -0.000006 -0.000206 1.000000 -0.000226 -0.000132 1.000000 0.002197 -0.000056 0.999998 -0.002268 -0.001302 0.999997 
0.001047 -0.000042 0.999999 0.000050 0.003073 0.999995 -0.000006 -0.000208 1.000000 -0.000299 -0.000175 1.000000 0.002231 -0.000056 0.999998 -0.002189 -0.001257 0.999997 
-0.000754 0.000030 1.000000 0.000072 0.004448 0.999990 -0.000005 -0.000202 1.000000 0.000335 0.000196 1.000000 0.002252 -0.000057 0.999997 -0.003104 -0.001784 0.999994 
0.000657 -0.000026 1.000000 0.000051 0.003185 0.999995 -0.000005 -0.000194 1.000000 -0.000342 -0.000200 1.000000 0.002281 -0.000057 0.999997 -0.002521 -0.001448 0.999996 
0.000985 -0.000040 1.000000 0.000052 0.003212 0.999995 -0.000006 -0.000220 1.000000 -0.000524 -0.000306 1.000000 0.002250 -0.000056 0.999997 -0.002516 -0.001445 0.999996 
0.001278 -0.000051 0.999999 0.000052 0.003245 0.999995 -0.000006 -0.000220 1.000000 -0.000680 -0.000397 1.000000 0.002207 -0.000055 0.999998 -0.002490 -0.001430 0.999996 
0.002796 -0.000112 0.999996 0.000064 0.003998 0.999992 -0.000006 -0.000219 1.000000 -0.001164 -0.000680 0.999999 0.002059 -0.000051 0.999998 -0.002293 -0.001316 0.999997 
0.002525 -0.000101 0.999997 0.000059 0.003648 0.999993 -0.000006 -0.000218 1.000000 -0.001055 -0.000616 0.999999 0.001998 -0.000049 0.999998 -0.002176 -0.001248 0.999997 
0.002284 -0.000092 0.999997 0.000053 0.003327 0.999994 -0.000006 -0.000219 1.000000 -0.000957 -0.000558 0.999999 0.002058 -0.000051 0.999998 -0.002133 -0.001224 0.999997 
0.001358 -0.000054 0.999999 0.000065 0.004045 0.999992 -0.000005 -0.000202 1.000000 -0.000895 -0.000523 0.999999 0.001959 -0.000048 0.999998 -0.002804 -0.001609 0.999995 
0.001233 -0.000049 0.999999 0.000059 0.003691 0.999993 -0.000005 -0.000188 1.000000 -0.000821 -0.000479 1.000000 0.001998 -0.000049 0.999998 -0.002689 -0.001543 0.999995 
0.000369 -0.000015 1.000000 0.000063 0.003963 0.999992 -0.000005 -0.000175 1.000000 -0.000696 -0.000406 1.000000 0.002018 -0.000049 0.999998 -0.003167 -0.001817 0.999993 
0.000344 -0.000014 1.000000 0.000058 0.003624 0.999993 -0.000004 -0.000169 1.000000 -0.000634 -0.000370 1.000000 0.002092 -0.000051 0.999998 -0.003035 -0.001741 0.999994 
0.000323 -0.000013 1.000000 0.000053 0.003321 0.999994 -0.000004 -0.000163 1.000000 -0.000577 -0.000337 1.000000 0.002121 -0.000052 0.999998 -0.002893 -0.001660 0.999994 
0.000303 -0.000012 1.000000 0.000048 0.003044 0.999995 -0.000004 -0.000162 1.000000 -0.000527 -0.000308 1.000000 0.002153 -0.000053 0.999998 -0.002770 -0.001589 0.999995 
0.000287 -0.000011 1.000000 0.000044 0.002797 0.999996 -0.000004 -0.000162 1.000000 -0.000480 -0.000280 1.000000 0.002223 -0.000054 0.999998 -0.002682 -0.001539 0.999995 
0.000273 -0.000011 1.000000 0.000041 0.002579 0.999997 -0.000004 -0.000165 1.000000 -0.000437 -0.000255 1.000000 0.002318 -0.000057 0.999997 -0.002623 -0.001505 0.999995 
0.000261 -0.000010 1.000000 0.000038 0.002384 0.999997 -0.000004 -0.000169 1.000000 -0.000398 -0.000232 1.000000 0.002424 -0.000059 0.999997 -0.002582 -0.001481 0.999996 
0.000901 -0.000036 1.000000 0.000076 0.004838 0.999988 -0.000004 -0.000167 1.000000 -0.000342 -0.000200 1.000000 0.002520 -0.000061 0.999997 -0.003110 -0.001786 0.999994 
-0.000657 0.000026 1.000000 0.000091 0.005821 0.999983 -0.000004 -0.000166 1.000000 0.000206 0.000120 1.000000 0.002525 -0.000062 0.999997 -0.003819 -0.002194 0.999990 
0.001485 -0.000059 0.999999 0.000066 0.004217 0.999991 -0.000004 -0.000163 1.000000 -0.000846 -0.000494 1.000000 0.002518 -0.000061 0.999997 -0.003049 -0.001750 0.999994 
0.001557 -0.000062 0.999999 0.000064 0.004094 0.999992 -0.000004 -0.000163 1.000000 -0.000795 -0.000464 1.000000 0.002490 -0.000060 0.999997 -0.002895 -0.001662 0.999994 
0.001721 -0.000068 0.999999 0.000062 0.004008 0.999992 -0.000004 -0.000160 1.000000 -0.000893 -0.000521 0.999999 0.002424 -0.000059 0.999997 -0.002829 -0.001623 0.999995 
0.001791 -0.000071 0.999998 0.000062 0.004056 0.999992 -0.000004 -0.000155 1.000000 -0.000910 -0.000531 0.999999 0.002376 -0.000057 0.999997 -0.002793 -0.001603 0.999995 
0.000908 -0.000036 1.000000 0.000062 0.004041 0.999992 -0.000004 -0.000153 1.000000 -0.000680 -0.000397 1.000000 0.002299 -0.000055 0.999997 -0.003020 -0.001733 0.999994 
0.000829 -0.000033 1.000000 0.000057 0.003692 0.999993 -0.000004 -0.000158 1.000000 -0.000618 -0.000361 1.000000 0.002486 -0.000060 0.999997 -0.002984 -0.001713 0.999994 
0.001393 -0.000055 0.999999 0.000065 0.004276 0.999991 -0.000004 -0.000158 1.000000 -0.000841 -0.000491 1.000000 0.002440 -0.000059 0.999997 -0.003071 -0.001763 0.999994 
0.001372 -0.000054 0.999999 0.000068 0.004434 0.999990 -0.000004 -0.000154 1.000000 -0.000818 -0.000478 1.000000 0.002390 -0.000057 0.999997 -0.003087 -0.001772 0.999994 
0.002157 -0.000085 0.999998 0.000079 0.005112 0.999987 -0.000004 -0.000150 1.000000 -0.000984 -0.000575 0.999999 0.002360 -0.000056 0.999997 -0.003032 -0.001741 0.999994 
0.001941 -0.000077 0.999998 0.000071 0.004658 0.999989 -0.000004 -0.000149 1.000000 -0.000890 -0.000520 0.999999 0.002295 -0.000055 0.999997 -0.002858 -0.001641 0.999995 
0.001365 -0.000054 0.999999 0.000066 0.004330 0.999991 -0.000004 -0.000150 1.000000 -0.000780 -0.000456 1.000000 0.002320 -0.000055 0.999997 -0.002972 -0.001706 0.999994 
0.001243 -0.000049 0.999999 0.000061 0.003960 0.999992 -0.000004 -0.000158 1.000000 -0.000715 -0.000418 1.000000 0.002395 -0.000057 0.999997 -0.002888 -0.001658 0.999994 
0.000304 -0.000012 1.000000 0.000051 0.003370 0.999994 -0.000004 -0.000156 1.000000 -0.000594 -0.000347 1.000000 0.002445 -0.000058 0.999997 -0.003118 -0.001790 0.999994 
0.000218 -0.000009 1.000000 0.000047 0.003080 0.999995 -0.000004 -0.000161 1.000000 -0.000527 -0.000308 1.000000 0.002601 -0.000062 0.999997 -0.003085 -0.001771 0.999994 
0.000741 -0.000029 1.000000 0.000069 0.004530 0.999990 -0.000004 -0.000157 1.000000 -0.000664 -0.000388 1.000000 0.002622 -0.000062 0.999997 -0.003463 -0.001989 0.999992 
0.002348 -0.000092 0.999997 0.000069 0.004555 0.999990 -0.000004 -0.000148 1.000000 -0.001238 -0.000723 0.999999 0.002572 -0.000061 0.999997 -0.003094 -0.001776 0.999994 
0.002132 -0.000084 0.999998 0.000063 0.004157 0.999991 -0.000004 -0.000154 1.000000 -0.001123 -0.000656 0.999999 0.002515 -0.000059 0.999997 -0.002925 -0.001679 0.999994 
0.002133 -0.000084 0.999998 0.000063 0.004168 0.999991 -0.000004 -0.000155 1.000000 -0.001250 -0.000730 0.999999 0.002431 -0.000057 0.999997 -0.003008 -0.001727 0.999994 
0.003115 -0.000122 0.999995 0.000058 0.003845 0.999993 -0.000004 -0.000156 1.000000 -0.001674 -0.000978 0.999998 0.002413 -0.000057 0.999997 -0.002743 -0.001574 0.999995 
0.002825 -0.000110 0.999996 0.000053 0.003523 0.999994 -0.000004 -0.000158 1.000000 -0.001517 -0.000886 0.999998 0.002394 -0.000056 0.999997 -0.002623 -0.001505 0.999995 
0.002788 -0.000109 0.999996 0.000054 0.003592 0.999994 -0.000004 -0.000154 1.000000 -0.001641 -0.000958 0.999998 0.002343 -0.000055 0.999997 -0.002763 -0.001585 0.999995 
0.002530 -0.000099 0.999997 0.000049 0.003300 0.999995 -0.000004 -0.000154 1.000000 -0.001486 -0.000868 0.999999 0.002355 -0.000055 0.999997 -0.002656 -0.001524 0.999995 
0.002787 -0.000109 0.999996 0.000057 0.003839 0.999993 -0.000004 -0.000151 1.000000 -0.001654 -0.000966 0.999998 0.002291 -0.000053 0.999997 -0.002836 -0.001627 0.999995 
0.002043 -0.000080 0.999998 0.000060 0.003986 0.999992 -0.000004 -0.000149 1.000000 -0.001330 -0.000777 0.999999 0.002276 -0.000053 0.999997 -0.002983 -0.001711 0.999994 
0.002034 -0.000080 0.999998 0.000078 0.005167 0.999987 -0.000004 -0.000143 1.000000 -0.001146 -0.000669 0.999999 0.002307 -0.000054 0.999997 -0.003250 -0.001865 0.999993 
0.002564 -0.000100 0.999997 0.000080 0.005304 0.999986 -0.000003 -0.000138 1.000000 -0.001426 -0.000833 0.999999 0.002251 -0.000052 0.999997 -0.003243 -0.001861 0.999993 
0.001886 -0.000074 0.999998 0.000071 0.004776 0.999989 -0.000003 -0.000137 1.000000 -0.001279 -0.000747 0.999999 0.002183 -0.000051 0.999998 -0.003252 -0.001866 0.999993 
0.001716 -0.000067 0.999999 0.000065 0.004372 0.999990 -0.000003 -0.000136 1.000000 -0.001158 -0.000677 0.999999 0.002201 -0.000051 0.999998 -0.003091 -0.001774 0.999994 
0.001560 -0.000061 0.999999 0.000060 0.004006 0.999992 -0.000003 -0.000137 1.000000 -0.001049 -0.000613 0.999999 0.002283 -0.000053 0.999997 -0.002984 -0.001713 0.999994 
0.001263 -0.000049 0.999999 0.000071 0.004730 0.999989 -0.000003 -0.000135 1.000000 -0.000897 -0.000524 0.999999 0.002304 -0.000053 0.999997 -0.003277 -0.001881 0.999993 
0.000420 -0.000016 1.000000 0.000086 0.005731 0.999984 -0.000009 -0.000360 1.000000 -0.000697 -0.000408 1.000000 0.002334 -0.000054 0.999997 -0.004024 -0.002312 0.999989 
0.000396 -0.000015 1.000000 0.000078 0.005237 0.999986 -0.000008 -0.000325 1.000000 -0.000637 -0.000373 1.000000 0.002402 -0.000056 0.999997 -0.003823 -0.002196 0.999990 
0.000372 -0.000015 1.000000 0.000071 0.004781 0.999989 -0.000007 -0.000289 1.000000 -0.000583 -0.000341 1.000000 0.002426 -0.000056 0.999997 -0.003616 -0.002077 0.999991 
0.001342 -0.000053 0.999999 0.000082 0.005470 0.999985 -0.000006 -0.000255 1.000000 -0.000665 -0.000389 1.000000 0.002465 -0.000057 0.999997 -0.003404 -0.001955 0.999992 
0.001554 -0.000061 0.999999 0.000087 0.005749 0.999983 -0.000006 -0.000225 1.000000 -0.000690 -0.000404 1.000000 0.002439 -0.000056 0.999997 -0.003384 -0.001944 0.999992 
-0.001065 0.000042 0.999999 0.000113 0.007560 0.999971 -0.000005 -0.000204 1.000000 0.000047 0.000027 1.000000 0.002344 -0.000054 0.999997 -0.004741 -0.002727 0.999985 
-0.000941 0.000037 1.000000 0.000103 0.006897 0.999976 -0.000005 -0.000190 1.000000 0.000034 0.000020 1.000000 0.002504 -0.000058 0.999997 -0.004527 -0.002604 0.999986 
-0.000831 0.000032 1.000000 0.000094 0.006307 0.999980 -0.000004 -0.000179 1.000000 0.000026 0.000015 1.000000 0.002581 -0.000060 0.999997 -0.004296 -0.002471 0.999988 
-0.000727 0.000028 1.000000 0.000087 0.005780 0.999983 -0.000004 -0.000176 1.000000 0.000021 0.000012 1.000000 0.002670 -0.000062 0.999996 -0.004099 -0.002358 0.999989 
0.002366 -0.000093 0.999997 0.000052 0.003416 0.999994 -0.000004 -0.000179 1.000000 -0.001534 -0.000897 0.999998 0.002745 -0.000063 0.999996 -0.003072 -0.001764 0.999994 
0.002574 -0.000102 0.999997 0.000052 0.003386 0.999994 -0.000005 -0.000209 1.000000 -0.001844 -0.001078 0.999998 0.002525 -0.000058 0.999997 -0.003139 -0.001801 0.999993 
0.003754 -0.000149 0.999993 0.000078 0.005006 0.999987 -0.000005 -0.000220 1.000000 -0.001797 -0.001050 0.999998 0.002462 -0.000056 0.999997 -0.002975 -0.001707 0.999994 
0.004342 -0.000173 0.999991 0.000079 0.005068 0.999987 -0.000006 -0.000237 1.000000 -0.001969 -0.001151 0.999997 0.002385 -0.000054 0.999997 -0.002797 -0.001605 0.999995 
0.004861 -0.000194 0.999988 0.000080 0.005097 0.999987 -0.000007 -0.000271 1.000000 -0.002128 -0.001244 0.999997 0.002365 -0.000053 0.999997 -0.002672 -0.001533 0.999995 
0.004397 -0.000175 0.999990 0.000074 0.004662 0.999989 -0.000008 -0.000314 1.000000 -0.001924 -0.001125 0.999998 0.002331 -0.000052 0.999997 -0.002570 -0.001474 0.999996 
0.003976 -0.000159 0.999992 0.000067 0.004264 0.999991 -0.000008 -0.000324 1.000000 -0.001742 -0.001019 0.999998 0.002405 -0.000054 0.999997 -0.002529 -0.001451 0.999996 
0.003535 -0.000141 0.999994 0.000061 0.003896 0.999992 -0.000008 -0.000325 1.000000 -0.001564 -0.000915 0.999998 0.002553 -0.000057 0.999997 -0.002552 -0.001464 0.999996 
0.003204 -0.000128 0.999995 0.000056 0.003583 0.999994 -0.000008 -0.000316 1.000000 -0.001417 -0.000828 0.999999 0.002698 -0.000060 0.999996 -0.002559 -0.001468 0.999996 
0.002901 -0.000116 0.999996 0.000052 0.003287 0.999995 -0.000007 -0.000305 1.000000 -0.001285 -0.000751 0.999999 0.002808 -0.000063 0.999996 -0.002551 -0.001463 0.999996 
0.002632 -0.000105 0.999997 0.000048 0.003029 0.999995 -0.000007 -0.000294 1.000000 -0.001163 -0.000680 0.999999 0.002903 -0.000065 0.999996 -0.002538 -0.001456 0.999996 
0.001852 -0.000074 0.999998 0.000047 0.002996 0.999996 -0.000007 -0.000288 1.000000 -0.000970 -0.000567 0.999999 0.002916 -0.000065 0.999996 -0.002783 -0.001597 0.999995 
0.003907 -0.000155 0.999992 0.000069 0.004474 0.999990 -0.000006 -0.000242 1.000000 -0.001803 -0.001054 0.999998 0.002887 -0.000064 0.999996 -0.002951 -0.001693 0.999994 
0.003541 -0.000140 0.999994 0.000064 0.004103 0.999992 -0.000006 -0.000247 1.000000 -0.001631 -0.000953 0.999998 0.002865 -0.000064 0.999996 -0.002841 -0.001630 0.999995 
0.004492 -0.000178 0.999990 0.000074 0.004769 0.999989 -0.000006 -0.000238 1.000000 -0.001848 -0.001081 0.999998 0.002854 -0.000063 0.999996 -0.002749 -0.001577 0.999995 
0.004926 -0.000195 0.999988 0.000067 0.004320 0.999991 -0.000006 -0.000234 1.000000 -0.001993 -0.001165 0.999997 0.002893 -0.000064 0.999996 -0.002503 -0.001436 0.999996 
0.004468 -0.000177 0.999990 0.000062 0.003968 0.999992 -0.000006 -0.000235 1.000000 -0.001804 -0.001055 0.999998 0.002906 -0.000064 0.999996 -0.002455 -0.001408 0.999996 
0.004047 -0.000160 0.999992 0.000057 0.003645 0.999993 -0.000006 -0.000240 1.000000 -0.001632 -0.000954 0.999998 0.002918 -0.000065 0.999996 -0.002413 -0.001384 0.999996 
0.003665 -0.000145 0.999993 0.000052 0.003348 0.999994 -0.000006 -0.000244 1.000000 -0.001478 -0.000864 0.999999 0.002935 -0.000065 0.999996 -0.002379 -0.001364 0.999996 
0.003328 -0.000132 0.999994 0.000048 0.003092 0.999995 -0.000006 -0.000249 1.000000 -0.001337 -0.000781 0.999999 0.002976 -0.000066 0.999996 -0.002362 -0.001355 0.999996 
0.003015 -0.000119 0.999995 0.000044 0.002844 0.999996 -0.000006 -0.000255 1.000000 -0.001210 -0.000707 0.999999 0.003055 -0.000068 0.999995 -0.002370 -0.001359 0.999996 
0.001816 -0.000072 0.999998 0.000050 0.003227 0.999995 -0.000006 -0.000265 1.000000 -0.000850 -0.000497 1.000000 0.003094 -0.000068 0.999995 -0.002859 -0.001640 0.999995 
0.001355 -0.000054 0.999999 0.000061 0.003925 0.999992 -0.000007 -0.000274 1.000000 -0.000574 -0.000336 1.000000 0.003083 -0.000068 0.999995 -0.003097 -0.001778 0.999994 
0.004698 -0.000186 0.999989 0.000064 0.004126 0.999991 -0.000007 -0.000282 1.000000 -0.001766 -0.001032 0.999998 0.003114 -0.000069 0.999995 -0.002478 -0.001421 0.999996 
0.004247 -0.000168 0.999991 0.000058 0.003772 0.999993 -0.000007 -0.000285 1.000000 -0.001598 -0.000934 0.999998 0.003116 -0.000068 0.999995 -0.002440 -0.001400 0.999996 
0.005375 -0.000213 0.999986 0.000064 0.004140 0.999991 -0.000006 -0.000269 1.000000 -0.001980 -0.001157 0.999997 0.003126 -0.000068 0.999995 -0.002314 -0.001327 0.999996 
0.004862 -0.000193 0.999988 0.000059 0.003789 0.999993 -0.000007 -0.000300 1.000000 -0.001791 -0.001047 0.999998 0.003135 -0.000068 0.999995 -0.002305 -0.001321 0.999996 
0.004405 -0.000174 0.999990 0.000054 0.003480 0.999994 -0.000008 -0.000327 1.000000 -0.001619 -0.000946 0.999998 0.003151 -0.000068 0.999995 -0.002300 -0.001319 0.999996 
0.004681 -0.000186 0.999989 0.000068 0.004341 0.999991 -0.000008 -0.000329 1.000000 -0.001601 -0.000936 0.999998 0.003175 -0.000069 0.999995 -0.002453 -0.001407 0.999996 
0.004241 -0.000168 0.999991 0.000062 0.003978 0.999992 -0.000008 -0.000350 1.000000 -0.001447 -0.000846 0.999999 0.003189 -0.000069 0.999995 -0.002433 -0.001395 0.999996 
0.006791 -0.000270 0.999977 0.000085 0.005410 0.999985 -0.000007 -0.000312 1.000000 -0.002036 -0.001190 0.999997 0.003249 -0.000070 0.999995 -0.002111 -0.001210 0.999997 
0.006128 -0.000244 0.999981 0.000077 0.004928 0.999988 -0.000007 -0.000300 1.000000 -0.001846 -0.001079 0.999998 0.003291 -0.000071 0.999995 -0.002142 -0.001227 0.999997 
0.004700 -0.000187 0.999989 0.000081 0.005174 0.999987 -0.000007 -0.000285 1.000000 -0.001423 -0.000832 0.999999 0.003222 -0.000069 0.999995 -0.002577 -0.001477 0.999996 
0.003591 -0.000143 0.999994 0.000079 0.005072 0.999987 -0.000006 -0.000271 1.000000 -0.001145 -0.000670 0.999999 0.003092 -0.000067 0.999995 -0.002814 -0.001613 0.999995 
0.003860 -0.000153 0.999993 0.000090 0.005739 0.999984 -0.000001 -0.000043 1.000000 -0.001091 -0.000638 0.999999 0.003326 -0.000072 0.999994 -0.002898 -0.001662 0.999994 
0.003504 -0.000139 0.999994 0.000082 0.005237 0.999986 -0.000002 -0.000069 1.000000 -0.001003 -0.000587 0.999999 0.003248 -0.000070 0.999995 -0.002795 -0.001603 0.999995 
0.003183 -0.000126 0.999995 0.000075 0.004798 0.999988 -0.000002 -0.000084 1.000000 -0.000908 -0.000531 0.999999 0.003169 -0.000068 0.999995 -0.002683 -0.001539 0.999995 
0.002882 -0.000114 0.999996 0.000060 0.003851 0.999993 -0.000012 -0.000516 1.000000 -0.000832 -0.000486 1.000000 0.003450 -0.000074 0.999994 -0.002752 -0.001578 0.999995 
0.002619 -0.000104 0.999997 0.000055 0.003551 0.999994 -0.000012 -0.000502 1.000000 -0.000751 -0.000439 1.000000 0.003426 -0.000074 0.999994 -0.002694 -0.001545 0.999995 
0.002391 -0.000095 0.999997 0.000051 0.003294 0.999995 -0.000011 -0.000479 1.000000 -0.000678 -0.000397 1.000000 0.003452 -0.000074 0.999994 -0.002663 -0.001527 0.999995 
0.002181 -0.000087 0.999998 0.000048 0.003057 0.999995 -0.000011 -0.000457 1.000000 -0.000612 -0.000358 1.000000 0.003488 -0.000075 0.999994 -0.002643 -0.001515 0.999995 
0.001983 -0.000079 0.999998 0.000044 0.002837 0.999996 -0.000010 -0.000441 1.000000 -0.000552 -0.000323 1.000000 0.003521 -0.000076 0.999994 -0.002628 -0.001507 0.999995 
0.002928 -0.000116 0.999996 0.000066 0.004232 0.999991 -0.000010 -0.000429 1.000000 -0.000688 -0.000403 1.000000 0.003550 -0.000077 0.999994 -0.002745 -0.001574 0.999995 
0.002763 -0.000110 0.999996 0.000052 0.003317 0.999994 -0.000016 -0.000663 1.000000 -0.000609 -0.000356 1.000000 0.004106 -0.000089 0.999992 -0.002830 -0.001623 0.999995 
0.002518 -0.000100 0.999997 0.000048 0.003090 0.999995 -0.000016 -0.000668 1.000000 -0.000544 -0.000318 1.000000 0.004105 -0.000089 0.999992 -0.002823 -0.001619 0.999995 
0.002288 -0.000091 0.999997 0.000045 0.002869 0.999996 -0.000016 -0.000678 1.000000 -0.000487 -0.000285 1.000000 0.004092 -0.000088 0.999992 -0.002812 -0.001613 0.999995 
0.002088 -0.000083 0.999998 0.000042 0.002694 0.999996 -0.000016 -0.000691 1.000000 -0.000432 -0.000253 1.000000 0.004074 -0.000088 0.999992 -0.002802 -0.001607 0.999995 
0.001903 -0.000076 0.999998 0.000039 0.002509 0.999997 -0.000017 -0.000710 1.000000 -0.000385 -0.000225 1.000000 0.004055 -0.000088 0.999992 -0.002789 -0.001600 0.999995 
0.001744 -0.000069 0.999998 0.000037 0.002368 0.999997 -0.000017 -0.000732 1.000000 -0.000340 -0.000199 1.000000 0.004043 -0.000087 0.999992 -0.002784 -0.001597 0.999995 
0.001593 -0.000063 0.999999 0.000035 0.002222 0.999998 -0.000018 -0.000759 1.000000 -0.000301 -0.000176 1.000000 0.004042 -0.000087 0.999992 -0.002788 -0.001599 0.999995 
0.001460 -0.000058 0.999999 0.000033 0.002092 0.999998 -0.000018 -0.000787 1.000000 -0.000266 -0.000156 1.000000 0.004051 -0.000087 0.999992 -0.002797 -0.001604 0.999995 
0.001346 -0.000053 0.999999 0.000031 0.001981 0.999998 -0.000019 -0.000820 1.000000 -0.000234 -0.000137 1.000000 0.004070 -0.000088 0.999992 -0.002812 -0.001613 0.999995 
0.001243 -0.000049 0.999999 0.000029 0.001879 0.999998 -0.000020 -0.000855 1.000000 -0.000205 -0.000120 1.000000 0.004094 -0.000088 0.999992 -0.002831 -0.001624 0.999995 
