-0.000495 -0.003207 0.999995 0.001605 -0.000240 0.999999 0.001670 -0.000288 0.999999 -0.000477 -0.003220 0.999995 
-0.000212 -0.001375 0.999999 0.001006 -0.000151 0.999999 0.001033 -0.000178 0.999999 -0.000204 -0.001383 0.999999 
-0.000191 -0.001237 0.999999 0.000911 -0.000136 1.000000 0.000935 -0.000161 1.000000 -0.000184 -0.001244 0.999999 
-0.000155 -0.001007 0.999999 0.002257 -0.000338 0.999997 0.002271 -0.000392 0.999997 -0.000151 -0.001022 0.999999 
-0.000042 -0.000273 1.000000 0.002940 -0.000440 0.999996 0.002935 -0.000507 0.999996 -0.000043 -0.000292 1.000000 
-0.000039 -0.000253 1.000000 0.002652 -0.000397 0.999996 0.002647 -0.000457 0.999996 -0.000040 -0.000269 1.000000 
-0.000385 -0.002481 0.999997 0.004291 -0.000646 0.999991 0.004330 -0.000751 0.999990 -0.000373 -0.002510 0.999997 
-0.000349 -0.002248 0.999997 0.003873 -0.000583 0.999992 0.003909 -0.000678 0.999992 -0.000338 -0.002274 0.999997 
-0.000155 -0.001003 0.999999 0.003947 -0.000594 0.999992 0.003954 -0.000686 0.999992 -0.000153 -0.001028 0.999999 
-0.000143 -0.000922 1.000000 0.003598 -0.000542 0.999993 0.003605 -0.000625 0.999993 -0.000141 -0.000945 1.000000 
-0.000683 -0.004391 0.999990 0.005778 -0.000873 0.999983 0.005854 -0.001018 0.999982 -0.000661 -0.004430 0.999990 
-0.000623 -0.004000 0.999992 0.005644 -0.000853 0.999984 0.005712 -0.000994 0.999983 -0.000604 -0.004039 0.999992 
-0.000854 -0.005563 0.999984 0.006581 -0.000981 0.999978 0.006680 -0.001149 0.999977 -0.000826 -0.005609 0.999984 
-0.000432 -0.002832 0.999996 0.008061 -0.001195 0.999967 0.008094 -0.001385 0.999966 -0.000422 -0.002884 0.999996 
-0.000397 -0.002599 0.999997 0.007373 -0.001093 0.999972 0.007403 -0.001267 0.999972 -0.000388 -0.002646 0.999996 
-0.000868 -0.005936 0.999982 0.007537 -0.001069 0.999971 0.007642 -0.001258 0.999970 -0.000838 -0.005987 0.999982 
-0.003041 -0.021512 0.999764 0.009005 -0.001231 0.999959 0.009453 -0.001508 0.999954 -0.002916 -0.021585 0.999763 
-0.005403 -0.036122 0.999333 0.010584 -0.001532 0.999943 0.011349 -0.001902 0.999934 -0.005191 -0.036220 0.999330 
-0.007451 -0.051785 0.998630 0.015176 -0.002104 0.999883 0.016275 -0.002627 0.999864 -0.007147 -0.051923 0.998626 
-0.008610 -0.055596 0.998416 0.017918 -0.002676 0.999836 0.019087 -0.003287 0.999812 -0.008286 -0.055758 0.998410 
-0.007513 -0.046116 0.998908 0.019015 -0.002995 0.999815 0.019966 -0.003603 0.999794 -0.007249 -0.046277 0.998902 
-0.004905 -0.030232 0.999531 0.015430 -0.002427 0.999878 0.016042 -0.002891 0.999867 -0.004734 -0.030356 0.999528 
-0.003124 -0.020330 0.999788 0.013032 -0.001941 0.999913 0.013436 -0.002308 0.999907 -0.003011 -0.020429 0.999787 
-0.002901 -0.018282 0.999829 0.013066 -0.002012 0.999913 0.013422 -0.002374 0.999907 -0.002802 -0.018380 0.999827 
-0.003161 -0.018794 0.999818 0.014165 -0.002315 0.999897 0.014525 -0.002708 0.999891 -0.003060 -0.018900 0.999817 
-0.004424 -0.023781 0.999707 0.014339 -0.002598 0.999894 0.014804 -0.003025 0.999886 -0.004295 -0.023896 0.999705 
-0.006981 -0.034695 0.999374 0.017918 -0.003512 0.999833 0.018604 -0.004079 0.999819 -0.006790 -0.034847 0.999370 
-0.011251 -0.051850 0.998592 0.016988 -0.003592 0.999849 0.018053 -0.004240 0.999828 -0.010955 -0.052022 0.998586 
0.024154 -0.006096 0.999690 -0.002777 -0.000492 0.999996 0.001713 -0.025232 0.999680 -0.018651 -0.079206 0.996684 0.001020 -0.005724 0.999983 
0.030901 -0.008155 0.999489 -0.005920 -0.001120 0.999982 0.002203 -0.035980 0.999350 -0.027808 -0.111860 0.993335 -0.000191 0.001017 0.999999 0.002315 -0.014269 0.999896 
0.024754 -0.006775 0.999671 -0.005918 -0.001163 0.999982 0.002089 -0.042294 0.999103 -0.032386 -0.125574 0.991556 0.000934 -0.004796 0.999988 0.001455 -0.010692 0.999942 
0.011355 -0.003159 0.999931 -0.005861 -0.001152 0.999982 0.001505 -0.039520 0.999218 -0.030267 -0.116242 0.992760 0.001810 -0.009287 0.999955 0.000136 -0.001185 0.999999 
0.004701 -0.001325 0.999988 -0.009999 -0.001922 0.999948 0.001013 -0.030725 0.999527 -0.025123 -0.095560 0.995107 0.000728 -0.003824 0.999992 -0.000036 0.000326 1.000000 
0.001860 -0.000515 0.999998 -0.010784 -0.002089 0.999940 0.000858 -0.024984 0.999687 -0.020469 -0.079479 0.996626 0.000105 -0.000545 1.000000 0.000089 -0.000816 1.000000 
0.000802 -0.000217 1.000000 -0.011453 -0.002259 0.999932 0.000668 -0.018217 0.999834 -0.016488 -0.065619 0.997709 -0.000918 0.004701 0.999989 0.000010 -0.000094 1.000000 
0.000207 -0.000055 1.000000 -0.014044 -0.002796 0.999897 0.000464 -0.012262 0.999925 -0.013251 -0.053421 0.998484 -0.001760 0.008931 0.999959 0.000013 -0.000123 1.000000 
0.000043 -0.000011 1.000000 -0.017766 -0.003511 0.999836 0.000289 -0.007681 0.999970 -0.010762 -0.043390 0.999000 -0.001989 0.010167 0.999946 0.000006 -0.000053 1.000000 
-0.000235 0.000063 1.000000 -0.020863 -0.004097 0.999774 0.000144 -0.003845 0.999993 -0.008399 -0.033867 0.999391 -0.001948 0.010026 0.999948 -0.000004 0.000031 1.000000 
-0.001466 0.000390 0.999999 -0.023658 -0.004596 0.999710 -0.000012 0.000328 1.000000 -0.005744 -0.023256 0.999713 -0.002010 0.010457 0.999943 -0.000006 0.000052 1.000000 
-0.004250 0.001129 0.999990 -0.026266 -0.005044 0.999642 -0.000176 0.004732 0.999989 -0.003004 -0.012191 0.999921 -0.002280 0.012005 0.999925 -0.000011 0.000092 1.000000 
-0.006919 0.001833 0.999974 -0.028587 -0.005432 0.999577 -0.000347 0.009357 0.999956 -0.000184 -0.000748 1.000000 -0.002601 0.013853 0.999901 -0.000004 0.000033 1.000000 
-0.007267 0.001924 0.999972 -0.031041 -0.005872 0.999501 -0.000418 0.011219 0.999937 0.000034 0.000140 1.000000 -0.002570 0.013755 0.999902 -0.000302 0.002457 0.999997 
-0.010119 0.002678 0.999945 -0.031006 -0.005904 0.999502 -0.000582 0.015467 0.999880 0.000024 0.000097 1.000000 -0.003164 0.016823 0.999853 -0.001407 0.011395 0.999934 
-0.012832 0.003396 0.999912 -0.029906 -0.005758 0.999536 -0.000906 0.023602 0.999721 0.000016 0.000064 1.000000 -0.004892 0.025761 0.999656 -0.003104 0.025146 0.999679 
-0.015275 0.004043 0.999875 -0.028064 -0.005468 0.999591 -0.001304 0.033422 0.999440 0.000009 0.000038 1.000000 -0.007149 0.037259 0.999280 -0.004990 0.040814 0.999154 
-0.017443 0.004617 0.999837 -0.025726 -0.005072 0.999656 -0.001713 0.043504 0.999052 0.000004 0.000016 1.000000 -0.009616 0.049588 0.998723 -0.006766 0.056281 0.998392 
-0.019378 0.005129 0.999799 -0.023316 -0.004649 0.999717 -0.002109 0.053055 0.998589 -0.000000 -0.000000 1.000000 -0.012067 0.061566 0.998030 -0.008349 0.070508 0.997476 
-0.021099 0.005585 0.999762 -0.021147 -0.004262 0.999767 -0.002476 0.061358 0.998113 0.000000 0.000000 1.000000 -0.014223 0.071805 0.997317 -0.009738 0.082905 0.996510 
-0.022656 0.005997 0.999725 -0.019344 -0.003935 0.999805 -0.002783 0.067984 0.997683 0.000000 0.000001 1.000000 -0.015911 0.079592 0.996701 -0.010909 0.093161 0.995591 
-0.024080 0.006374 0.999690 -0.018024 -0.003693 0.999831 -0.003056 0.073429 0.997296 0.000001 0.000005 1.000000 -0.017284 0.085836 0.996159 -0.011946 0.101693 0.994744 
-0.025403 0.006724 0.999655 -0.016927 -0.003490 0.999851 -0.003308 0.078219 0.996931 0.000004 0.000017 1.000000 -0.018514 0.091371 0.995645 -0.012883 0.109143 0.993943 
-0.026597 0.007040 0.999621 -0.015920 -0.003300 0.999868 -0.003541 0.082581 0.996578 0.000008 0.000033 1.000000 -0.019639 0.096375 0.995151 -0.013736 0.115916 0.993164 
-0.027671 0.007324 0.999590 -0.015005 -0.003126 0.999883 -0.003753 0.086549 0.996241 0.000013 0.000052 1.000000 -0.020657 0.100863 0.994686 -0.014505 0.122084 0.992414 
-0.028629 0.007578 0.999561 -0.014240 -0.002979 0.999894 -0.003940 0.090020 0.995932 0.000018 0.000072 1.000000 -0.021547 0.104754 0.994265 -0.015171 0.127471 0.991726 
-0.029473 0.007801 0.999535 -0.013652 -0.002865 0.999903 -0.004094 0.092894 0.995668 0.000023 0.000094 1.000000 -0.022293 0.107999 0.993901 -0.015712 0.131894 0.991139 
-0.030203 0.007995 0.999512 -0.013245 -0.002787 0.999908 -0.004212 0.095148 0.995454 0.000028 0.000115 1.000000 -0.022894 0.110602 0.993601 -0.016116 0.135306 0.990673 
-0.030830 0.008161 0.999491 -0.013041 -0.002750 0.999911 -0.004295 0.096784 0.995296 0.000033 0.000136 1.000000 -0.023338 0.112529 0.993374 -0.016392 0.137745 0.990332 
-0.031362 0.008301 0.999474 -0.013083 -0.002762 0.999911 -0.004343 0.097789 0.995198 0.000038 0.000156 1.000000 -0.023610 0.113725 0.993232 -0.016550 0.139215 0.990124 
-0.031802 0.008418 0.999459 -0.013395 -0.002828 0.999906 -0.004355 0.098121 0.995165 0.000042 0.000169 1.000000 -0.023698 0.114142 0.993182 -0.016592 0.139671 0.990059 
-0.032146 0.008509 0.999447 -0.013928 -0.002940 0.999899 -0.004335 0.097844 0.995192 0.000042 0.000172 1.000000 -0.023631 0.113901 0.993211 -0.016529 0.139180 0.990129 
-0.032400 0.008576 0.999438 -0.014603 -0.003079 0.999889 -0.004290 0.097113 0.995264 0.000043 0.000174 1.000000 -0.023444 0.113151 0.993301 -0.016377 0.137988 0.990299 
-0.032569 0.008621 0.999432 -0.015403 -0.003243 0.999876 -0.004222 0.095992 0.995373 0.000043 0.000174 1.000000 -0.023150 0.111940 0.993445 -0.016145 0.136198 0.990550 
-0.032653 0.008643 0.999429 -0.016330 -0.003431 0.999861 -0.004132 0.094474 0.995519 0.000042 0.000171 1.000000 -0.022747 0.110256 0.993643 -0.015837 0.133807 0.990881 
-0.032652 0.008643 0.999429 -0.017415 -0.003650 0.999842 -0.004021 0.092520 0.995703 0.000041 0.000167 1.000000 -0.022223 0.108045 0.993898 -0.015459 0.130761 0.991293 
-0.032565 0.008620 0.999432 -0.018665 -0.003900 0.999818 -0.003889 0.090105 0.995925 0.000039 0.000160 1.000000 -0.021576 0.105284 0.994208 -0.015010 0.127018 0.991787 
-0.032390 0.008573 0.999439 -0.020071 -0.004177 0.999790 -0.003738 0.087239 0.996180 0.000037 0.000151 1.000000 -0.020812 0.101994 0.994567 -0.014489 0.122580 0.992353 
-0.032123 0.008503 0.999448 -0.021598 -0.004476 0.999757 -0.003570 0.083964 0.996462 0.000034 0.000139 1.000000 -0.019946 0.098227 0.994964 -0.013900 0.117502 0.992975 
-0.031763 0.008407 0.999460 -0.023213 -0.004787 0.999719 -0.003387 0.080333 0.996762 0.000031 0.000125 1.000000 -0.018997 0.094049 0.995386 -0.013245 0.111857 0.993636 
-0.031307 0.008287 0.999475 -0.024878 -0.005103 0.999677 -0.003191 0.076397 0.997072 0.000027 0.000108 1.000000 -0.017980 0.089519 0.995823 -0.012528 0.105714 0.994318 
-0.030750 0.008139 0.999494 -0.026570 -0.005419 0.999632 -0.002985 0.072195 0.997386 0.000022 0.000088 1.000000 -0.016908 0.084680 0.996265 -0.011757 0.099130 0.995005 
-0.030089 0.007964 0.999516 -0.028266 -0.005730 0.999584 -0.002771 0.067755 0.997698 0.000016 0.000066 1.000000 -0.015788 0.079564 0.996705 -0.010936 0.092148 0.995685 
-0.029320 0.007761 0.999540 -0.029952 -0.006032 0.999533 -0.002552 0.063104 0.998004 0.000010 0.000040 1.000000 -0.014629 0.074200 0.997136 -0.010072 0.084807 0.996347 
-0.028446 0.007530 0.999567 -0.031598 -0.006321 0.999481 -0.002329 0.058287 0.998297 0.000003 0.000012 1.000000 -0.013444 0.068641 0.997551 -0.009172 0.077173 0.996976 
-0.027463 0.007269 0.999596 -0.033192 -0.006593 0.999427 -0.002106 0.053339 0.998574 -0.000000 -0.000000 1.000000 -0.012239 0.062910 0.997944 -0.008244 0.069296 0.997562 
-0.026359 0.006977 0.999628 -0.034704 -0.006845 0.999374 -0.001885 0.048272 0.998832 -0.000001 -0.000004 1.000000 -0.011019 0.057008 0.998313 -0.007296 0.061212 0.998098 
-0.025143 0.006655 0.999662 -0.036104 -0.007075 0.999323 -0.001669 0.043105 0.999069 -0.000003 -0.000013 1.000000 -0.009793 0.050971 0.998652 -0.006332 0.052963 0.998576 
-0.023866 0.006317 0.999695 -0.037338 -0.007271 0.999276 -0.001455 0.037875 0.999281 -0.000007 -0.000026 1.000000 -0.008573 0.044863 0.998956 -0.005354 0.044629 0.998989 
-0.022478 0.005950 0.999730 -0.038387 -0.007430 0.999235 -0.001245 0.032648 0.999466 -0.000011 -0.000045 1.000000 -0.007369 0.038759 0.999221 -0.004368 0.036297 0.999332 
-0.020949 0.005545 0.999765 -0.039226 -0.007545 0.999202 -0.001038 0.027470 0.999622 -0.000016 -0.000067 1.000000 -0.006186 0.032705 0.999446 -0.003382 0.028031 0.999601 
-0.019257 0.005097 0.999802 -0.039840 -0.007615 0.999177 -0.000838 0.022367 0.999749 -0.000023 -0.000092 1.000000 -0.005029 0.026725 0.999630 -0.002403 0.019871 0.999800 
-0.017379 0.004600 0.999838 -0.040207 -0.007634 0.999162 -0.000644 0.017359 0.999849 -0.000030 -0.000121 1.000000 -0.003900 0.020838 0.999775 -0.001436 0.011855 0.999929 
-0.015299 0.004050 0.999875 -0.040305 -0.007603 0.999158 -0.000458 0.012478 0.999922 -0.000037 -0.000152 1.000000 -0.002807 0.015077 0.999882 -0.000489 0.004031 0.999992 
-0.013499 0.003573 0.999903 -0.039689 -0.007466 0.999184 -0.000302 0.008253 0.999966 -0.000141 -0.000573 1.000000 -0.001383 0.007438 0.999971 -0.000010 0.000080 1.000000 
-0.013254 0.003509 0.999906 -0.038747 -0.007308 0.999222 -0.000182 0.004942 0.999988 -0.000956 -0.003894 0.999992 -0.000323 0.001732 0.999998 -0.000012 0.000099 1.000000 
-0.013461 0.003561 0.999903 -0.036899 -0.006968 0.999295 -0.000106 0.002860 0.999996 -0.001706 -0.006953 0.999974 -0.000034 0.000183 1.000000 -0.000014 0.000118 1.000000 
-0.012322 0.003261 0.999919 -0.034925 -0.006595 0.999368 -0.000074 0.001990 0.999998 -0.002177 -0.008870 0.999958 -0.000030 0.000163 1.000000 -0.000017 0.000137 1.000000 
-0.010597 0.002806 0.999940 -0.032609 -0.006158 0.999449 -0.000060 0.001629 0.999999 -0.002337 -0.009518 0.999952 -0.000027 0.000144 1.000000 -0.000019 0.000155 1.000000 
-0.008240 0.002184 0.999964 -0.029971 -0.005660 0.999535 -0.000061 0.001647 0.999999 -0.002287 -0.009304 0.999954 -0.000024 0.000127 1.000000 -0.000021 0.000173 1.000000 
-0.005537 0.001467 0.999984 -0.026985 -0.005099 0.999623 -0.000071 0.001923 0.999998 -0.002058 -0.008374 0.999963 -0.000022 0.000115 1.000000 -0.000023 0.000193 1.000000 
-0.002646 0.000701 0.999996 -0.023631 -0.004469 0.999711 -0.000092 0.002489 0.999997 -0.001638 -0.006667 0.999976 -0.000050 0.000266 1.000000 -0.000025 0.000210 1.000000 
-0.002196 0.000581 0.999997 -0.020056 -0.003801 0.999792 -0.000115 0.003094 0.999995 -0.000921 -0.003750 0.999993 -0.000194 0.001034 0.999999 -0.000025 0.000205 1.000000 
-0.000514 0.000136 1.000000 -0.016090 -0.003052 0.999866 -0.000161 0.004336 0.999991 -0.000139 -0.000568 1.000000 -0.000574 0.003057 0.999995 -0.000002 0.000017 1.000000 
-0.000175 0.000046 1.000000 -0.012336 -0.002343 0.999921 -0.000175 0.004730 0.999989 -0.000020 -0.000080 1.000000 -0.001023 0.005442 0.999985 -0.000045 0.000377 1.000000 
0.000003 -0.000001 1.000000 -0.007790 -0.001486 0.999969 -0.000176 0.004788 0.999989 -0.000050 -0.000203 1.000000 -0.001181 0.006254 0.999980 -0.000263 0.002209 0.999998 
-0.003223 0.000854 0.999994 -0.003131 -0.000600 0.999995 -0.000181 0.005006 0.999987 -0.000004 -0.000015 1.000000 -0.001321 0.006958 0.999975 -0.000709 0.006082 0.999981 
-0.002882 0.000763 0.999996 0.001599 0.000307 0.999999 -0.000207 0.005773 0.999983 -0.000003 -0.000014 1.000000 -0.001547 0.008122 0.999966 -0.001059 0.009185 0.999957 
-0.002561 0.000678 0.999996 0.006211 0.001199 0.999980 -0.000240 0.006708 0.999977 -0.000003 -0.000014 1.000000 -0.001774 0.009279 0.999955 -0.001442 0.012622 0.999919 
-0.002260 0.000599 0.999997 0.010695 0.002073 0.999941 -0.000273 0.007670 0.999971 -0.000003 -0.000013 1.000000 -0.001996 0.010391 0.999944 -0.001823 0.016092 0.999869 
-0.001971 0.000522 0.999998 0.015022 0.002923 0.999883 -0.000306 0.008598 0.999963 -0.000004 -0.000015 1.000000 -0.002216 0.011487 0.999932 -0.002181 0.019410 0.999809 
0.000177 -0.000047 1.000000 0.019019 0.003711 0.999812 -0.000337 0.009492 0.999955 -0.000394 -0.001604 0.999999 -0.002413 0.012467 0.999919 -0.002559 0.022891 0.999735 
0.000956 -0.000254 1.000000 0.022986 0.004500 0.999726 -0.000384 0.010844 0.999941 -0.000174 -0.000705 1.000000 -0.002659 0.013684 0.999903 -0.002870 0.025884 0.999661 
0.000788 -0.000209 1.000000 0.026715 0.005237 0.999629 -0.000408 0.011734 0.999931 -0.000311 -0.001263 0.999999 -0.002888 0.014840 0.999886 -0.003213 0.029403 0.999562 
0.003649 -0.000969 0.999993 0.030139 0.005915 0.999528 -0.000461 0.013265 0.999912 0.000083 0.000335 1.000000 -0.003111 0.015960 0.999868 -0.003372 0.030965 0.999515 
0.003637 -0.000966 0.999993 0.033345 0.006556 0.999422 -0.000470 0.013636 0.999907 0.000021 0.000087 1.000000 -0.003255 0.016658 0.999856 -0.003569 0.033071 0.999447 
0.003738 -0.000992 0.999993 0.036150 0.007121 0.999321 -0.000484 0.014060 0.999901 0.000181 0.000736 1.000000 -0.003342 0.017065 0.999849 -0.003714 0.034561 0.999396 
0.004713 -0.001252 0.999988 0.038633 0.007625 0.999224 -0.000495 0.014378 0.999897 -0.000016 -0.000066 1.000000 -0.003424 0.017445 0.999842 -0.003903 0.036373 0.999331 
0.004324 -0.001149 0.999990 0.040834 0.008074 0.999133 -0.000498 0.014502 0.999895 -0.000017 -0.000070 1.000000 -0.003486 0.017725 0.999837 -0.004033 0.037747 0.999279 
0.004551 -0.001209 0.999989 0.042652 0.008442 0.999054 -0.000507 0.014798 0.999890 0.000099 0.000403 1.000000 -0.003539 0.017972 0.999832 -0.004119 0.038647 0.999244 
0.006525 -0.001734 0.999977 0.044013 0.008715 0.998993 -0.000526 0.015268 0.999883 0.000153 0.000621 1.000000 -0.003575 0.018143 0.999829 -0.004179 0.039087 0.999227 
0.006028 -0.001602 0.999981 0.045160 0.008949 0.998940 -0.000526 0.015301 0.999883 0.000133 0.000539 1.000000 -0.003613 0.018320 0.999826 -0.004256 0.039917 0.999194 
0.009725 -0.002590 0.999949 0.045833 0.009084 0.998908 -0.000530 0.015298 0.999883 -0.000903 -0.003651 0.999993 -0.003594 0.018219 0.999828 -0.004488 0.041754 0.999118 
0.008920 -0.002376 0.999957 0.046326 0.009184 0.998884 -0.000524 0.015151 0.999885 -0.000823 -0.003327 0.999994 -0.003619 0.018338 0.999825 -0.004470 0.041711 0.999120 
0.010034 -0.002673 0.999946 0.046542 0.009214 0.998874 -0.000537 0.015549 0.999879 -0.000327 -0.001323 0.999999 -0.003594 0.018238 0.999827 -0.004362 0.040652 0.999164 
0.009497 -0.002530 0.999952 0.046573 0.009211 0.998872 -0.000529 0.015439 0.999881 -0.000173 -0.000698 1.000000 -0.003561 0.018087 0.999830 -0.004313 0.040325 0.999177 
0.009108 -0.002427 0.999956 0.046342 0.009159 0.998884 -0.000523 0.015328 0.999882 -0.000061 -0.000247 1.000000 -0.003532 0.017952 0.999833 -0.004262 0.039910 0.999194 
0.008340 -0.002222 0.999963 0.045857 0.009059 0.998907 -0.000514 0.015093 0.999886 -0.000060 -0.000243 1.000000 -0.003507 0.017837 0.999835 -0.004225 0.039621 0.999206 
0.007610 -0.002028 0.999969 0.045106 0.008905 0.998943 -0.000505 0.014892 0.999889 -0.000058 -0.000233 1.000000 -0.003489 0.017761 0.999836 -0.004180 0.039221 0.999222 
0.010002 -0.002669 0.999946 0.043995 0.008666 0.998994 -0.000522 0.015329 0.999882 -0.000011 -0.000043 1.000000 -0.003469 0.017699 0.999837 -0.004115 0.038335 0.999256 
0.009510 -0.002537 0.999952 0.042914 0.008441 0.999043 -0.000521 0.015325 0.999882 0.000195 0.000789 1.000000 -0.003444 0.017600 0.999839 -0.004024 0.037460 0.999290 
0.008614 -0.002298 0.999960 0.041773 0.008211 0.999093 -0.000511 0.015045 0.999887 0.000170 0.000687 1.000000 -0.003419 0.017486 0.999841 -0.003962 0.036890 0.999311 
0.009376 -0.002505 0.999953 0.040503 0.007954 0.999148 -0.000502 0.014776 0.999891 -0.000275 -0.001109 0.999999 -0.003397 0.017392 0.999843 -0.003964 0.036757 0.999316 
0.008487 -0.002267 0.999961 0.039265 0.007702 0.999199 -0.000492 0.014529 0.999894 -0.000252 -0.001016 0.999999 -0.003364 0.017247 0.999846 -0.003889 0.036075 0.999342 
0.007485 -0.002000 0.999970 0.038026 0.007451 0.999249 -0.000483 0.014293 0.999898 -0.000361 -0.001457 0.999999 -0.003346 0.017173 0.999847 -0.003860 0.035843 0.999350 
0.006773 -0.001809 0.999975 0.036750 0.007193 0.999299 -0.000479 0.014220 0.999899 -0.000330 -0.001331 0.999999 -0.003332 0.017124 0.999848 -0.003804 0.035338 0.999368 
0.006128 -0.001637 0.999980 0.035438 0.006929 0.999348 -0.000476 0.014165 0.999900 -0.000302 -0.001217 0.999999 -0.003321 0.017089 0.999848 -0.003748 0.034818 0.999387 
0.005540 -0.001480 0.999984 0.034089 0.006658 0.999397 -0.000473 0.014109 0.999900 -0.000276 -0.001113 0.999999 -0.003311 0.017056 0.999849 -0.003689 0.034257 0.999406 
0.005013 -0.001339 0.999987 0.032710 0.006382 0.999445 -0.000471 0.014065 0.999901 -0.000253 -0.001020 0.999999 -0.003303 0.017036 0.999849 -0.003629 0.033674 0.999426 
0.004541 -0.001213 0.999989 0.031313 0.006103 0.999491 -0.000471 0.014050 0.999901 -0.000234 -0.000944 1.000000 -0.003301 0.017045 0.999849 -0.003573 0.033112 0.999445 
0.004096 -0.001094 0.999991 0.029905 0.005823 0.999536 -0.000472 0.014075 0.999901 -0.000215 -0.000867 1.000000 -0.003306 0.017089 0.999848 -0.003522 0.032589 0.999463 
0.003194 -0.000853 0.999995 0.028495 0.005543 0.999579 -0.000469 0.014019 0.999902 -0.000302 -0.001220 0.999999 -0.003317 0.017167 0.999847 -0.003508 0.032438 0.999468 
0.002868 -0.000766 0.999996 0.027073 0.005262 0.999620 -0.000474 0.014125 0.999900 -0.000277 -0.001117 0.999999 -0.003335 0.017275 0.999845 -0.003463 0.031960 0.999483 
0.002568 -0.000686 0.999996 0.025657 0.004982 0.999658 -0.000479 0.014268 0.999898 -0.000253 -0.001022 0.999999 -0.003360 0.017422 0.999843 -0.003425 0.031532 0.999497 
0.002011 -0.000537 0.999998 0.024214 0.004698 0.999696 -0.000493 0.014627 0.999893 0.000016 0.000065 1.000000 -0.003391 0.017602 0.999839 -0.003366 0.030894 0.999517 
0.003426 -0.000914 0.999994 0.022783 0.004417 0.999731 -0.000502 0.014774 0.999891 -0.000427 -0.001723 0.999998 -0.003425 0.017792 0.999836 -0.003409 0.031072 0.999511 
0.003480 -0.000928 0.999994 0.021425 0.004150 0.999762 -0.000511 0.014945 0.999888 -0.000427 -0.001724 0.999998 -0.003433 0.017855 0.999835 -0.003386 0.030705 0.999523 
-0.000471 0.000126 1.000000 0.020130 0.003897 0.999790 -0.000477 0.014180 0.999899 -0.001114 -0.004493 0.999989 -0.003439 0.017897 0.999834 -0.003549 0.032529 0.999464 
-0.000110 0.000029 1.000000 0.018668 0.003610 0.999819 -0.000499 0.014737 0.999891 -0.000409 -0.001652 0.999999 -0.003439 0.017920 0.999834 -0.003358 0.030578 0.999527 
-0.000095 0.000025 1.000000 0.017295 0.003340 0.999845 -0.000494 0.014544 0.999894 -0.000371 -0.001500 0.999999 -0.003405 0.017768 0.999836 -0.003247 0.029444 0.999561 
-0.002724 0.000725 0.999996 0.016101 0.003111 0.999866 -0.000483 0.014263 0.999898 -0.000609 -0.002466 0.999997 -0.003423 0.017858 0.999835 -0.003323 0.030260 0.999537 
-0.000107 0.000029 1.000000 0.014885 0.002874 0.999885 -0.000508 0.014854 0.999890 -0.000463 -0.001869 0.999998 -0.003428 0.017900 0.999834 -0.003231 0.029119 0.999571 
-0.000107 0.000028 1.000000 0.013743 0.002650 0.999902 -0.000499 0.014577 0.999894 -0.000422 -0.001702 0.999998 -0.003395 0.017749 0.999837 -0.003101 0.027895 0.999606 
-0.000101 0.000027 1.000000 0.012641 0.002435 0.999917 -0.000494 0.014417 0.999896 -0.000384 -0.001549 0.999999 -0.003362 0.017596 0.999840 -0.003007 0.026971 0.999632 
-0.000811 0.000216 1.000000 0.011668 0.002246 0.999929 -0.000492 0.014337 0.999897 -0.000426 -0.001722 0.999998 -0.003357 0.017586 0.999840 -0.002992 0.026811 0.999636 
-0.003858 0.001029 0.999992 0.010734 0.002066 0.999940 -0.000488 0.014362 0.999897 -0.000347 -0.001401 0.999999 -0.003400 0.017809 0.999836 -0.003053 0.027522 0.999617 
-0.003970 0.001059 0.999992 0.009835 0.001892 0.999950 -0.000483 0.014195 0.999899 -0.000626 -0.002527 0.999997 -0.003392 0.017784 0.999836 -0.003077 0.027672 0.999612 
-0.003594 0.000959 0.999993 0.008985 0.001727 0.999958 -0.000485 0.014226 0.999899 -0.000568 -0.002292 0.999997 -0.003391 0.017791 0.999836 -0.003003 0.026926 0.999633 
-0.003255 0.000869 0.999994 0.008197 0.001575 0.999965 -0.000491 0.014356 0.999897 -0.000515 -0.002078 0.999998 -0.003400 0.017856 0.999835 -0.002957 0.026427 0.999646 
-0.002954 0.000788 0.999995 0.007514 0.001443 0.999971 -0.000501 0.014600 0.999893 -0.000467 -0.001886 0.999998 -0.003431 0.018025 0.999832 -0.002939 0.026192 0.999653 
-0.001732 0.000462 0.999998 0.006953 0.001334 0.999975 -0.000518 0.014996 0.999887 -0.000523 -0.002109 0.999998 -0.003472 0.018252 0.999827 -0.002953 0.026182 0.999653 
-0.004148 0.001105 0.999991 0.006417 0.001232 0.999979 -0.000533 0.015488 0.999880 -0.000143 -0.000579 1.000000 -0.003526 0.018533 0.999822 -0.003013 0.026821 0.999636 
-0.002320 0.000620 0.999997 0.006089 0.001170 0.999981 -0.000533 0.015416 0.999881 -0.001035 -0.004177 0.999991 -0.003606 0.018940 0.999814 -0.003170 0.028115 0.999600 
-0.002971 0.000793 0.999995 0.005816 0.001117 0.999982 -0.000542 0.015751 0.999876 -0.000520 -0.002098 0.999998 -0.003658 0.019221 0.999809 -0.003052 0.027169 0.999626 
-0.002699 0.000721 0.999996 0.005529 0.001061 0.999984 -0.000543 0.015769 0.999876 -0.000472 -0.001903 0.999998 -0.003659 0.019235 0.999808 -0.003011 0.026761 0.999637 
-0.002455 0.000656 0.999997 0.005342 0.001025 0.999985 -0.000547 0.015862 0.999874 -0.000429 -0.001730 0.999998 -0.003669 0.019295 0.999807 -0.002994 0.026567 0.999643 
-0.001335 0.000357 0.999999 0.005264 0.001010 0.999986 -0.000553 0.016010 0.999872 -0.000753 -0.003032 0.999995 -0.003698 0.019449 0.999804 -0.003075 0.027218 0.999625 
-0.001225 0.000328 0.999999 0.005299 0.001016 0.999985 -0.000557 0.016119 0.999870 -0.000682 -0.002748 0.999996 -0.003718 0.019557 0.999802 -0.003065 0.027114 0.999628 
-0.001118 0.000299 0.999999 0.005461 0.001047 0.999985 -0.000562 0.016275 0.999867 -0.000619 -0.002493 0.999997 -0.003741 0.019682 0.999799 -0.003074 0.027195 0.999625 
-0.001009 0.000270 0.999999 0.005667 0.001087 0.999983 -0.000569 0.016475 0.999864 -0.000561 -0.002259 0.999997 -0.003773 0.019850 0.999796 -0.003095 0.027380 0.999620 
-0.000916 0.000245 1.000000 0.005849 0.001122 0.999982 -0.000576 0.016661 0.999861 -0.000508 -0.002045 0.999998 -0.003803 0.020007 0.999793 -0.003115 0.027554 0.999615 
-0.001022 0.000273 0.999999 0.006013 0.001153 0.999981 -0.000587 0.016965 0.999856 -0.000329 -0.001325 0.999999 -0.003834 0.020164 0.999789 -0.003130 0.027683 0.999612 
-0.001154 0.000309 0.999999 0.006202 0.001190 0.999980 -0.000586 0.016985 0.999856 -0.000625 -0.002516 0.999997 -0.003866 0.020331 0.999786 -0.003244 0.028719 0.999582 
-0.001039 0.000278 0.999999 0.006381 0.001224 0.999979 -0.000591 0.017115 0.999853 -0.000566 -0.002279 0.999997 -0.003885 0.020430 0.999784 -0.003251 0.028779 0.999581 
-0.000635 0.000170 1.000000 0.006629 0.001272 0.999977 -0.000590 0.017112 0.999853 -0.000912 -0.003668 0.999993 -0.003919 0.020606 0.999780 -0.003352 0.029673 0.999554 
0.000024 -0.000006 1.000000 0.006679 0.001281 0.999977 -0.000606 0.017541 0.999846 -0.000716 -0.002877 0.999996 -0.003968 0.020862 0.999775 -0.003342 0.029491 0.999559 
0.000831 -0.000223 1.000000 0.006931 0.001332 0.999975 -0.000609 0.017497 0.999847 -0.001712 -0.006882 0.999975 -0.004029 0.021153 0.999768 -0.003643 0.032094 0.999478 
-0.003523 0.000944 0.999993 0.007268 0.001400 0.999973 -0.000600 0.017450 0.999848 -0.001523 -0.006120 0.999980 -0.004155 0.021753 0.999755 -0.003728 0.033272 0.999439 
-0.003204 0.000859 0.999994 0.007447 0.001435 0.999971 -0.000604 0.017573 0.999845 -0.001367 -0.005496 0.999984 -0.004209 0.022023 0.999749 -0.003669 0.032760 0.999457 
-0.001004 0.000269 0.999999 0.007563 0.001456 0.999970 -0.000622 0.018047 0.999837 -0.001316 -0.005281 0.999985 -0.004229 0.022154 0.999746 -0.003655 0.032498 0.999465 
-0.003494 0.000935 0.999993 0.007691 0.001481 0.999969 -0.000643 0.018717 0.999825 -0.000405 -0.001632 0.999999 -0.004265 0.022349 0.999741 -0.003615 0.032292 0.999472 
-0.002301 0.000616 0.999997 0.007920 0.001524 0.999967 -0.000645 0.018731 0.999824 -0.000724 -0.002912 0.999995 -0.004279 0.022420 0.999739 -0.003679 0.032805 0.999455 
-0.002284 0.000612 0.999997 0.007966 0.001534 0.999967 -0.000655 0.019018 0.999819 -0.001181 -0.004748 0.999988 -0.004346 0.022763 0.999731 -0.003883 0.034656 0.999392 
-0.001708 0.000458 0.999998 0.008278 0.001593 0.999964 -0.000657 0.019158 0.999816 -0.001013 -0.004072 0.999991 -0.004421 0.023163 0.999722 -0.003797 0.033966 0.999416 
-0.000074 0.000020 1.000000 0.008393 0.001614 0.999963 -0.000648 0.018904 0.999821 -0.001422 -0.005711 0.999983 -0.004375 0.022947 0.999727 -0.003819 0.034102 0.999411 
-0.000199 0.000053 1.000000 0.008390 0.001612 0.999964 -0.000653 0.019030 0.999819 -0.001185 -0.004757 0.999988 -0.004357 0.022870 0.999729 -0.003785 0.033751 0.999423 
-0.001727 0.000463 0.999998 0.008402 0.001613 0.999963 -0.000631 0.018492 0.999829 -0.001254 -0.005038 0.999987 -0.004306 0.022617 0.999735 -0.003771 0.033749 0.999423 
-0.000725 0.000194 1.000000 0.008367 0.001605 0.999964 -0.000631 0.018517 0.999828 -0.000918 -0.003687 0.999993 -0.004244 0.022316 0.999742 -0.003634 0.032437 0.999467 
-0.000647 0.000174 1.000000 0.008351 0.001601 0.999964 -0.000623 0.018289 0.999833 -0.000832 -0.003340 0.999994 -0.004195 0.022075 0.999748 -0.003563 0.031791 0.999488 
0.000741 -0.000199 1.000000 0.008359 0.001601 0.999964 -0.000616 0.018093 0.999836 -0.001268 -0.005085 0.999986 -0.004162 0.021917 0.999751 -0.003615 0.032165 0.999476 
-0.000087 0.000023 1.000000 0.008374 0.001602 0.999964 -0.000617 0.018183 0.999834 -0.001101 -0.004416 0.999990 -0.004148 0.021860 0.999752 -0.003626 0.032318 0.999471 
-0.000085 0.000023 1.000000 0.008370 0.001601 0.999964 -0.000615 0.018136 0.999835 -0.000998 -0.004004 0.999991 -0.004137 0.021811 0.999754 -0.003580 0.031921 0.999484 
-0.000084 0.000023 1.000000 0.008376 0.001601 0.999964 -0.000615 0.018160 0.999835 -0.000905 -0.003631 0.999993 -0.004132 0.021799 0.999754 -0.003554 0.031693 0.999491 
-0.000285 0.000077 1.000000 0.008415 0.001608 0.999963 -0.000623 0.018415 0.999830 -0.000667 -0.002677 0.999996 -0.004150 0.021900 0.999752 -0.003538 0.031551 0.999496 
-0.000666 0.000178 1.000000 0.008586 0.001642 0.999962 -0.000629 0.018522 0.999828 -0.000791 -0.003178 0.999995 -0.004185 0.022069 0.999748 -0.003627 0.032351 0.999470 
-0.000624 0.000167 1.000000 0.008748 0.001674 0.999960 -0.000632 0.018621 0.999826 -0.000804 -0.003228 0.999994 -0.004220 0.022237 0.999744 -0.003649 0.032542 0.999464 
0.001673 -0.000449 0.999999 0.008923 0.001709 0.999959 -0.000651 0.019030 0.999819 -0.001008 -0.004044 0.999991 -0.004266 0.022466 0.999739 -0.003705 0.032854 0.999453 
0.001512 -0.000406 0.999999 0.009064 0.001736 0.999957 -0.000659 0.019275 0.999814 -0.000915 -0.003671 0.999993 -0.004310 0.022694 0.999733 -0.003729 0.033088 0.999445 
-0.001468 0.000394 0.999999 0.009215 0.001766 0.999956 -0.000647 0.019126 0.999817 -0.001096 -0.004398 0.999990 -0.004373 0.023013 0.999726 -0.003876 0.034688 0.999391 
-0.003689 0.000990 0.999993 0.009391 0.001802 0.999954 -0.000661 0.019634 0.999807 -0.000897 -0.003601 0.999993 -0.004493 0.023616 0.999711 -0.003994 0.035943 0.999346 
-0.003562 0.000955 0.999993 0.009664 0.001855 0.999952 -0.000674 0.020019 0.999799 -0.000826 -0.003318 0.999994 -0.004606 0.024192 0.999697 -0.004009 0.036196 0.999337 
-0.003226 0.000865 0.999994 0.009826 0.001886 0.999950 -0.000683 0.020298 0.999794 -0.000748 -0.003005 0.999995 -0.004663 0.024490 0.999689 -0.004015 0.036253 0.999335 
-0.003853 0.001033 0.999992 0.009920 0.001905 0.999949 -0.000702 0.020812 0.999783 -0.000358 -0.001437 0.999999 -0.004727 0.024816 0.999681 -0.004019 0.036278 0.999334 
-0.003572 0.000957 0.999993 0.010041 0.001928 0.999948 -0.000715 0.021152 0.999776 -0.000197 -0.000791 1.000000 -0.004760 0.024990 0.999676 -0.004028 0.036318 0.999332 
-0.002316 0.000621 0.999997 0.010224 0.001964 0.999946 -0.000715 0.021112 0.999777 -0.000557 -0.002236 0.999997 -0.004771 0.025044 0.999675 -0.004089 0.036789 0.999315 
-0.002096 0.000562 0.999998 0.010413 0.002000 0.999944 -0.000718 0.021185 0.999775 -0.000504 -0.002025 0.999998 -0.004777 0.025076 0.999674 -0.004086 0.036748 0.999316 
-0.000633 0.000170 1.000000 0.010613 0.002039 0.999942 -0.000727 0.021332 0.999772 -0.000836 -0.003356 0.999994 -0.004800 0.025187 0.999671 -0.004174 0.037408 0.999291 
-0.000561 0.000151 1.000000 0.010730 0.002062 0.999940 -0.000730 0.021403 0.999771 -0.000757 -0.003039 0.999995 -0.004818 0.025280 0.999669 -0.004161 0.037266 0.999297 
-0.000504 0.000135 1.000000 0.010822 0.002079 0.999939 -0.000732 0.021471 0.999769 -0.000685 -0.002750 0.999996 -0.004826 0.025327 0.999668 -0.004151 0.037175 0.999300 
-0.000451 0.000121 1.000000 0.010936 0.002100 0.999938 -0.000736 0.021601 0.999766 -0.000620 -0.002488 0.999997 -0.004846 0.025435 0.999665 -0.004155 0.037208 0.999299 
-0.000402 0.000108 1.000000 0.011076 0.002127 0.999936 -0.000743 0.021797 0.999762 -0.000561 -0.002251 0.999997 -0.004879 0.025608 0.999660 -0.004174 0.037377 0.999293 
-0.000457 0.000123 1.000000 0.011206 0.002152 0.999935 -0.000751 0.022048 0.999757 -0.000449 -0.001802 0.999998 -0.004914 0.025793 0.999655 -0.004192 0.037537 0.999286 
