0.002319 -0.001508 0.999996 0.000264 0.000410 1.000000 0.000308 0.000455 1.000000 0.002331 -0.001495 0.999996 
-0.000573 0.000372 1.000000 -0.001291 -0.002007 0.999997 -0.001344 -0.001990 0.999997 -0.000588 0.000377 1.000000 
-0.000525 0.000341 1.000000 -0.001164 -0.001810 0.999998 -0.001212 -0.001795 0.999998 -0.000538 0.000345 1.000000 
-0.001582 0.001027 0.999998 0.000351 0.000547 1.000000 0.000340 0.000504 1.000000 -0.001585 0.001015 0.999998 
-0.004060 0.002636 0.999988 0.000098 0.000153 1.000000 0.000041 0.000061 1.000000 -0.004075 0.002610 0.999988 
-0.001729 0.001122 0.999998 0.000094 0.000146 1.000000 0.000071 0.000106 1.000000 -0.001735 0.001111 0.999998 
-0.002848 0.001847 0.999994 -0.001132 -0.001762 0.999998 -0.001213 -0.001799 0.999998 -0.002870 0.001837 0.999994 
-0.002574 0.001669 0.999995 -0.001047 -0.001630 0.999998 -0.001121 -0.001663 0.999998 -0.002594 0.001660 0.999995 
0.001070 -0.000694 0.999999 -0.003732 -0.005809 0.999976 -0.003844 -0.005700 0.999976 0.001039 -0.000665 0.999999 
-0.002113 0.001369 0.999997 -0.005329 -0.008306 0.999951 -0.005544 -0.008231 0.999951 -0.002172 0.001388 0.999997 
0.001039 -0.000673 0.999999 -0.007130 -0.011112 0.999913 -0.007359 -0.010925 0.999913 0.000975 -0.000623 0.999999 
0.000712 -0.000461 1.000000 -0.007128 -0.011110 0.999913 -0.007362 -0.010931 0.999913 0.000647 -0.000413 1.000000 
0.000619 -0.000401 1.000000 -0.006585 -0.010264 0.999926 -0.006802 -0.010099 0.999926 0.000558 -0.000357 1.000000 
0.000576 -0.000373 1.000000 -0.006143 -0.009578 0.999935 -0.006346 -0.009425 0.999935 0.000519 -0.000332 1.000000 
0.000493 -0.000319 1.000000 -0.006777 -0.010566 0.999921 -0.007002 -0.010399 0.999921 0.000430 -0.000275 1.000000 
0.000425 -0.000275 1.000000 -0.011152 -0.017388 0.999787 -0.011529 -0.017123 0.999787 0.000320 -0.000204 1.000000 
0.000211 -0.000133 1.000000 -0.014449 -0.023137 0.999628 -0.014956 -0.022801 0.999628 0.000070 -0.000043 1.000000 
0.000163 -0.000100 1.000000 -0.018500 -0.030443 0.999365 -0.019170 -0.030014 0.999366 -0.000023 0.000014 1.000000 
0.000112 -0.000072 1.000000 -0.021986 -0.034347 0.999168 -0.022742 -0.033840 0.999168 -0.000098 0.000062 1.000000 
0.000356 -0.000254 1.000000 -0.022454 -0.031819 0.999241 -0.023149 -0.031298 0.999242 0.000163 -0.000115 1.000000 
0.000276 -0.000204 1.000000 -0.012642 -0.017276 0.999771 -0.013018 -0.016981 0.999771 0.000172 -0.000125 1.000000 
-0.000922 0.000679 0.999999 -0.006119 -0.008382 0.999946 -0.006319 -0.008263 0.999946 -0.000978 0.000711 0.999999 
-0.074154 -0.030025 0.996795 -0.000375 0.000273 1.000000 0.012021 0.065835 0.997758 0.001425 -0.003287 0.999994 -0.003890 -0.005083 0.999980 0.000600 0.003197 0.999995 
-0.039716 -0.015976 0.999083 0.008184 -0.005956 0.999949 0.005079 0.025886 0.999652 0.001784 -0.004141 0.999990 -0.008073 -0.010546 0.999912 -0.002129 -0.010389 0.999944 
-0.018650 -0.007334 0.999799 0.007654 -0.005628 0.999955 -0.003905 -0.016133 0.999862 0.001483 -0.003518 0.999993 -0.018292 -0.023649 0.999553 -0.006487 -0.025310 0.999659 
-0.008241 -0.003139 0.999961 0.000859 -0.000644 0.999999 -0.012511 -0.041033 0.999079 0.001205 -0.002949 0.999995 -0.030407 -0.038608 0.998792 -0.008491 -0.026058 0.999624 
-0.001214 -0.000452 0.999999 -0.007354 0.005606 0.999957 -0.017615 -0.048196 0.998683 0.000839 -0.002097 0.999997 -0.041716 -0.052138 0.997768 -0.004996 -0.012725 0.999907 
-0.000572 -0.000212 1.000000 -0.015503 0.011837 0.999810 -0.019142 -0.046937 0.998714 0.000350 -0.000876 1.000000 -0.046443 -0.058049 0.997233 -0.000689 -0.001564 0.999999 
0.000229 0.000085 1.000000 -0.013932 0.010687 0.999846 -0.018177 -0.043889 0.998871 0.001587 -0.003987 0.999991 -0.043814 -0.054490 0.997553 0.000159 0.000357 1.000000 
0.000180 0.000067 1.000000 -0.012797 0.009823 0.999870 -0.016794 -0.040555 0.999036 0.001420 -0.003576 0.999993 -0.040557 -0.050388 0.997906 0.000097 0.000218 1.000000 
-0.000819 -0.000302 1.000000 -0.010515 0.008100 0.999912 -0.014607 -0.035282 0.999271 0.001117 -0.002820 0.999995 -0.036541 -0.045214 0.998309 -0.000156 -0.000349 1.000000 
-0.000625 -0.000229 1.000000 -0.007287 0.005651 0.999957 -0.011985 -0.028874 0.999511 0.000776 -0.001972 0.999998 -0.031694 -0.038935 0.998739 -0.000145 -0.000325 1.000000 
0.000821 0.000293 1.000000 -0.004123 0.003253 0.999986 -0.009306 -0.022141 0.999712 0.000411 -0.001069 0.999999 -0.026516 -0.032002 0.999136 0.000330 0.000731 1.000000 
0.002722 0.000928 0.999996 -0.000782 0.000634 0.999999 -0.006037 -0.014182 0.999881 -0.000330 0.000895 1.000000 -0.020378 -0.023919 0.999506 0.000925 0.002030 0.999998 
0.006524 0.002136 0.999976 -0.000147 0.000122 1.000000 -0.003668 -0.008519 0.999957 -0.000787 0.002221 0.999997 -0.014107 -0.016222 0.999769 0.002415 0.005248 0.999983 
0.012762 0.004056 0.999910 -0.000103 0.000087 1.000000 -0.001311 -0.003003 0.999995 -0.001630 0.004729 0.999987 -0.007858 -0.008905 0.999929 0.004808 0.010312 0.999935 
0.019363 0.005932 0.999795 -0.000053 0.000045 1.000000 0.001385 0.003121 0.999994 -0.002563 0.007695 0.999967 -0.000937 -0.001042 0.999999 0.007425 0.015678 0.999850 
0.025959 0.007742 0.999633 -0.001455 0.001252 0.999998 0.002328 0.005205 0.999984 -0.003413 0.010502 0.999939 0.001300 0.001439 0.999998 0.010340 0.021616 0.999713 
0.032999 0.009763 0.999408 -0.001285 0.001106 0.999999 0.002838 0.006332 0.999976 -0.004053 0.012558 0.999913 0.001181 0.001307 0.999998 0.013132 0.027366 0.999539 
0.040428 0.011842 0.999112 -0.000311 0.000269 1.000000 0.004057 0.009044 0.999951 -0.004712 0.014725 0.999880 0.003741 0.004129 0.999984 0.015554 0.032384 0.999354 
0.048305 0.014119 0.998733 -0.000265 0.000229 1.000000 0.004415 0.009830 0.999942 -0.005268 0.016483 0.999850 0.003906 0.004311 0.999983 0.018521 0.038517 0.999086 
0.056072 0.016415 0.998292 -0.000234 0.000202 1.000000 0.004544 0.010084 0.999939 -0.005454 0.017029 0.999840 0.006272 0.006923 0.999956 0.020786 0.043090 0.998855 
0.063097 0.018521 0.997836 -0.000203 0.000175 1.000000 0.004280 0.009433 0.999946 -0.004996 0.015560 0.999866 0.010247 0.011310 0.999884 0.022407 0.046127 0.998684 
0.067137 0.019791 0.997547 -0.000173 0.000149 1.000000 0.003544 0.007782 0.999963 -0.003847 0.011940 0.999921 0.015230 0.016810 0.999743 0.022618 0.046368 0.998668 
0.070350 0.020857 0.997304 -0.000141 0.000122 1.000000 0.002693 0.005909 0.999979 -0.002572 0.007948 0.999965 0.020353 0.022464 0.999540 0.022411 0.045895 0.998695 
0.073513 0.021908 0.997054 -0.000109 0.000094 1.000000 0.001942 0.004267 0.999989 -0.001480 0.004555 0.999989 0.024982 0.027573 0.999308 0.022240 0.045640 0.998710 
0.077256 0.023087 0.996744 -0.000074 0.000064 1.000000 0.001584 0.003493 0.999993 -0.000888 0.002729 0.999996 0.028978 0.031984 0.999068 0.022475 0.046286 0.998675 
0.081601 0.024431 0.996366 -0.000037 0.000032 1.000000 0.001326 0.002927 0.999995 -0.000346 0.001060 0.999999 0.032364 0.035721 0.998838 0.023210 0.047907 0.998582 
0.086116 0.025767 0.995952 -0.001397 0.001205 0.999998 0.001100 0.002420 0.999996 0.000248 -0.000760 1.000000 0.036579 0.040389 0.998514 0.024624 0.050636 0.998414 
0.090227 0.026916 0.995557 -0.001223 0.001055 0.999999 0.000891 0.001951 0.999998 0.000793 -0.002444 0.999997 0.039285 0.043378 0.998286 0.025639 0.052442 0.998295 
0.094571 0.028128 0.995121 -0.001061 0.000915 0.999999 0.000770 0.001676 0.999998 0.001415 -0.004375 0.999989 0.041657 0.045998 0.998073 0.027059 0.055010 0.998119 
0.099617 0.029531 0.994588 -0.000925 0.000798 0.999999 0.000671 0.001446 0.999999 0.001930 -0.005988 0.999980 0.043793 0.048357 0.997870 0.028887 0.058151 0.997890 
0.104005 0.030740 0.994102 -0.000797 0.000687 0.999999 0.000571 0.001222 0.999999 0.002444 -0.007611 0.999968 0.045710 0.050474 0.997679 0.030450 0.060916 0.997678 
0.107886 0.031802 0.993655 -0.000677 0.000584 1.000000 0.000469 0.000999 0.999999 0.002938 -0.009178 0.999954 0.047423 0.052366 0.997501 0.031830 0.063391 0.997481 
0.111131 0.032679 0.993268 -0.000565 0.000487 1.000000 0.000423 0.000900 1.000000 0.003287 -0.010299 0.999942 0.048944 0.054046 0.997338 0.032895 0.065388 0.997318 
0.113741 0.033376 0.992950 -0.000459 0.000396 1.000000 0.000400 0.000852 1.000000 0.003566 -0.011199 0.999931 0.050281 0.055523 0.997191 0.033676 0.066961 0.997187 
0.116116 0.034031 0.992653 -0.000343 0.000296 1.000000 0.000373 0.000794 1.000000 0.003857 -0.012133 0.999919 0.051445 0.056831 0.997057 0.034427 0.068462 0.997060 
0.118609 0.034897 0.992328 0.000151 -0.000130 1.000000 0.000358 0.000761 1.000000 0.004201 -0.013175 0.999904 0.052411 0.058072 0.996936 0.035135 0.069866 0.996937 
0.121147 0.035943 0.991984 0.001026 -0.000877 0.999999 0.000338 0.000718 1.000000 0.004701 -0.014639 0.999882 0.053165 0.059264 0.996826 0.035864 0.071273 0.996812 
0.123416 0.036952 0.991667 0.001949 -0.001657 0.999997 0.000321 0.000682 1.000000 0.005207 -0.016089 0.999857 0.053747 0.060256 0.996735 0.036508 0.072521 0.996698 
0.125543 0.038000 0.991360 0.002795 -0.002360 0.999993 0.000307 0.000654 1.000000 0.005706 -0.017465 0.999831 0.054201 0.061163 0.996655 0.037168 0.073796 0.996580 
0.127502 0.039084 0.991068 0.003499 -0.002932 0.999990 0.000295 0.000628 1.000000 0.006212 -0.018805 0.999804 0.054499 0.061967 0.996589 0.037893 0.075183 0.996449 
0.129308 0.040182 0.990790 0.004077 -0.003390 0.999986 0.000284 0.000604 1.000000 0.006740 -0.020158 0.999774 0.054658 0.062659 0.996537 0.038688 0.076699 0.996303 
0.130948 0.041266 0.990530 0.004557 -0.003757 0.999983 0.000274 0.000582 1.000000 0.007285 -0.021520 0.999742 0.054693 0.063231 0.996499 0.039522 0.078287 0.996147 
0.132297 0.042265 0.990309 0.004888 -0.003996 0.999980 0.000264 0.000562 1.000000 0.007807 -0.022781 0.999710 0.054593 0.063644 0.996478 0.040344 0.079845 0.995991 
0.133362 0.043142 0.990128 0.005075 -0.004117 0.999979 0.000254 0.000541 1.000000 0.008278 -0.023888 0.999680 0.054404 0.063925 0.996471 0.041120 0.081303 0.995841 
0.134172 0.043891 0.989986 0.005086 -0.004096 0.999979 0.000245 0.000521 1.000000 0.008665 -0.024754 0.999656 0.054193 0.064134 0.996469 0.041822 0.082617 0.995703 
0.134708 0.044483 0.989886 0.004895 -0.003917 0.999980 0.000236 0.000503 1.000000 0.008935 -0.025305 0.999640 0.053992 0.064287 0.996470 0.042420 0.083728 0.995585 
0.134938 0.044888 0.989837 0.004502 -0.003585 0.999983 0.000229 0.000488 1.000000 0.009072 -0.025519 0.999633 0.053800 0.064367 0.996475 0.042891 0.084594 0.995492 
0.134845 0.045083 0.989841 0.003930 -0.003119 0.999987 0.000223 0.000474 1.000000 0.009077 -0.025412 0.999636 0.053611 0.064355 0.996486 0.043219 0.085188 0.995427 
0.134421 0.045054 0.989900 0.003200 -0.002535 0.999992 0.000217 0.000462 1.000000 0.008949 -0.024987 0.999648 0.053423 0.064239 0.996504 0.043389 0.085484 0.995394 
0.133675 0.044807 0.990012 0.002325 -0.001841 0.999996 0.000217 0.000462 1.000000 0.008687 -0.024245 0.999668 0.053236 0.064022 0.996528 0.043406 0.085491 0.995393 
0.132692 0.044448 0.990160 0.001258 -0.000996 0.999999 0.000212 0.000451 1.000000 0.008352 -0.023311 0.999693 0.053003 0.063718 0.996559 0.043378 0.085410 0.995401 
0.131654 0.044055 0.990316 0.000455 -0.000360 1.000000 0.000208 0.000443 1.000000 0.007957 -0.022217 0.999722 0.052719 0.063354 0.996598 0.043169 0.084957 0.995449 
0.130915 0.043773 0.990427 0.000418 -0.000331 1.000000 0.000204 0.000433 1.000000 0.007604 -0.021237 0.999746 0.052314 0.062867 0.996650 0.042765 0.084119 0.995538 
0.129660 0.043360 0.990610 0.000379 -0.000300 1.000000 0.000199 0.000425 1.000000 0.007248 -0.020228 0.999769 0.051789 0.062236 0.996717 0.042105 0.082955 0.995663 
0.127613 0.042727 0.990903 0.000340 -0.000269 1.000000 0.000195 0.000419 1.000000 0.006797 -0.018936 0.999798 0.051147 0.061464 0.996798 0.040878 0.081139 0.995864 
0.124708 0.041824 0.991312 0.000303 -0.000240 1.000000 0.000193 0.000420 1.000000 0.006279 -0.017451 0.999828 0.050359 0.060516 0.996896 0.039121 0.078694 0.996131 
0.121370 0.040781 0.991769 0.000269 -0.000213 1.000000 0.000222 0.000490 1.000000 0.005754 -0.015950 0.999856 0.049419 0.059387 0.997011 0.037231 0.076066 0.996407 
0.118011 0.039727 0.992217 0.000238 -0.000189 1.000000 0.000267 0.000597 1.000000 0.005284 -0.014610 0.999879 0.048305 0.058048 0.997144 0.035538 0.073619 0.996653 
0.114842 0.038730 0.992629 0.000208 -0.000164 1.000000 0.000265 0.000598 1.000000 0.004894 -0.013502 0.999897 0.046983 0.056459 0.997299 0.034127 0.071417 0.996863 
0.111837 0.037780 0.993008 0.000176 -0.000139 1.000000 0.000176 0.000400 1.000000 0.004648 -0.012798 0.999907 0.045517 0.054698 0.997465 0.032984 0.069410 0.997043 
0.109214 0.036921 0.993332 0.000144 -0.000114 1.000000 0.000166 0.000378 1.000000 0.004541 -0.012491 0.999912 0.044285 0.053217 0.997601 0.032260 0.067891 0.997171 
0.106365 0.035942 0.993677 0.000112 -0.000089 1.000000 0.000161 0.000366 1.000000 0.004372 -0.012029 0.999918 0.042959 0.051623 0.997742 0.031433 0.066165 0.997313 
0.103300 0.034873 0.994039 0.000080 -0.000064 1.000000 0.000158 0.000360 1.000000 0.004183 -0.011515 0.999925 0.041571 0.049955 0.997886 0.030529 0.064276 0.997465 
0.100089 0.033759 0.994406 0.000048 -0.000038 1.000000 0.000153 0.000350 1.000000 0.003983 -0.010969 0.999932 0.040060 0.048139 0.998037 0.029588 0.062326 0.997617 
0.096722 0.032624 0.994777 0.000015 -0.000012 1.000000 0.000151 0.000345 1.000000 0.003794 -0.010446 0.999938 0.038373 0.046112 0.998199 0.028655 0.060401 0.997763 
0.093172 0.031439 0.995154 -0.000001 0.000001 1.000000 0.000150 0.000343 1.000000 0.003556 -0.009786 0.999946 0.036645 0.044035 0.998358 0.027663 0.058290 0.997916 
0.089595 0.030241 0.995519 0.000000 -0.000000 1.000000 0.000138 0.000315 1.000000 0.003246 -0.008925 0.999955 0.034889 0.041925 0.998511 0.026585 0.056006 0.998076 
0.085748 0.028956 0.995896 -0.000002 0.000001 1.000000 0.000152 0.000347 1.000000 0.003034 -0.008338 0.999961 0.033104 0.039780 0.998660 0.025523 0.053747 0.998228 
0.081832 0.027630 0.996263 0.000001 -0.000000 1.000000 0.000163 0.000372 1.000000 0.002719 -0.007469 0.999968 0.031262 0.037567 0.998805 0.024368 0.051301 0.998386 
0.077680 0.026232 0.996633 -0.000002 0.000002 1.000000 0.000137 0.000312 1.000000 0.002616 -0.007186 0.999971 0.029411 0.035343 0.998942 0.023252 0.048919 0.998532 
0.073487 0.024808 0.996988 -0.000000 0.000000 1.000000 0.000127 0.000290 1.000000 0.002414 -0.006630 0.999975 0.027554 0.033112 0.999072 0.022060 0.046384 0.998680 
0.069084 0.023334 0.997338 -0.000001 0.000001 1.000000 0.000123 0.000282 1.000000 0.002291 -0.006288 0.999978 0.025694 0.030876 0.999193 0.020850 0.043812 0.998822 
0.064587 0.021829 0.997673 -0.000003 0.000002 1.000000 0.000134 0.000307 1.000000 0.002100 -0.005759 0.999981 0.023799 0.028599 0.999308 0.019574 0.041117 0.998963 
0.059965 0.020286 0.997994 -0.000003 0.000002 1.000000 0.000128 0.000293 1.000000 0.001960 -0.005370 0.999984 0.021836 0.026240 0.999417 0.018292 0.038406 0.999095 
0.055311 0.018725 0.998294 -0.000004 0.000003 1.000000 0.000122 0.000279 1.000000 0.001808 -0.004950 0.999986 0.019864 0.023869 0.999518 0.016993 0.035662 0.999219 
0.050638 0.017151 0.998570 -0.000010 0.000008 1.000000 0.000116 0.000264 1.000000 0.001648 -0.004510 0.999988 0.017893 0.021501 0.999609 0.015682 0.032892 0.999336 
0.045958 0.015565 0.998822 -0.000019 0.000015 1.000000 0.000156 0.000358 1.000000 0.001313 -0.003593 0.999993 0.015880 0.019082 0.999692 0.014303 0.029999 0.999448 
0.041244 0.013974 0.999051 -0.000031 0.000025 1.000000 0.000175 0.000400 1.000000 0.001069 -0.002922 0.999995 0.013793 0.016574 0.999768 0.012983 0.027227 0.999545 
0.036816 0.012471 0.999244 -0.000047 0.000037 1.000000 0.000135 0.000308 1.000000 0.000685 -0.001874 0.999998 0.011687 0.014044 0.999833 0.011612 0.024356 0.999636 
0.031924 0.010819 0.999432 -0.000064 0.000051 1.000000 0.000158 0.000362 1.000000 0.000493 -0.001347 0.999999 0.009688 0.011642 0.999885 0.010231 0.021462 0.999717 
0.027169 0.009209 0.999588 -0.000084 0.000066 1.000000 0.000154 0.000352 1.000000 0.000355 -0.000970 0.999999 0.007723 0.009280 0.999927 0.008905 0.018679 0.999786 
0.022336 0.007564 0.999722 -0.000072 0.000057 1.000000 0.000120 0.000274 1.000000 0.000318 -0.000869 1.000000 0.005759 0.006915 0.999960 0.007563 0.015878 0.999845 
0.017423 0.005897 0.999831 -0.000097 0.000077 1.000000 0.000090 0.000206 1.000000 0.000269 -0.000736 1.000000 0.003933 0.004716 0.999981 0.006154 0.012927 0.999898 
0.012323 0.004157 0.999915 -0.000276 0.000220 1.000000 0.000016 0.000038 1.000000 0.000194 -0.000534 1.000000 0.002455 0.002928 0.999993 0.004528 0.009537 0.999944 
0.006915 0.002314 0.999973 -0.000261 0.000211 1.000000 0.000016 0.000037 1.000000 0.000026 -0.000071 1.000000 0.001155 0.001366 0.999998 0.002623 0.005551 0.999981 
0.001786 0.000594 0.999998 -0.000325 0.000264 1.000000 -0.000041 -0.000095 1.000000 0.000020 -0.000054 1.000000 0.001007 0.001181 0.999999 0.000485 0.001031 0.999999 
-0.001070 -0.000353 0.999999 -0.000064 0.000052 1.000000 -0.000050 -0.000116 1.000000 0.000114 -0.000320 1.000000 0.000479 0.000556 1.000000 -0.000571 -0.001225 0.999999 
-0.000930 -0.000306 1.000000 -0.000193 0.000159 1.000000 -0.000065 -0.000150 1.000000 -0.000010 0.000029 1.000000 0.000401 0.000465 1.000000 -0.000526 -0.001131 0.999999 
0.000552 0.000181 1.000000 -0.000936 0.000771 0.999999 -0.000720 -0.001672 0.999998 0.000148 -0.000418 1.000000 0.000444 0.000514 1.000000 -0.000218 -0.000470 1.000000 
-0.001602 -0.000524 0.999999 -0.001970 0.001625 0.999997 -0.000728 -0.001697 0.999998 -0.000530 0.001497 0.999999 0.000331 0.000382 1.000000 -0.001056 -0.002283 0.999997 
-0.001025 -0.000334 0.999999 -0.002810 0.002322 0.999993 -0.001123 -0.002625 0.999996 -0.000714 0.002027 0.999998 0.000181 0.000209 1.000000 -0.000950 -0.002060 0.999997 
-0.000925 -0.000301 1.000000 -0.004948 0.004088 0.999979 -0.001610 -0.003766 0.999992 -0.000644 0.001829 0.999998 0.000644 0.000742 1.000000 -0.000536 -0.001162 0.999999 
-0.000835 -0.000272 1.000000 -0.005561 0.004595 0.999974 -0.001910 -0.004468 0.999988 -0.000583 0.001657 0.999998 0.000639 0.000736 1.000000 -0.000502 -0.001088 0.999999 
-0.000753 -0.000245 1.000000 -0.005867 0.004849 0.999971 -0.002069 -0.004840 0.999986 -0.000531 0.001507 0.999999 0.000741 0.000854 0.999999 -0.000503 -0.001090 0.999999 
0.000377 0.000122 1.000000 -0.005684 0.004700 0.999973 -0.002170 -0.005079 0.999985 -0.000679 0.001933 0.999998 0.000820 0.000944 0.999999 -0.000397 -0.000861 1.000000 
0.000342 0.000111 1.000000 -0.005456 0.004517 0.999975 -0.002079 -0.004867 0.999986 -0.000621 0.001766 0.999998 0.000903 0.001038 0.999999 -0.000402 -0.000874 1.000000 
-0.000728 -0.000236 1.000000 -0.005159 0.004279 0.999978 -0.001610 -0.003781 0.999992 -0.001298 0.003701 0.999992 0.000977 0.001122 0.999999 -0.000967 -0.002106 0.999997 
-0.000639 -0.000207 1.000000 -0.004666 0.003878 0.999982 -0.001446 -0.003399 0.999993 -0.001175 0.003354 0.999994 0.001032 0.001183 0.999999 -0.000908 -0.001982 0.999998 
-0.000218 -0.000070 1.000000 -0.003972 0.003309 0.999987 -0.001211 -0.002850 0.999995 -0.001210 0.003463 0.999993 0.001139 0.001302 0.999999 -0.000871 -0.001905 0.999998 
-0.000186 -0.000060 1.000000 -0.003240 0.002706 0.999991 -0.000933 -0.002196 0.999997 -0.001080 0.003094 0.999995 0.001303 0.001486 0.999998 -0.000854 -0.001872 0.999998 
-0.000110 -0.000035 1.000000 -0.002437 0.002039 0.999995 -0.000586 -0.001383 0.999999 -0.001074 0.003084 0.999995 0.001570 0.001788 0.999997 -0.000909 -0.001996 0.999998 
-0.000282 -0.000090 1.000000 -0.001231 0.001034 0.999999 0.000019 0.000045 1.000000 -0.001580 0.004560 0.999988 0.001868 0.002119 0.999996 -0.001348 -0.002974 0.999995 
0.000937 0.000299 1.000000 -0.000622 0.000523 1.000000 0.000159 0.000377 1.000000 -0.001951 0.005647 0.999982 0.002198 0.002489 0.999994 -0.001394 -0.003083 0.999994 
0.000857 0.000273 1.000000 -0.000596 0.000501 1.000000 0.000135 0.000321 1.000000 -0.001753 0.005079 0.999986 0.002557 0.002896 0.999993 -0.001452 -0.003212 0.999994 
0.000781 0.000248 1.000000 -0.000570 0.000479 1.000000 0.000140 0.000333 1.000000 -0.001644 0.004768 0.999987 0.002890 0.003273 0.999990 -0.001533 -0.003390 0.999993 
0.000728 0.000231 1.000000 -0.000541 0.000455 1.000000 0.000152 0.000361 1.000000 -0.001577 0.004575 0.999988 0.003187 0.003610 0.999988 -0.001614 -0.003570 0.999992 
0.000661 0.000210 1.000000 -0.000458 0.000385 1.000000 0.000138 0.000327 1.000000 -0.001442 0.004191 0.999990 0.003357 0.003801 0.999987 -0.001662 -0.003677 0.999992 
0.000577 0.000183 1.000000 -0.000435 0.000366 1.000000 0.000113 0.000268 1.000000 -0.001259 0.003660 0.999993 0.003585 0.004059 0.999985 -0.001684 -0.003726 0.999992 
0.000501 0.000159 1.000000 -0.000425 0.000358 1.000000 0.000086 0.000204 1.000000 -0.001084 0.003152 0.999994 0.003791 0.004292 0.999984 -0.001695 -0.003752 0.999992 
0.000457 0.000145 1.000000 -0.000398 0.000335 1.000000 0.000078 0.000186 1.000000 -0.000977 0.002840 0.999995 0.003959 0.004483 0.999982 -0.001718 -0.003801 0.999991 
0.000492 0.000156 1.000000 -0.000374 0.000315 1.000000 0.000046 0.000110 1.000000 -0.000860 0.002502 0.999996 0.004063 0.004601 0.999981 -0.001704 -0.003773 0.999991 
0.000438 0.000139 1.000000 -0.000344 0.000290 1.000000 0.000031 0.000073 1.000000 -0.000731 0.002126 0.999997 0.004192 0.004747 0.999980 -0.001710 -0.003785 0.999991 
0.001034 0.000327 0.999999 -0.000116 0.000098 1.000000 0.000025 0.000059 1.000000 -0.000852 0.002484 0.999997 0.004206 0.004762 0.999980 -0.001687 -0.003739 0.999992 
0.001997 0.000631 0.999998 0.000057 -0.000048 1.000000 0.000033 0.000080 1.000000 -0.001224 0.003573 0.999993 0.004255 0.004817 0.999979 -0.001673 -0.003713 0.999992 
0.003028 0.000954 0.999995 -0.001206 0.001014 0.999999 -0.000215 -0.000512 1.000000 -0.001260 0.003687 0.999992 0.004772 0.005407 0.999974 -0.001149 -0.002550 0.999996 
0.005657 0.001777 0.999982 -0.000892 0.000750 0.999999 -0.000494 -0.001179 0.999999 -0.001996 0.005856 0.999981 0.004492 0.005085 0.999977 -0.001042 -0.002316 0.999997 
0.005686 0.001785 0.999982 -0.000837 0.000705 0.999999 -0.000558 -0.001332 0.999999 -0.001893 0.005557 0.999983 0.004413 0.004996 0.999978 -0.001029 -0.002288 0.999997 
0.005288 0.001659 0.999985 -0.000784 0.000660 0.999999 -0.000527 -0.001258 0.999999 -0.001744 0.005122 0.999985 0.004327 0.004898 0.999979 -0.001034 -0.002299 0.999997 
0.004782 0.001500 0.999987 -0.000739 0.000622 1.000000 -0.000476 -0.001136 0.999999 -0.001573 0.004623 0.999988 0.004257 0.004818 0.999979 -0.001043 -0.002318 0.999997 
0.004323 0.001356 0.999990 -0.000701 0.000590 1.000000 -0.000431 -0.001030 0.999999 -0.001418 0.004165 0.999990 0.004185 0.004738 0.999980 -0.001047 -0.002329 0.999997 
0.004853 0.001521 0.999987 -0.000664 0.000559 1.000000 -0.000461 -0.001103 0.999999 -0.001668 0.004905 0.999987 0.004093 0.004633 0.999981 -0.001046 -0.002327 0.999997 
0.004388 0.001376 0.999989 -0.000638 0.000537 1.000000 -0.000419 -0.001000 0.999999 -0.001505 0.004424 0.999989 0.004027 0.004559 0.999981 -0.001045 -0.002326 0.999997 
0.003961 0.001241 0.999991 -0.000362 0.000305 1.000000 -0.000132 -0.000317 1.000000 -0.001760 0.005179 0.999985 0.004060 0.004595 0.999981 -0.001212 -0.002702 0.999996 
0.004934 0.001544 0.999987 -0.000334 0.000281 1.000000 -0.000337 -0.000808 1.000000 -0.001979 0.005828 0.999981 0.003930 0.004447 0.999982 -0.001202 -0.002682 0.999996 
0.004460 0.001395 0.999989 -0.000337 0.000283 1.000000 -0.000289 -0.000693 1.000000 -0.001785 0.005259 0.999985 0.003900 0.004411 0.999983 -0.001174 -0.002621 0.999996 
0.004033 0.001262 0.999991 -0.000309 0.000260 1.000000 -0.000258 -0.000619 1.000000 -0.001610 0.004741 0.999987 0.003778 0.004273 0.999984 -0.001143 -0.002552 0.999996 
0.003648 0.001141 0.999993 -0.000279 0.000235 1.000000 -0.000227 -0.000545 1.000000 -0.001458 0.004295 0.999990 0.003662 0.004141 0.999985 -0.001118 -0.002495 0.999996 
0.005369 0.001676 0.999984 -0.000093 0.000079 1.000000 -0.000368 -0.000883 1.000000 -0.001996 0.005889 0.999981 0.003514 0.003973 0.999986 -0.001047 -0.002341 0.999997 
0.005733 0.001789 0.999982 -0.000083 0.000070 1.000000 -0.000489 -0.001174 0.999999 -0.001925 0.005682 0.999982 0.003410 0.003855 0.999987 -0.000963 -0.002154 0.999997 
0.006632 0.002067 0.999976 0.000015 -0.000012 1.000000 -0.000498 -0.001198 0.999999 -0.002336 0.006903 0.999973 0.003292 0.003721 0.999988 -0.000934 -0.002092 0.999997 
0.006944 0.002162 0.999974 -0.000004 0.000003 1.000000 -0.000616 -0.001482 0.999999 -0.002293 0.006782 0.999974 0.003204 0.003622 0.999988 -0.000881 -0.001974 0.999998 
0.006295 0.001959 0.999978 -0.000004 0.000003 1.000000 -0.000551 -0.001325 0.999999 -0.002107 0.006238 0.999978 0.003128 0.003535 0.999989 -0.000892 -0.001999 0.999998 
0.005788 0.001801 0.999982 -0.000000 0.000000 1.000000 -0.000518 -0.001246 0.999999 -0.001910 0.005655 0.999982 0.003026 0.003419 0.999990 -0.000870 -0.001950 0.999998 
0.006090 0.001894 0.999980 -0.000000 0.000000 1.000000 -0.000529 -0.001272 0.999999 -0.002077 0.006153 0.999979 0.002935 0.003316 0.999990 -0.000856 -0.001921 0.999998 
0.006337 0.001969 0.999978 -0.000005 0.000004 1.000000 -0.000536 -0.001291 0.999999 -0.002221 0.006583 0.999976 0.002865 0.003238 0.999991 -0.000849 -0.001906 0.999998 
0.006575 0.002043 0.999976 -0.000002 0.000002 1.000000 -0.000544 -0.001310 0.999999 -0.002355 0.006981 0.999973 0.002801 0.003164 0.999991 -0.000843 -0.001894 0.999998 
0.005942 0.001846 0.999981 -0.000005 0.000004 1.000000 -0.000489 -0.001177 0.999999 -0.002126 0.006304 0.999978 0.002750 0.003108 0.999991 -0.000835 -0.001876 0.999998 
0.006503 0.002019 0.999977 0.000078 -0.000066 1.000000 -0.000519 -0.001251 0.999999 -0.002267 0.006725 0.999975 0.002676 0.003023 0.999992 -0.000771 -0.001733 0.999998 
0.005876 0.001824 0.999981 0.000025 -0.000021 1.000000 -0.000470 -0.001135 0.999999 -0.002047 0.006072 0.999979 0.002612 0.002950 0.999992 -0.000746 -0.001676 0.999998 
0.005312 0.001649 0.999985 -0.000003 0.000002 1.000000 -0.000424 -0.001024 0.999999 -0.001849 0.005486 0.999983 0.002531 0.002859 0.999993 -0.000721 -0.001620 0.999998 
0.004803 0.001491 0.999987 -0.000005 0.000004 1.000000 -0.000379 -0.000915 1.000000 -0.001671 0.004959 0.999986 0.002448 0.002765 0.999993 -0.000702 -0.001578 0.999999 
0.004306 0.001336 0.999990 -0.000004 0.000004 1.000000 -0.000328 -0.000792 1.000000 -0.001524 0.004523 0.999989 0.002360 0.002666 0.999994 -0.000694 -0.001561 0.999999 
0.004365 0.001354 0.999990 -0.001991 0.001680 0.999997 -0.000178 -0.000430 1.000000 -0.001609 0.004779 0.999987 0.004118 0.004649 0.999981 -0.000216 -0.000487 1.000000 
0.003929 0.001218 0.999992 -0.000717 0.000605 1.000000 0.000340 0.000821 1.000000 -0.001452 0.004314 0.999990 0.005202 0.005868 0.999969 -0.000660 -0.001487 0.999999 
0.003825 0.001186 0.999992 -0.000669 0.000565 1.000000 0.000287 0.000694 1.000000 -0.001418 0.004213 0.999990 0.004799 0.005413 0.999974 -0.000616 -0.001389 0.999999 
0.003457 0.001072 0.999993 -0.000629 0.000531 1.000000 0.000256 0.000618 1.000000 -0.001274 0.003784 0.999992 0.004463 0.005034 0.999977 -0.000588 -0.001327 0.999999 
0.004478 0.001387 0.999989 -0.000597 0.000504 1.000000 0.000133 0.000322 1.000000 -0.001699 0.005050 0.999986 0.004147 0.004678 0.999980 -0.000556 -0.001255 0.999999 
0.004061 0.001258 0.999991 -0.000566 0.000478 1.000000 0.000108 0.000262 1.000000 -0.001511 0.004491 0.999989 0.003907 0.004406 0.999983 -0.000537 -0.001212 0.999999 
0.003677 0.001139 0.999993 -0.000542 0.000457 1.000000 0.000099 0.000241 1.000000 -0.001367 0.004066 0.999991 0.003706 0.004180 0.999984 -0.000530 -0.001197 0.999999 
0.003300 0.001022 0.999994 -0.000518 0.000438 1.000000 0.000095 0.000230 1.000000 -0.001244 0.003698 0.999992 0.003521 0.003971 0.999986 -0.000535 -0.001209 0.999999 
0.006024 0.001862 0.999980 -0.000368 0.000311 1.000000 -0.000131 -0.000319 1.000000 -0.002212 0.006588 0.999976 0.003355 0.003783 0.999987 -0.000483 -0.001092 0.999999 
0.008097 0.002500 0.999964 -0.000351 0.000296 1.000000 -0.000553 -0.001343 0.999999 -0.002674 0.007972 0.999965 0.003182 0.003587 0.999989 -0.000476 -0.001077 0.999999 
0.007324 0.002261 0.999971 -0.000338 0.000286 1.000000 -0.000497 -0.001208 0.999999 -0.002416 0.007204 0.999971 0.003042 0.003430 0.999989 -0.000473 -0.001072 0.999999 
0.008637 0.002664 0.999959 -0.000327 0.000276 1.000000 -0.000682 -0.001658 0.999998 -0.002899 0.008651 0.999958 0.002901 0.003270 0.999990 -0.000503 -0.001140 0.999999 
0.008300 0.002559 0.999962 -0.000317 0.000268 1.000000 -0.000807 -0.001960 0.999998 -0.002633 0.007861 0.999966 0.002741 0.003089 0.999991 -0.000534 -0.001210 0.999999 
0.007469 0.002302 0.999969 -0.000306 0.000258 1.000000 -0.000670 -0.001629 0.999998 -0.002539 0.007584 0.999968 0.002615 0.002947 0.999992 -0.000582 -0.001321 0.999999 
0.008232 0.002536 0.999963 -0.000302 0.000255 1.000000 -0.000878 -0.002134 0.999997 -0.002455 0.007336 0.999970 0.002511 0.002829 0.999993 -0.000440 -0.000999 0.999999 
0.008796 0.002707 0.999958 -0.000293 0.000248 1.000000 -0.000913 -0.002223 0.999997 -0.002907 0.008693 0.999958 0.002379 0.002680 0.999994 -0.000561 -0.001275 0.999999 
0.007948 0.002446 0.999965 -0.000285 0.000241 1.000000 -0.000824 -0.002006 0.999998 -0.002626 0.007854 0.999966 0.002313 0.002606 0.999994 -0.000554 -0.001257 0.999999 
0.007427 0.002286 0.999970 -0.000281 0.000238 1.000000 -0.000789 -0.001921 0.999998 -0.002388 0.007142 0.999972 0.002237 0.002520 0.999994 -0.000511 -0.001161 0.999999 
0.008720 0.002681 0.999958 -0.000277 0.000235 1.000000 -0.000913 -0.002225 0.999997 -0.002943 0.008809 0.999957 0.002157 0.002430 0.999995 -0.000549 -0.001249 0.999999 
0.007922 0.002436 0.999966 -0.000269 0.000227 1.000000 -0.000833 -0.002029 0.999998 -0.002657 0.007953 0.999965 0.002099 0.002364 0.999995 -0.000532 -0.001210 0.999999 
0.009017 0.002770 0.999956 -0.000267 0.000226 1.000000 -0.001023 -0.002495 0.999996 -0.002941 0.008809 0.999957 0.002009 0.002262 0.999995 -0.000521 -0.001186 0.999999 
0.008663 0.002660 0.999959 -0.000261 0.000221 1.000000 -0.001018 -0.002486 0.999996 -0.003313 0.009928 0.999945 0.001833 0.002063 0.999996 -0.000868 -0.001979 0.999998 
0.008449 0.002594 0.999961 -0.000250 0.000211 1.000000 -0.001103 -0.002692 0.999996 -0.003162 0.009477 0.999950 0.001653 0.001860 0.999997 -0.000882 -0.002011 0.999998 
0.008408 0.002580 0.999961 -0.000239 0.000203 1.000000 -0.001059 -0.002587 0.999996 -0.003182 0.009540 0.999949 0.001465 0.001649 0.999998 -0.000800 -0.001825 0.999998 
0.007598 0.002332 0.999968 -0.000234 0.000198 1.000000 -0.000962 -0.002348 0.999997 -0.002872 0.008611 0.999959 0.001341 0.001510 0.999998 -0.000724 -0.001650 0.999998 
0.007791 0.002390 0.999967 -0.000232 0.000196 1.000000 -0.001112 -0.002715 0.999996 -0.002408 0.007221 0.999971 0.001247 0.001403 0.999998 -0.000456 -0.001040 0.999999 
0.007049 0.002163 0.999973 -0.000226 0.000192 1.000000 -0.001005 -0.002455 0.999996 -0.002180 0.006540 0.999976 0.001173 0.001320 0.999998 -0.000422 -0.000961 0.999999 
0.006805 0.002088 0.999975 -0.000222 0.000188 1.000000 -0.000917 -0.002240 0.999997 -0.002249 0.006745 0.999975 0.001122 0.001262 0.999999 -0.000444 -0.001013 0.999999 
0.006329 0.001942 0.999978 -0.000221 0.000187 1.000000 -0.000866 -0.002116 0.999997 -0.002037 0.006112 0.999979 0.001073 0.001207 0.999999 -0.000392 -0.000895 1.000000 
0.005734 0.001759 0.999982 -0.000211 0.000179 1.000000 -0.000781 -0.001908 0.999998 -0.001849 0.005547 0.999983 0.001021 0.001148 0.999999 -0.000365 -0.000833 1.000000 
0.005195 0.001594 0.999985 -0.000202 0.000171 1.000000 -0.000704 -0.001720 0.999998 -0.001677 0.005031 0.999986 0.000972 0.001094 0.999999 -0.000340 -0.000775 1.000000 
0.004713 0.001446 0.999988 -0.000192 0.000163 1.000000 -0.000633 -0.001547 0.999999 -0.001525 0.004576 0.999988 0.000928 0.001044 0.999999 -0.000316 -0.000722 1.000000 
0.004276 0.001312 0.999990 -0.000182 0.000155 1.000000 -0.000569 -0.001390 0.999999 -0.001387 0.004162 0.999990 0.000879 0.000988 0.999999 -0.000292 -0.000666 1.000000 
0.003900 0.001196 0.999992 -0.000172 0.000145 1.000000 -0.000492 -0.001202 0.999999 -0.001326 0.003979 0.999991 0.000829 0.000932 0.999999 -0.000286 -0.000653 1.000000 
0.003535 0.001084 0.999993 -0.000164 0.000139 1.000000 -0.000442 -0.001081 0.999999 -0.001204 0.003613 0.999993 0.000778 0.000875 0.999999 -0.000262 -0.000598 1.000000 
0.003125 0.000959 0.999995 -0.000155 0.000131 1.000000 -0.000350 -0.000856 1.000000 -0.001209 0.003627 0.999993 0.000725 0.000816 0.999999 -0.000297 -0.000678 1.000000 
