0.000219 -0.000142 1.000000 -0.002036 -0.003166 0.999993 -0.002102 -0.003114 0.999993 0.000201 -0.000129 1.000000 
-0.002244 0.001458 0.999996 -0.001239 -0.001925 0.999997 -0.001314 -0.001946 0.999997 -0.002265 0.001452 0.999996 
-0.002453 0.001593 0.999996 -0.001362 -0.002117 0.999997 -0.001445 -0.002140 0.999997 -0.002475 0.001586 0.999996 
-0.004350 0.002825 0.999987 -0.000735 -0.001143 0.999999 -0.000825 -0.001222 0.999999 -0.004375 0.002803 0.999987 
-0.003934 0.002555 0.999989 -0.000650 -0.001010 0.999999 -0.000730 -0.001082 0.999999 -0.003956 0.002534 0.999989 
-0.002541 0.001650 0.999995 -0.001381 -0.002148 0.999997 -0.001466 -0.002172 0.999997 -0.002564 0.001642 0.999995 
-0.001824 0.001184 0.999998 -0.001616 -0.002513 0.999996 -0.001699 -0.002517 0.999995 -0.001847 0.001183 0.999998 
-0.000564 0.000366 1.000000 -0.002213 -0.003440 0.999992 -0.002297 -0.003401 0.999992 -0.000587 0.000376 1.000000 
-0.001930 0.001253 0.999997 -0.002963 -0.004608 0.999985 -0.003094 -0.004582 0.999985 -0.001965 0.001259 0.999997 
-0.000431 0.000280 1.000000 -0.003784 -0.005886 0.999976 -0.003920 -0.005808 0.999975 -0.000469 0.000300 1.000000 
-0.000365 0.000237 1.000000 -0.003876 -0.006030 0.999974 -0.004015 -0.005949 0.999974 -0.000403 0.000258 1.000000 
-0.000323 0.000210 1.000000 -0.005007 -0.007787 0.999957 -0.005183 -0.007680 0.999957 -0.000372 0.000238 1.000000 
-0.000287 0.000186 1.000000 -0.005350 -0.008321 0.999951 -0.005537 -0.008205 0.999951 -0.000339 0.000217 1.000000 
-0.000255 0.000165 1.000000 -0.005197 -0.008083 0.999954 -0.005379 -0.007970 0.999954 -0.000305 0.000195 1.000000 
-0.000218 0.000141 1.000000 -0.005315 -0.008267 0.999952 -0.005500 -0.008150 0.999952 -0.000269 0.000172 1.000000 
-0.000184 0.000120 1.000000 -0.005317 -0.008270 0.999952 -0.005502 -0.008152 0.999952 -0.000236 0.000151 1.000000 
-0.000112 0.000073 1.000000 -0.013584 -0.021158 0.999684 -0.014052 -0.020849 0.999684 -0.000242 0.000155 1.000000 
-0.000123 0.000083 1.000000 -0.023532 -0.035148 0.999105 -0.024309 -0.034611 0.999105 -0.000339 0.000226 1.000000 
-0.000099 0.000074 1.000000 -0.020411 -0.027730 0.999407 -0.021023 -0.027266 0.999407 -0.000269 0.000197 1.000000 
-0.002549 0.001920 0.999995 -0.008786 -0.011772 0.999892 -0.009089 -0.011627 0.999891 -0.002633 0.001958 0.999995 
-0.018887 -0.000654 0.999821 -0.000742 0.000547 1.000000 0.004226 0.011121 0.999929 0.000691 -0.011722 0.999931 -0.003716 -0.004792 0.999982 0.004490 0.010777 0.999932 
-0.005440 -0.000170 0.999985 -0.000058 0.000043 1.000000 0.000902 0.002396 0.999997 0.000434 -0.007847 0.999969 -0.000797 -0.001027 0.999999 0.001643 0.003999 0.999991 
-0.000871 -0.000027 1.000000 -0.000014 0.000010 1.000000 -0.000046 -0.000123 1.000000 0.000537 -0.009751 0.999952 -0.000588 -0.000758 1.000000 0.002083 0.005072 0.999985 
-0.000089 -0.000003 1.000000 -0.000315 0.000233 1.000000 -0.000095 -0.000252 1.000000 0.000602 -0.010976 0.999940 -0.002061 -0.002658 0.999994 0.003259 0.007921 0.999963 
0.000024 0.000001 1.000000 0.000743 -0.000548 1.000000 0.000050 0.000132 1.000000 0.000654 -0.011724 0.999931 -0.002122 -0.002736 0.999994 0.003253 0.007904 0.999963 
0.000276 0.000010 1.000000 0.000670 -0.000494 1.000000 0.000045 0.000121 1.000000 0.000706 -0.012028 0.999927 -0.001922 -0.002477 0.999995 0.003358 0.008148 0.999961 
0.002161 0.000080 0.999998 0.000602 -0.000444 1.000000 0.000042 0.000113 1.000000 0.000730 -0.011947 0.999928 -0.001736 -0.002238 0.999996 0.003966 0.009614 0.999946 
0.005249 0.000206 0.999986 0.000543 -0.000400 1.000000 0.000041 0.000108 1.000000 0.000746 -0.011766 0.999930 -0.001566 -0.002019 0.999997 0.004984 0.012074 0.999915 
0.008360 0.000346 0.999965 0.001291 -0.000952 0.999999 0.000150 0.000398 1.000000 0.000759 -0.011590 0.999933 -0.001629 -0.002101 0.999996 0.005914 0.014321 0.999880 
0.011223 0.000483 0.999937 0.001157 -0.000853 0.999999 0.000140 0.000372 1.000000 0.000764 -0.011388 0.999935 -0.001457 -0.001879 0.999997 0.006863 0.016611 0.999838 
0.013650 0.000597 0.999907 0.001037 -0.000765 0.999999 0.000132 0.000351 1.000000 0.000753 -0.011124 0.999938 -0.001297 -0.001672 0.999998 0.007645 0.018503 0.999800 
0.015620 0.000683 0.999878 -0.000200 0.000147 1.000000 -0.000023 -0.000062 1.000000 0.000733 -0.010829 0.999941 -0.001850 -0.002391 0.999995 0.008803 0.021259 0.999735 
0.017369 0.000758 0.999849 0.000824 -0.000606 0.999999 0.000046 0.000123 1.000000 0.000713 -0.010555 0.999944 -0.002483 -0.003211 0.999992 0.009259 0.022362 0.999707 
0.018863 0.000820 0.999822 0.001026 -0.000754 0.999999 0.000141 0.000374 1.000000 0.000696 -0.010324 0.999946 -0.001871 -0.002421 0.999995 0.009582 0.023134 0.999686 
0.020074 0.000868 0.999798 0.000930 -0.000684 0.999999 0.000135 0.000357 1.000000 0.000679 -0.010114 0.999949 -0.001667 -0.002156 0.999996 0.009924 0.023966 0.999664 
0.020884 0.000886 0.999782 0.001223 -0.000899 0.999999 0.000236 0.000625 1.000000 0.000655 -0.009874 0.999951 -0.001090 -0.001410 0.999998 0.009987 0.024113 0.999659 
0.021388 0.000896 0.999771 0.001107 -0.000814 0.999999 0.000220 0.000584 1.000000 0.000638 -0.009693 0.999953 -0.000962 -0.001245 0.999999 0.010109 0.024411 0.999651 
0.022080 0.000912 0.999756 0.000971 -0.000714 0.999999 0.000197 0.000522 1.000000 0.000624 -0.009572 0.999954 -0.000890 -0.001151 0.999999 0.010356 0.024927 0.999636 
0.022547 0.000923 0.999745 0.000882 -0.000648 0.999999 0.000185 0.000487 1.000000 0.000613 -0.009455 0.999955 -0.000791 -0.001024 0.999999 0.010502 0.025210 0.999627 
0.022866 0.000934 0.999738 0.000802 -0.000589 1.000000 0.000297 0.000783 1.000000 0.000606 -0.009352 0.999956 0.000224 0.000290 1.000000 0.010448 0.025047 0.999632 
0.023154 0.000944 0.999731 0.000220 -0.000161 1.000000 0.000341 0.000897 1.000000 0.000600 -0.009282 0.999957 0.000488 0.000631 1.000000 0.010792 0.025790 0.999609 
0.023253 0.000947 0.999729 -0.000449 0.000330 1.000000 0.000301 0.000790 1.000000 0.000596 -0.009227 0.999957 0.000565 0.000732 1.000000 0.011044 0.026322 0.999593 
0.023372 0.000951 0.999726 -0.000393 0.000288 1.000000 0.000278 0.000728 1.000000 0.000590 -0.009141 0.999958 0.000504 0.000652 1.000000 0.011045 0.026264 0.999594 
0.023851 0.000967 0.999715 -0.000342 0.000251 1.000000 0.000249 0.000651 1.000000 0.000593 -0.009194 0.999958 0.000445 0.000576 1.000000 0.011225 0.026557 0.999584 
0.024447 0.000986 0.999701 -0.000053 0.000039 1.000000 0.000284 0.000739 1.000000 0.000595 -0.009260 0.999957 0.000166 0.000215 1.000000 0.011549 0.027137 0.999565 
0.024794 0.000996 0.999692 0.001029 -0.000755 0.999999 0.000326 0.000845 1.000000 0.000597 -0.009323 0.999956 -0.000781 -0.001013 0.999999 0.011667 0.027283 0.999560 
0.024314 0.000978 0.999704 0.000932 -0.000684 0.999999 0.000299 0.000773 1.000000 0.000600 -0.009351 0.999956 -0.000710 -0.000920 0.999999 0.011471 0.026821 0.999574 
0.023797 0.000958 0.999716 0.000845 -0.000620 0.999999 0.000274 0.000709 1.000000 0.000602 -0.009384 0.999956 -0.000646 -0.000837 0.999999 0.011264 0.026333 0.999590 
0.023263 0.000937 0.999729 0.000765 -0.000561 1.000000 0.000249 0.000645 1.000000 0.000605 -0.009423 0.999955 -0.000590 -0.000765 1.000000 0.011052 0.025836 0.999605 
0.022822 0.000918 0.999739 0.002302 -0.001688 0.999996 0.000653 0.001691 0.999998 0.000610 -0.009512 0.999955 -0.000143 -0.000185 1.000000 0.010698 0.025018 0.999630 
0.022339 0.000898 0.999750 0.002085 -0.001529 0.999997 0.000593 0.001536 0.999999 0.000613 -0.009563 0.999954 -0.000137 -0.000177 1.000000 0.010532 0.024628 0.999641 
0.021848 0.000878 0.999761 0.001885 -0.001382 0.999997 0.000535 0.001385 0.999999 0.000620 -0.009669 0.999953 -0.000132 -0.000172 1.000000 0.010371 0.024251 0.999652 
0.021351 0.000859 0.999772 0.000704 -0.000516 1.000000 0.000314 0.000813 1.000000 0.000623 -0.009705 0.999953 -0.000816 -0.001059 0.999999 0.010646 0.024865 0.999634 
0.020847 0.000839 0.999782 -0.000522 0.000383 1.000000 0.000297 0.000769 1.000000 0.000624 -0.009716 0.999953 -0.000008 -0.000011 1.000000 0.010695 0.024960 0.999631 
0.020467 0.000823 0.999790 0.001957 -0.001434 0.999997 0.000816 0.002113 0.999997 0.000628 -0.009789 0.999952 0.001094 0.001421 0.999998 0.009855 0.023042 0.999686 
0.020022 0.000805 0.999799 0.001774 -0.001300 0.999998 0.000738 0.001912 0.999998 0.000628 -0.009785 0.999952 0.000968 0.001257 0.999999 0.009698 0.022670 0.999696 
0.019600 0.000789 0.999808 0.001607 -0.001177 0.999998 0.000661 0.001713 0.999998 0.000633 -0.009861 0.999951 0.000852 0.001106 0.999999 0.009558 0.022337 0.999705 
0.019179 0.000772 0.999816 0.001456 -0.001066 0.999998 0.000600 0.001554 0.999999 0.000634 -0.009884 0.999951 0.000747 0.000970 0.999999 0.009417 0.022007 0.999713 
0.018796 0.000757 0.999823 0.001320 -0.000967 0.999999 0.000544 0.001410 0.999999 0.000636 -0.009908 0.999951 0.000652 0.000847 0.999999 0.009290 0.021709 0.999721 
0.018452 0.000743 0.999829 0.001195 -0.000875 0.999999 0.000494 0.001279 0.999999 0.000638 -0.009930 0.999950 0.000566 0.000735 1.000000 0.009176 0.021443 0.999728 
0.018146 0.000731 0.999835 0.001085 -0.000795 0.999999 0.000448 0.001162 0.999999 0.000639 -0.009954 0.999950 0.000487 0.000632 1.000000 0.009076 0.021207 0.999734 
0.017877 0.000720 0.999840 0.000986 -0.000722 0.999999 0.000407 0.001055 0.999999 0.000641 -0.009976 0.999950 0.000414 0.000538 1.000000 0.008988 0.021001 0.999739 
0.017644 0.000711 0.999844 0.000897 -0.000657 0.999999 0.000370 0.000959 0.999999 0.000642 -0.009998 0.999950 0.000347 0.000451 1.000000 0.008913 0.020825 0.999743 
0.017447 0.000703 0.999848 0.000815 -0.000597 0.999999 0.000337 0.000872 1.000000 0.000644 -0.010019 0.999950 0.000289 0.000376 1.000000 0.008850 0.020678 0.999747 
0.017254 0.000695 0.999851 -0.000415 0.000304 1.000000 0.000268 0.000695 1.000000 0.000643 -0.010014 0.999950 0.000515 0.000669 1.000000 0.009149 0.021356 0.999730 
0.017097 0.000689 0.999854 -0.000362 0.000265 1.000000 0.000246 0.000636 1.000000 0.000644 -0.010024 0.999950 0.000438 0.000569 1.000000 0.009062 0.021153 0.999735 
0.016981 0.000684 0.999856 0.001404 -0.001028 0.999998 0.000621 0.001608 0.999999 0.000653 -0.010170 0.999948 0.001215 0.001578 0.999998 0.008557 0.019998 0.999763 
0.016706 0.000673 0.999860 0.001265 -0.000926 0.999999 0.000562 0.001456 0.999999 0.000657 -0.010224 0.999948 0.001074 0.001395 0.999998 0.008490 0.019843 0.999767 
0.016435 0.000662 0.999865 0.001138 -0.000834 0.999999 0.000509 0.001318 0.999999 0.000660 -0.010274 0.999947 0.000941 0.001222 0.999999 0.008424 0.019687 0.999771 
0.016238 0.000654 0.999868 0.002215 -0.001622 0.999996 0.000694 0.001799 0.999998 0.000664 -0.010334 0.999946 -0.000018 -0.000024 1.000000 0.008537 0.019970 0.999764 
0.015947 0.000643 0.999873 -0.001057 0.000773 0.999999 0.000104 0.000269 1.000000 0.000665 -0.010334 0.999946 -0.002114 -0.002750 0.999994 0.009785 0.022821 0.999692 
0.015673 0.000633 0.999877 0.000886 -0.000648 0.999999 0.000201 0.000521 1.000000 0.000662 -0.010291 0.999947 -0.003639 -0.004735 0.999982 0.009520 0.022220 0.999708 
0.015480 0.000624 0.999880 0.000876 -0.000640 0.999999 0.000204 0.000529 1.000000 0.000666 -0.010355 0.999946 -0.003286 -0.004275 0.999985 0.009341 0.021799 0.999719 
0.015215 0.000613 0.999884 0.000605 -0.000442 1.000000 0.000325 0.000841 1.000000 0.000668 -0.010396 0.999946 -0.002768 -0.003602 0.999990 0.009380 0.021882 0.999717 
0.014882 0.000600 0.999889 0.000549 -0.000401 1.000000 0.000296 0.000767 1.000000 0.000668 -0.010394 0.999946 -0.002519 -0.003278 0.999991 0.009141 0.021323 0.999731 
0.014588 0.000588 0.999893 0.000498 -0.000364 1.000000 0.000270 0.000699 1.000000 0.000671 -0.010433 0.999945 -0.002296 -0.002987 0.999993 0.008939 0.020847 0.999743 
0.014317 0.000577 0.999897 0.001335 -0.000975 0.999999 0.000366 0.000948 0.999999 0.000676 -0.010512 0.999945 -0.002358 -0.003068 0.999993 0.008656 0.020191 0.999759 
0.014058 0.000567 0.999901 0.001207 -0.000882 0.999999 0.000333 0.000863 1.000000 0.000681 -0.010588 0.999944 -0.002151 -0.002799 0.999994 0.008504 0.019835 0.999767 
0.013833 0.000557 0.999904 0.001091 -0.000798 0.999999 0.000303 0.000786 1.000000 0.000686 -0.010669 0.999943 -0.001962 -0.002554 0.999995 0.008372 0.019526 0.999774 
0.013536 0.000546 0.999908 -0.000966 0.000705 0.999999 -0.000066 -0.000170 1.000000 0.000696 -0.010826 0.999941 -0.003144 -0.004096 0.999987 0.009105 0.021192 0.999734 
0.013224 0.000534 0.999912 -0.000543 0.000396 1.000000 -0.000035 -0.000091 1.000000 0.000699 -0.010862 0.999941 -0.003139 -0.004090 0.999987 0.008852 0.020604 0.999749 
0.012963 0.000524 0.999916 -0.000478 0.000349 1.000000 -0.000032 -0.000082 1.000000 0.000706 -0.010961 0.999940 -0.002854 -0.003719 0.999989 0.008647 0.020124 0.999760 
0.012755 0.000515 0.999919 -0.000420 0.000307 1.000000 -0.000024 -0.000063 1.000000 0.000709 -0.011009 0.999939 -0.002596 -0.003383 0.999991 0.008469 0.019706 0.999770 
0.012561 0.000508 0.999921 -0.000365 0.000267 1.000000 -0.000018 -0.000047 1.000000 0.000711 -0.011047 0.999939 -0.002370 -0.003088 0.999992 0.008306 0.019323 0.999779 
0.012396 0.000501 0.999923 -0.000317 0.000232 1.000000 -0.000096 -0.000248 1.000000 0.000714 -0.011078 0.999938 -0.002773 -0.003613 0.999990 0.008260 0.019206 0.999781 
0.012057 0.000488 0.999927 -0.001566 0.001143 0.999998 -0.000188 -0.000487 1.000000 0.000715 -0.011087 0.999938 -0.003021 -0.003937 0.999988 0.008658 0.020116 0.999760 
0.011863 0.000481 0.999930 -0.001405 0.001025 0.999998 -0.000166 -0.000430 1.000000 0.000711 -0.011024 0.999939 -0.002749 -0.003582 0.999990 0.008431 0.019584 0.999773 
0.011754 0.000476 0.999931 0.001097 -0.000800 0.999999 0.000103 0.000267 1.000000 0.000711 -0.011026 0.999939 -0.003748 -0.004886 0.999981 0.008068 0.018758 0.999791 
0.011660 0.000472 0.999932 0.000906 -0.000661 0.999999 0.000126 0.000324 1.000000 0.000712 -0.011043 0.999939 -0.003801 -0.004957 0.999980 0.008186 0.019023 0.999786 
0.011558 0.000467 0.999933 0.000814 -0.000594 0.999999 0.000116 0.000299 1.000000 0.000714 -0.011087 0.999938 -0.003449 -0.004498 0.999984 0.008051 0.018706 0.999793 
0.011478 0.000464 0.999934 0.000732 -0.000534 1.000000 0.000107 0.000275 1.000000 0.000718 -0.011144 0.999938 -0.003135 -0.004089 0.999987 0.007939 0.018441 0.999798 
0.011308 0.000457 0.999936 -0.000479 0.000349 1.000000 -0.000017 -0.000044 1.000000 0.000719 -0.011161 0.999937 -0.003388 -0.004420 0.999984 0.008338 0.019345 0.999778 
0.011219 0.000453 0.999937 0.000742 -0.000541 1.000000 0.000147 0.000379 1.000000 0.000719 -0.011161 0.999937 -0.003425 -0.004469 0.999984 0.008025 0.018629 0.999794 
0.011183 0.000451 0.999937 0.001435 -0.001046 0.999998 0.000185 0.000477 1.000000 0.000720 -0.011184 0.999937 -0.003785 -0.004939 0.999981 0.007900 0.018343 0.999801 
0.011186 0.000451 0.999937 0.002540 -0.001850 0.999995 0.000408 0.001055 0.999999 0.000720 -0.011195 0.999937 -0.003987 -0.005207 0.999978 0.007847 0.018220 0.999803 
0.011112 0.000448 0.999938 0.002312 -0.001684 0.999996 0.000377 0.000975 0.999999 0.000715 -0.011117 0.999938 -0.003615 -0.004720 0.999982 0.007710 0.017900 0.999810 
0.011057 0.000445 0.999939 0.002079 -0.001514 0.999997 0.000344 0.000889 1.000000 0.000710 -0.011040 0.999939 -0.003279 -0.004282 0.999985 0.007594 0.017631 0.999816 
0.011079 0.000445 0.999939 0.002258 -0.001643 0.999996 0.000379 0.000978 0.999999 0.000705 -0.010986 0.999939 -0.003838 -0.005015 0.999980 0.007784 0.018067 0.999806 
0.011086 0.000445 0.999938 0.001773 -0.001290 0.999998 0.000392 0.001012 0.999999 0.000702 -0.010931 0.999940 -0.003630 -0.004744 0.999982 0.007942 0.018422 0.999799 
0.011158 0.000448 0.999938 0.001588 -0.001156 0.999998 0.000357 0.000923 1.000000 0.000699 -0.010891 0.999940 -0.003290 -0.004300 0.999985 0.007858 0.018223 0.999803 
0.011263 0.000452 0.999936 0.001730 -0.001258 0.999998 0.000383 0.000988 0.999999 0.000697 -0.010854 0.999941 -0.003733 -0.004882 0.999981 0.008040 0.018639 0.999794 
0.011336 0.000456 0.999936 0.001551 -0.001128 0.999998 0.000349 0.000901 1.000000 0.000696 -0.010835 0.999941 -0.003386 -0.004427 0.999984 0.007957 0.018441 0.999798 
0.011359 0.000459 0.999935 -0.000220 0.000160 1.000000 0.000144 0.000371 1.000000 0.000695 -0.010802 0.999941 -0.003513 -0.004595 0.999983 0.008493 0.019653 0.999771 
0.011545 0.000467 0.999933 0.002641 -0.001920 0.999995 0.000511 0.001320 0.999999 0.000697 -0.010812 0.999941 -0.004059 -0.005309 0.999978 0.008053 0.018670 0.999793 
0.011577 0.000470 0.999933 0.002378 -0.001729 0.999996 0.000466 0.001203 0.999999 0.000695 -0.010759 0.999942 -0.003680 -0.004813 0.999982 0.007950 0.018427 0.999799 
0.011557 0.000472 0.999933 -0.000547 0.000397 1.000000 -0.000021 -0.000054 1.000000 0.000694 -0.010693 0.999943 -0.005103 -0.006683 0.999965 0.009039 0.020894 0.999741 
0.011616 0.000476 0.999932 -0.000482 0.000350 1.000000 -0.000014 -0.000035 1.000000 0.000693 -0.010657 0.999943 -0.004634 -0.006068 0.999971 0.008855 0.020461 0.999751 
0.011661 0.000478 0.999932 -0.000425 0.000309 1.000000 -0.000008 -0.000020 1.000000 0.000695 -0.010697 0.999943 -0.004208 -0.005510 0.999976 0.008703 0.020104 0.999760 
0.011655 0.000478 0.999932 -0.000371 0.000269 1.000000 -0.000003 -0.000008 1.000000 0.000700 -0.010770 0.999942 -0.003829 -0.005015 0.999980 0.008557 0.019761 0.999768 
0.011662 0.000478 0.999932 0.000500 -0.000363 1.000000 0.000052 0.000135 1.000000 0.000706 -0.010873 0.999941 -0.004194 -0.005493 0.999976 0.008417 0.019440 0.999776 
0.011566 0.000474 0.999933 -0.001264 0.000918 0.999999 -0.000040 -0.000103 1.000000 0.000706 -0.010860 0.999941 -0.003467 -0.004540 0.999984 0.008764 0.020212 0.999757 
0.011591 0.000475 0.999933 -0.001131 0.000821 0.999999 -0.000032 -0.000083 1.000000 0.000707 -0.010887 0.999940 -0.003162 -0.004140 0.999986 0.008614 0.019862 0.999766 
0.011658 0.000477 0.999932 -0.001013 0.000735 0.999999 -0.000026 -0.000067 1.000000 0.000709 -0.010918 0.999940 -0.002884 -0.003777 0.999989 0.008496 0.019588 0.999772 
0.011759 0.000481 0.999931 -0.000904 0.000656 0.999999 -0.000020 -0.000052 1.000000 0.000711 -0.010954 0.999940 -0.002634 -0.003450 0.999991 0.008406 0.019378 0.999777 
0.011782 0.000483 0.999930 -0.001957 0.001420 0.999997 -0.000209 -0.000537 1.000000 0.000712 -0.010963 0.999940 -0.003214 -0.004211 0.999986 0.008825 0.020321 0.999755 
0.011833 0.000485 0.999930 -0.001762 0.001279 0.999998 -0.000186 -0.000479 1.000000 0.000713 -0.010962 0.999940 -0.002934 -0.003845 0.999988 0.008684 0.019992 0.999762 
0.011929 0.000489 0.999929 -0.001143 0.000830 0.999999 -0.000139 -0.000357 1.000000 0.000713 -0.010971 0.999940 -0.003062 -0.004012 0.999987 0.008566 0.019720 0.999769 
0.012069 0.000495 0.999927 -0.001023 0.000742 0.999999 -0.000122 -0.000315 1.000000 0.000714 -0.010991 0.999939 -0.002797 -0.003665 0.999989 0.008492 0.019548 0.999773 
0.012325 0.000505 0.999924 0.000554 -0.000402 1.000000 -0.000042 -0.000108 1.000000 0.000732 -0.011275 0.999936 -0.003825 -0.005014 0.999980 0.008459 0.019480 0.999774 
0.012363 0.000506 0.999923 0.000499 -0.000362 1.000000 -0.000035 -0.000089 1.000000 0.000733 -0.011288 0.999936 -0.003471 -0.004549 0.999984 0.008375 0.019285 0.999779 
0.012383 0.000507 0.999923 0.000452 -0.000328 1.000000 -0.000028 -0.000073 1.000000 0.000735 -0.011316 0.999936 -0.003151 -0.004130 0.999987 0.008299 0.019106 0.999783 
0.012431 0.000509 0.999923 0.000441 -0.000320 1.000000 -0.000012 -0.000032 1.000000 0.000737 -0.011348 0.999935 -0.002838 -0.003720 0.999989 0.008236 0.018958 0.999786 
0.012473 0.000510 0.999922 0.000398 -0.000289 1.000000 -0.000009 -0.000024 1.000000 0.000738 -0.011377 0.999935 -0.002589 -0.003393 0.999991 0.008189 0.018845 0.999789 
0.012536 0.000512 0.999921 0.000363 -0.000263 1.000000 -0.000007 -0.000018 1.000000 0.000740 -0.011402 0.999935 -0.002367 -0.003102 0.999992 0.008155 0.018762 0.999791 
0.012599 0.000515 0.999920 0.000329 -0.000238 1.000000 -0.000005 -0.000012 1.000000 0.000741 -0.011423 0.999934 -0.002163 -0.002835 0.999994 0.008125 0.018691 0.999792 
0.012668 0.000519 0.999920 -0.000212 0.000154 1.000000 -0.000182 -0.000467 1.000000 0.000743 -0.011437 0.999934 -0.003938 -0.005166 0.999979 0.008813 0.020249 0.999756 
0.012754 0.000523 0.999919 0.000169 -0.000123 1.000000 -0.000116 -0.000298 1.000000 0.000750 -0.011544 0.999933 -0.003676 -0.004823 0.999982 0.008702 0.019995 0.999762 
0.012817 0.000525 0.999918 0.000921 -0.000668 0.999999 -0.000050 -0.000128 1.000000 0.000753 -0.011591 0.999933 -0.003992 -0.005237 0.999978 0.008623 0.019815 0.999766 
0.012837 0.000527 0.999917 0.000825 -0.000598 0.999999 -0.000040 -0.000102 1.000000 0.000753 -0.011580 0.999933 -0.003606 -0.004731 0.999982 0.008537 0.019615 0.999771 
0.012829 0.000526 0.999918 0.000737 -0.000534 1.000000 -0.000031 -0.000081 1.000000 0.000753 -0.011583 0.999933 -0.003259 -0.004277 0.999986 0.008455 0.019425 0.999776 
0.012853 0.000527 0.999917 0.000660 -0.000479 1.000000 -0.000024 -0.000063 1.000000 0.000754 -0.011601 0.999932 -0.002953 -0.003875 0.999988 0.008399 0.019291 0.999779 
0.012901 0.000529 0.999917 0.001435 -0.001040 0.999998 0.000035 0.000089 1.000000 0.000755 -0.011621 0.999932 -0.003412 -0.004478 0.999984 0.008341 0.019160 0.999782 
0.012898 0.000532 0.999917 -0.000586 0.000424 1.000000 -0.000274 -0.000702 1.000000 0.000756 -0.011586 0.999933 -0.004311 -0.005663 0.999975 0.009122 0.020914 0.999740 
0.012955 0.000536 0.999916 -0.000519 0.000375 1.000000 -0.000243 -0.000624 1.000000 0.000755 -0.011560 0.999933 -0.003915 -0.005143 0.999979 0.009003 0.020637 0.999747 
0.013030 0.000538 0.999915 -0.000332 0.000241 1.000000 -0.000186 -0.000476 1.000000 0.000756 -0.011574 0.999933 -0.003496 -0.004592 0.999983 0.008881 0.020354 0.999753 
0.013096 0.000541 0.999914 -0.000289 0.000209 1.000000 -0.000164 -0.000422 1.000000 0.000757 -0.011601 0.999932 -0.003181 -0.004178 0.999986 0.008806 0.020179 0.999758 
0.013192 0.000545 0.999913 0.000090 -0.000065 1.000000 -0.000123 -0.000316 1.000000 0.000761 -0.011653 0.999932 -0.003188 -0.004188 0.999986 0.008751 0.020052 0.999761 
0.013268 0.000548 0.999912 0.000081 -0.000059 1.000000 -0.000108 -0.000278 1.000000 0.000763 -0.011692 0.999931 -0.002896 -0.003805 0.999989 0.008705 0.019942 0.999763 
0.013356 0.000551 0.999911 0.000074 -0.000053 1.000000 -0.000096 -0.000245 1.000000 0.000765 -0.011719 0.999931 -0.002635 -0.003462 0.999991 0.008669 0.019856 0.999765 
0.013474 0.000556 0.999909 0.000068 -0.000049 1.000000 -0.000085 -0.000217 1.000000 0.000765 -0.011737 0.999931 -0.002404 -0.003158 0.999992 0.008649 0.019809 0.999766 
0.013583 0.000560 0.999908 0.000062 -0.000045 1.000000 -0.000075 -0.000192 1.000000 0.000766 -0.011752 0.999931 -0.002199 -0.002889 0.999993 0.008634 0.019771 0.999767 
0.013673 0.000563 0.999906 0.000058 -0.000042 1.000000 -0.000064 -0.000164 1.000000 0.000767 -0.011763 0.999931 -0.002010 -0.002640 0.999994 0.008618 0.019731 0.999768 
0.013751 0.000567 0.999905 0.000053 -0.000038 1.000000 -0.000053 -0.000135 1.000000 0.000767 -0.011769 0.999930 -0.001841 -0.002418 0.999995 0.008605 0.019699 0.999769 
0.013918 0.000573 0.999903 0.001403 -0.001016 0.999998 0.000064 0.000163 1.000000 0.000796 -0.012233 0.999925 -0.003654 -0.004799 0.999982 0.009050 0.020729 0.999744 
0.014037 0.000580 0.999901 0.000363 -0.000263 1.000000 -0.000180 -0.000461 1.000000 0.000798 -0.012219 0.999925 -0.005225 -0.006870 0.999963 0.009800 0.022414 0.999701 
0.014245 0.000593 0.999898 0.002111 -0.001527 0.999997 0.000134 0.000345 1.000000 0.000802 -0.012224 0.999925 -0.004867 -0.006399 0.999968 0.009440 0.021609 0.999722 
0.014341 0.000599 0.999897 0.001898 -0.001373 0.999997 0.000125 0.000319 1.000000 0.000797 -0.012131 0.999926 -0.004412 -0.005801 0.999973 0.009355 0.021412 0.999727 
0.014395 0.000604 0.999896 -0.000169 0.000122 1.000000 -0.000124 -0.000317 1.000000 0.000794 -0.012056 0.999927 -0.005628 -0.007406 0.999957 0.010405 0.023743 0.999664 
0.014497 0.000610 0.999895 0.001336 -0.000965 0.999999 0.000099 0.000253 1.000000 0.000791 -0.011975 0.999928 -0.005531 -0.007280 0.999958 0.010048 0.022947 0.999686 
0.014531 0.000611 0.999894 0.001204 -0.000870 0.999999 0.000093 0.000237 1.000000 0.000791 -0.011979 0.999928 -0.005017 -0.006603 0.999966 0.009916 0.022637 0.999695 
0.014522 0.000610 0.999894 0.001086 -0.000785 0.999999 0.000087 0.000222 1.000000 0.000793 -0.012020 0.999927 -0.004550 -0.005988 0.999972 0.009788 0.022337 0.999703 
0.014483 0.000609 0.999895 0.000512 -0.000370 1.000000 0.000126 0.000322 1.000000 0.000793 -0.012020 0.999927 -0.004683 -0.006166 0.999970 0.010159 0.023176 0.999680 
0.014481 0.000609 0.999895 0.000464 -0.000335 1.000000 0.000116 0.000297 1.000000 0.000797 -0.012077 0.999927 -0.004262 -0.005611 0.999975 0.010017 0.022844 0.999689 
0.014479 0.000608 0.999895 0.000421 -0.000304 1.000000 0.000107 0.000273 1.000000 0.000803 -0.012177 0.999926 -0.003882 -0.005111 0.999979 0.009900 0.022571 0.999696 
0.014471 0.000608 0.999895 0.000382 -0.000276 1.000000 0.000098 0.000250 1.000000 0.000810 -0.012277 0.999924 -0.003540 -0.004660 0.999983 0.009794 0.022321 0.999703 
0.014475 0.000608 0.999895 0.000348 -0.000251 1.000000 0.000090 0.000230 1.000000 0.000815 -0.012364 0.999923 -0.003227 -0.004248 0.999986 0.009700 0.022101 0.999709 
0.014507 0.000609 0.999895 0.000317 -0.000229 1.000000 0.000083 0.000212 1.000000 0.000820 -0.012439 0.999922 -0.002947 -0.003880 0.999988 0.009626 0.021926 0.999713 
0.014553 0.000612 0.999894 -0.000346 0.000250 1.000000 -0.000153 -0.000392 1.000000 0.000825 -0.012490 0.999922 -0.005146 -0.006782 0.999964 0.010452 0.023775 0.999663 
0.014582 0.000615 0.999893 -0.000305 0.000220 1.000000 -0.000138 -0.000352 1.000000 0.000829 -0.012532 0.999921 -0.004663 -0.006146 0.999970 0.010290 0.023401 0.999673 
0.014643 0.000618 0.999893 0.001722 -0.001242 0.999998 -0.000066 -0.000168 1.000000 0.000832 -0.012574 0.999921 -0.006988 -0.009211 0.999933 0.010391 0.023680 0.999666 
0.014656 0.000622 0.999892 0.001537 -0.001108 0.999998 -0.000049 -0.000126 1.000000 0.000834 -0.012565 0.999921 -0.006290 -0.008291 0.999946 0.010229 0.023309 0.999676 
0.014585 0.000619 0.999893 0.001375 -0.000992 0.999999 -0.000036 -0.000093 1.000000 0.000836 -0.012589 0.999920 -0.005669 -0.007473 0.999956 0.010060 0.022920 0.999687 
0.014497 0.000616 0.999895 0.002036 -0.001469 0.999997 0.000153 0.000392 1.000000 0.000838 -0.012620 0.999920 -0.004774 -0.006291 0.999969 0.009685 0.022075 0.999709 
0.014455 0.000613 0.999895 0.002714 -0.001957 0.999994 0.000173 0.000442 1.000000 0.000838 -0.012619 0.999920 -0.006200 -0.008177 0.999947 0.009949 0.022673 0.999693 
0.014306 0.000609 0.999897 0.000903 -0.000651 0.999999 0.000036 0.000093 1.000000 0.000837 -0.012576 0.999921 -0.005640 -0.007441 0.999956 0.010288 0.023415 0.999673 
0.014238 0.000606 0.999898 0.000813 -0.000586 0.999999 0.000035 0.000090 1.000000 0.000841 -0.012638 0.999920 -0.005124 -0.006760 0.999964 0.010120 0.023022 0.999684 
0.014137 0.000601 0.999900 -0.000519 0.000374 1.000000 -0.000012 -0.000031 1.000000 0.000843 -0.012673 0.999919 -0.004386 -0.005786 0.999974 0.010351 0.023519 0.999670 
0.014057 0.000598 0.999901 -0.000581 0.000419 1.000000 -0.000002 -0.000005 1.000000 0.000839 -0.012618 0.999920 -0.003894 -0.005137 0.999979 0.010162 0.023083 0.999682 
0.014039 0.000598 0.999901 -0.000512 0.000369 1.000000 0.000000 0.000001 1.000000 0.000843 -0.012668 0.999919 -0.003563 -0.004700 0.999983 0.010012 0.022735 0.999691 
0.014022 0.000597 0.999902 -0.000449 0.000323 1.000000 0.000002 0.000004 1.000000 0.000852 -0.012810 0.999918 -0.003266 -0.004308 0.999985 0.009901 0.022473 0.999698 
0.014067 0.000599 0.999901 -0.000390 0.000281 1.000000 0.000003 0.000008 1.000000 0.000862 -0.012958 0.999916 -0.002994 -0.003950 0.999988 0.009827 0.022298 0.999703 
0.014174 0.000603 0.999899 -0.000340 0.000245 1.000000 0.000004 0.000011 1.000000 0.000871 -0.013107 0.999914 -0.002751 -0.003629 0.999990 0.009792 0.022208 0.999705 
0.014355 0.000614 0.999897 -0.000322 0.000231 1.000000 -0.000083 -0.000211 1.000000 0.000877 -0.013136 0.999913 -0.004360 -0.005764 0.999974 0.010378 0.023475 0.999671 
0.014454 0.000624 0.999895 -0.001658 0.001192 0.999998 -0.000309 -0.000787 1.000000 0.000876 -0.013055 0.999914 -0.004905 -0.006489 0.999967 0.010872 0.024555 0.999639 
0.014547 0.000628 0.999894 -0.001488 0.001070 0.999998 -0.000276 -0.000703 1.000000 0.000873 -0.013002 0.999915 -0.004461 -0.005902 0.999973 0.010700 0.024156 0.999651 
0.014619 0.000632 0.999893 -0.001279 0.000919 0.999999 -0.000588 -0.001496 0.999999 0.000876 -0.013048 0.999914 -0.006616 -0.008752 0.999940 0.010979 0.024753 0.999633 
0.014702 0.000634 0.999892 0.001319 -0.000949 0.999999 -0.000042 -0.000107 1.000000 0.000877 -0.013082 0.999914 -0.005827 -0.007705 0.999953 0.010378 0.023471 0.999671 
0.014692 0.000633 0.999892 0.001182 -0.000850 0.999999 -0.000033 -0.000085 1.000000 0.000879 -0.013109 0.999914 -0.005271 -0.006970 0.999962 0.010245 0.023159 0.999679 
0.014674 0.000632 0.999892 0.001569 -0.001128 0.999998 -0.000018 -0.000045 1.000000 0.000880 -0.013124 0.999913 -0.005480 -0.007246 0.999959 0.010176 0.022992 0.999684 
0.014720 0.000633 0.999891 0.002794 -0.002010 0.999994 0.000296 0.000755 1.000000 0.000888 -0.013261 0.999912 -0.004331 -0.005724 0.999974 0.009717 0.021967 0.999711 
0.014649 0.000631 0.999893 0.000553 -0.000397 1.000000 0.000050 0.000128 1.000000 0.000883 -0.013172 0.999913 -0.004470 -0.005910 0.999973 0.010377 0.023420 0.999672 
0.014617 0.000630 0.999893 0.000497 -0.000357 1.000000 0.000047 0.000120 1.000000 0.000890 -0.013280 0.999911 -0.004065 -0.005376 0.999977 0.010261 0.023142 0.999680 
0.014667 0.000632 0.999892 0.000444 -0.000319 1.000000 0.000044 0.000112 1.000000 0.000903 -0.013483 0.999909 -0.003699 -0.004891 0.999981 0.010215 0.023021 0.999683 
0.014747 0.000635 0.999891 0.000400 -0.000287 1.000000 0.000041 0.000105 1.000000 0.000916 -0.013674 0.999906 -0.003369 -0.004455 0.999984 0.010186 0.022942 0.999685 
0.014837 0.000638 0.999890 0.000359 -0.000258 1.000000 0.000040 0.000102 1.000000 0.000923 -0.013793 0.999904 -0.003073 -0.004064 0.999987 0.010154 0.022860 0.999687 
0.014947 0.000643 0.999888 0.001493 -0.001074 0.999998 0.000224 0.000569 1.000000 0.000926 -0.013830 0.999904 -0.003662 -0.004843 0.999982 0.010211 0.023003 0.999683 
0.015055 0.000648 0.999886 0.000748 -0.000537 1.000000 0.000203 0.000515 1.000000 0.000931 -0.013901 0.999903 -0.003354 -0.004437 0.999985 0.010471 0.023567 0.999667 
0.015157 0.000652 0.999885 0.000673 -0.000484 1.000000 0.000185 0.000469 1.000000 0.000931 -0.013899 0.999903 -0.003059 -0.004046 0.999987 0.010399 0.023400 0.999672 
0.015237 0.000656 0.999884 -0.001018 0.000732 0.999999 0.000102 0.000258 1.000000 0.000926 -0.013826 0.999904 -0.002370 -0.003135 0.999992 0.010802 0.024278 0.999647 
0.015370 0.000663 0.999882 -0.001889 0.001358 0.999997 -0.000085 -0.000214 1.000000 0.000932 -0.013895 0.999903 -0.002830 -0.003744 0.999989 0.011166 0.025067 0.999623 
0.015478 0.000668 0.999880 -0.002654 0.001907 0.999995 -0.000166 -0.000421 1.000000 0.000928 -0.013834 0.999904 -0.003004 -0.003977 0.999988 0.011500 0.025788 0.999601 
0.015590 0.000674 0.999878 -0.002389 0.001717 0.999996 -0.000152 -0.000386 1.000000 0.000933 -0.013891 0.999903 -0.002744 -0.003631 0.999990 0.011357 0.025455 0.999611 
0.015729 0.000680 0.999876 -0.002073 0.001489 0.999997 -0.000122 -0.000310 1.000000 0.000937 -0.013959 0.999902 -0.002559 -0.003387 0.999991 0.011264 0.025232 0.999618 
0.015942 0.000689 0.999873 -0.000501 0.000360 1.000000 0.000072 0.000183 1.000000 0.000948 -0.014127 0.999900 -0.003122 -0.004133 0.999987 0.011198 0.025095 0.999622 
0.016130 0.000696 0.999870 -0.000442 0.000318 1.000000 0.000073 0.000184 1.000000 0.000961 -0.014324 0.999897 -0.002863 -0.003790 0.999989 0.011200 0.025081 0.999623 
0.016363 0.000707 0.999866 0.000651 -0.000467 1.000000 0.000200 0.000507 1.000000 0.000973 -0.014492 0.999895 -0.002917 -0.003862 0.999988 0.011049 0.024749 0.999633 
0.016558 0.000718 0.999863 0.000589 -0.000423 1.000000 0.000184 0.000466 1.000000 0.000975 -0.014499 0.999894 -0.002667 -0.003531 0.999990 0.011030 0.024699 0.999634 
0.016742 0.000728 0.999860 0.000537 -0.000386 1.000000 0.000174 0.000440 1.000000 0.000978 -0.014511 0.999894 -0.002441 -0.003232 0.999992 0.011023 0.024675 0.999635 
0.017004 0.000740 0.999855 0.002650 -0.001902 0.999995 0.000406 0.001027 0.999999 0.000988 -0.014649 0.999892 -0.004115 -0.005451 0.999977 0.011217 0.025127 0.999621 
0.017248 0.000753 0.999851 0.002392 -0.001717 0.999996 0.000370 0.000937 0.999999 0.000983 -0.014555 0.999894 -0.003736 -0.004949 0.999981 0.011194 0.025075 0.999623 
