0.000468 -0.002435 0.999997 0.003206 0.000601 0.999995 0.003187 0.000618 0.999995 0.000401 -0.002373 0.999997 
0.000451 -0.002349 0.999997 0.003037 0.000570 0.999995 0.003019 0.000585 0.999995 0.000387 -0.002290 0.999997 
0.000368 -0.001912 0.999998 0.006076 0.001141 0.999981 0.006057 0.001176 0.999981 0.000302 -0.001783 0.999998 
0.000336 -0.001746 0.999998 0.005553 0.001043 0.999984 0.005536 0.001075 0.999984 0.000276 -0.001628 0.999999 
0.000347 -0.001810 0.999998 0.004074 0.000764 0.999991 0.004059 0.000787 0.999991 0.000292 -0.001725 0.999998 
0.000322 -0.001677 0.999999 0.003697 0.000693 0.999993 0.003682 0.000714 0.999993 0.000271 -0.001601 0.999999 
0.000302 -0.001570 0.999999 0.003349 0.000628 0.999994 0.003335 0.000647 0.999994 0.000254 -0.001501 0.999999 
0.000292 -0.001519 0.999999 0.002552 0.000479 0.999997 0.002540 0.000492 0.999997 0.000248 -0.001468 0.999999 
0.000958 -0.004975 0.999987 0.000192 0.000036 1.000000 0.000161 0.000031 1.000000 0.000846 -0.004991 0.999987 
0.000847 -0.004403 0.999990 0.000772 0.000145 1.000000 0.000744 0.000145 1.000000 0.000746 -0.004403 0.999990 
0.001663 -0.008633 0.999961 0.000594 0.000112 1.000000 0.000541 0.000105 1.000000 0.001467 -0.008654 0.999961 
0.001838 -0.009541 0.999953 0.000478 0.000090 1.000000 0.000419 0.000081 1.000000 0.001622 -0.009567 0.999953 
0.002901 -0.015411 0.999877 -0.001885 -0.000346 0.999998 -0.001977 -0.000376 0.999998 0.002564 -0.015511 0.999876 
0.002782 -0.014794 0.999887 -0.001898 -0.000348 0.999998 -0.001986 -0.000377 0.999998 0.002458 -0.014892 0.999886 
0.002865 -0.015235 0.999880 -0.001549 -0.000284 0.999999 -0.001641 -0.000311 0.999999 0.002530 -0.015327 0.999879 
0.003900 -0.020740 0.999777 -0.001169 -0.000214 0.999999 -0.001294 -0.000246 0.999999 0.003441 -0.020845 0.999777 
0.005282 -0.028083 0.999592 -0.000846 -0.000155 1.000000 -0.001017 -0.000193 0.999999 0.004656 -0.028209 0.999591 
0.003607 -0.024285 0.999699 -0.000204 -0.000029 1.000000 -0.000353 -0.000053 1.000000 0.003065 -0.024361 0.999699 
0.001487 -0.016442 0.999864 0.000002 0.000000 1.000000 -0.000099 -0.000009 1.000000 0.001120 -0.016468 0.999864 
0.000866 -0.014350 0.999897 -0.000023 -0.000001 1.000000 -0.000111 -0.000007 1.000000 0.000545 -0.014364 0.999897 
0.001657 -0.024241 0.999705 0.000077 0.000005 1.000000 -0.000072 -0.000005 1.000000 0.001116 -0.024266 0.999705 
0.006908 -0.054666 0.998481 0.001454 0.000177 0.999999 0.001118 0.000143 0.999999 0.005682 -0.054766 0.998483 
