0.000468 -0.002435 0.999997 0.003206 0.000601 0.999995 0.003187 0.000618 0.999995 0.000401 -0.002373 0.999997 
0.000451 -0.002349 0.999997 0.003037 0.000570 0.999995 0.003019 0.000585 0.999995 0.000387 -0.002290 0.999997 
0.000368 -0.001912 0.999998 0.006076 0.001141 0.999981 0.006057 0.001176 0.999981 0.000302 -0.001783 0.999998 
0.000336 -0.001746 0.999998 0.005553 0.001043 0.999984 0.005536 0.001075 0.999984 0.000276 -0.001628 0.999999 
0.000347 -0.001810 0.999998 0.004074 0.000764 0.999991 0.004059 0.000787 0.999991 0.000292 -0.001725 0.999998 
0.000322 -0.001677 0.999999 0.003697 0.000693 0.999993 0.003682 0.000714 0.999993 0.000271 -0.001601 0.999999 
0.000302 -0.001570 0.999999 0.003349 0.000628 0.999994 0.003335 0.000647 0.999994 0.000254 -0.001501 0.999999 
0.000292 -0.001519 0.999999 0.002552 0.000479 0.999997 0.002540 0.000492 0.999997 0.000248 -0.001468 0.999999 
0.000958 -0.004975 0.999987 0.000192 0.000036 1.000000 0.000161 0.000031 1.000000 0.000846 -0.004991 0.999987 
0.000847 -0.004403 0.999990 0.000772 0.000145 1.000000 0.000744 0.000145 1.000000 0.000746 -0.004403 0.999990 
0.001663 -0.008633 0.999961 0.000594 0.000112 1.000000 0.000541 0.000105 1.000000 0.001467 -0.008654 0.999961 
0.001838 -0.009541 0.999953 0.000478 0.000090 1.000000 0.000419 0.000081 1.000000 0.001622 -0.009567 0.999953 
0.002650 -0.014075 0.999897 -0.000896 -0.000165 1.000000 -0.000981 -0.000186 1.000000 0.002338 -0.014149 0.999897 
0.002552 -0.013499 0.999906 -0.000753 -0.000139 1.000000 -0.000835 -0.000159 1.000000 0.002252 -0.013568 0.999905 
0.002646 -0.014001 0.999898 -0.000516 -0.000095 1.000000 -0.000601 -0.000115 1.000000 0.002335 -0.014066 0.999898 
0.003739 -0.019779 0.999797 -0.000237 -0.000044 1.000000 -0.000358 -0.000068 1.000000 0.003297 -0.019860 0.999797 
0.005220 -0.027614 0.999605 -0.000006 -0.000001 1.000000 -0.000175 -0.000033 1.000000 0.004602 -0.027720 0.999605 
0.003385 -0.022233 0.999747 0.000033 0.000005 1.000000 -0.000103 -0.000016 1.000000 0.002888 -0.022299 0.999747 
0.001122 -0.009805 0.999951 -0.000028 -0.000003 1.000000 -0.000088 -0.000010 1.000000 0.000903 -0.009827 0.999951 
0.000662 -0.007458 0.999972 -0.000054 -0.000005 1.000000 -0.000100 -0.000009 1.000000 0.000495 -0.007471 0.999972 
0.001583 -0.017521 0.999845 0.000104 0.000009 1.000000 -0.000004 -0.000000 1.000000 0.001191 -0.017547 0.999845 
0.007584 -0.051694 0.998634 0.000462 0.000066 1.000000 0.000146 0.000022 1.000000 0.006426 -0.051832 0.998635 
0.000953 0.000188 1.000000 -0.054101 0.021622 0.998301 -0.001730 -0.022604 0.999743 0.010087 -0.056350 0.998360 0.008791 0.020625 0.999749 
0.000868 0.000135 1.000000 -0.062607 0.027862 0.997649 -0.002792 -0.020641 0.999783 0.007307 -0.053219 0.998556 0.012054 0.024181 0.999635 
0.000830 0.000083 1.000000 -0.063314 0.032523 0.997464 -0.004084 -0.020776 0.999776 0.004486 -0.054771 0.998489 0.014080 0.024439 0.999602 
0.000812 0.000050 1.000000 -0.053163 0.029276 0.998157 -0.005643 -0.022410 0.999733 0.002641 -0.060531 0.998163 0.013023 0.020170 0.999712 
0.000800 0.000044 1.000000 -0.007020 -0.024944 0.999664 -0.041260 0.022842 0.998887 0.002531 -0.069185 0.997601 0.010574 0.015519 0.999824 
0.000782 0.000043 1.000000 -0.008067 -0.027482 0.999590 -0.031689 0.017376 0.999347 0.002804 -0.076661 0.997053 0.008234 0.011832 0.999896 
0.000781 0.000043 1.000000 -0.008832 -0.029972 0.999512 -0.025894 0.014122 0.999565 0.003055 -0.083543 0.996500 0.006756 0.009691 0.999930 
0.000793 0.000043 1.000000 -0.009631 -0.032679 0.999419 -0.020051 0.010909 0.999739 0.003325 -0.090960 0.995849 0.005262 0.007549 0.999958 
0.000834 0.000046 1.000000 -0.010479 -0.035466 0.999316 -0.013434 0.007293 0.999883 0.003629 -0.098422 0.995138 0.003545 0.005079 0.999981 
0.000725 0.000040 1.000000 -0.011407 -0.038288 0.999202 -0.005677 0.003071 0.999979 0.003945 -0.106355 0.994320 0.001545 0.002205 0.999996 
0.000777 0.000043 1.000000 -0.012316 -0.041081 0.999080 0.000070 -0.000038 1.000000 0.004239 -0.114333 0.993433 0.000132 0.000188 1.000000 
0.000829 0.000046 1.000000 -0.013077 -0.043375 0.998973 0.001190 -0.000641 0.999999 0.004508 -0.121674 0.992560 0.000051 0.000073 1.000000 
0.000884 0.000049 1.000000 -0.013675 -0.044815 0.998902 0.004469 -0.002400 0.999987 0.004778 -0.128977 0.991636 -0.000095 -0.000135 1.000000 
0.000954 0.000054 1.000000 -0.013916 -0.045572 0.998864 0.008378 -0.004469 0.999955 0.005164 -0.135462 0.990769 -0.000093 -0.000131 1.000000 
0.002427 0.000149 0.999997 -0.013973 -0.045773 0.998854 0.015204 -0.008018 0.999852 0.006057 -0.141120 0.989974 -0.000105 -0.000148 1.000000 
0.006459 0.000423 0.999979 -0.014330 -0.046944 0.998795 0.023105 -0.012043 0.999660 0.006803 -0.146834 0.989138 -0.000089 -0.000125 1.000000 
0.011295 0.000788 0.999936 -0.014718 -0.048143 0.998732 0.032166 -0.016556 0.999345 0.007589 -0.152430 0.988285 -0.000118 -0.000166 1.000000 
0.016655 0.001230 0.999861 -0.015109 -0.049411 0.998664 0.041425 -0.021056 0.998920 0.008349 -0.157765 0.987441 -0.000096 -0.000135 1.000000 
0.022979 0.001776 0.999734 -0.015635 -0.051101 0.998571 0.050962 -0.025634 0.998372 0.008996 -0.162961 0.986591 -0.000092 -0.000130 1.000000 
0.030137 0.002413 0.999543 -0.016282 -0.053140 0.998454 0.060819 -0.030342 0.997688 0.009513 -0.168150 0.985716 -0.000099 -0.000140 1.000000 
0.037293 0.003076 0.999300 -0.016898 -0.055089 0.998338 0.070704 -0.034988 0.996884 0.009964 -0.173170 0.984842 -0.000093 -0.000131 1.000000 
0.044523 0.003757 0.999001 -0.017503 -0.056987 0.998221 0.080892 -0.039738 0.995930 0.010317 -0.178299 0.983922 -0.000085 -0.000120 1.000000 
0.052153 0.004471 0.998629 -0.018163 -0.059039 0.998090 0.091307 -0.044605 0.994823 0.010555 -0.183613 0.982942 -0.000058 -0.000082 1.000000 
0.060300 0.005209 0.998167 -0.018913 -0.061355 0.997937 0.102021 -0.049658 0.993542 0.010633 -0.189159 0.981889 -0.000050 -0.000070 1.000000 
0.069003 0.005962 0.997599 -0.019747 -0.063907 0.997760 0.113107 -0.054960 0.992062 0.010542 -0.194992 0.980748 -0.000041 -0.000057 1.000000 
0.078387 0.006742 0.996900 -0.020626 -0.066565 0.997569 0.125124 -0.060788 0.990277 0.010305 -0.201145 0.979507 -0.000035 -0.000050 1.000000 
0.088732 0.007600 0.996027 -0.021630 -0.069594 0.997341 0.137862 -0.067022 0.988181 0.009978 -0.207677 0.978147 -0.000024 -0.000033 1.000000 
0.099834 0.008530 0.994968 -0.022741 -0.072925 0.997078 0.151283 -0.073608 0.985746 0.009580 -0.214646 0.976645 -0.000011 -0.000015 1.000000 
0.111596 0.009550 0.993708 -0.023941 -0.076492 0.996783 0.165455 -0.080530 0.982924 0.009140 -0.222056 0.974991 0.000002 0.000003 1.000000 
0.124016 0.010695 0.992223 -0.025217 -0.080253 0.996455 0.180451 -0.087772 0.979660 0.008685 -0.229841 0.973190 0.000015 0.000022 1.000000 
0.137035 0.011998 0.990494 -0.026581 -0.084236 0.996091 0.196351 -0.095311 0.975890 0.008237 -0.238221 0.971176 0.000029 0.000041 1.000000 
0.150594 0.013494 0.988504 -0.028052 -0.088494 0.995682 0.213262 -0.103132 0.971536 0.007799 -0.247484 0.968861 0.000035 0.000050 1.000000 
0.163649 0.015057 0.986404 -0.029564 -0.092825 0.995243 0.231065 -0.111114 0.966573 0.007321 -0.257961 0.966128 -0.000109 -0.000153 1.000000 
