0.000468 -0.002435 0.999997 0.003206 0.000601 0.999995 0.003187 0.000618 0.999995 0.000401 -0.002373 0.999997 
0.000451 -0.002349 0.999997 0.003037 0.000570 0.999995 0.003019 0.000585 0.999995 0.000387 -0.002290 0.999997 
0.000368 -0.001912 0.999998 0.006076 0.001141 0.999981 0.006057 0.001176 0.999981 0.000302 -0.001783 0.999998 
0.000336 -0.001746 0.999998 0.005553 0.001043 0.999984 0.005536 0.001075 0.999984 0.000276 -0.001628 0.999999 
0.000347 -0.001810 0.999998 0.004074 0.000764 0.999991 0.004059 0.000787 0.999991 0.000292 -0.001725 0.999998 
0.000322 -0.001677 0.999999 0.003697 0.000693 0.999993 0.003682 0.000714 0.999993 0.000271 -0.001601 0.999999 
0.000302 -0.001570 0.999999 0.003349 0.000628 0.999994 0.003335 0.000647 0.999994 0.000254 -0.001501 0.999999 
0.000292 -0.001519 0.999999 0.002552 0.000479 0.999997 0.002540 0.000492 0.999997 0.000248 -0.001468 0.999999 
0.000958 -0.004975 0.999987 0.000192 0.000036 1.000000 0.000161 0.000031 1.000000 0.000846 -0.004991 0.999987 
0.000847 -0.004403 0.999990 0.000772 0.000145 1.000000 0.000744 0.000145 1.000000 0.000746 -0.004403 0.999990 
0.001663 -0.008633 0.999961 0.000594 0.000112 1.000000 0.000541 0.000105 1.000000 0.001467 -0.008654 0.999961 
0.001838 -0.009541 0.999953 0.000478 0.000090 1.000000 0.000419 0.000081 1.000000 0.001622 -0.009567 0.999953 
0.002286 -0.011961 0.999926 -0.000170 -0.000032 1.000000 -0.000243 -0.000047 1.000000 0.002019 -0.012011 0.999926 
0.002156 -0.011281 0.999934 -0.000054 -0.000010 1.000000 -0.000123 -0.000024 1.000000 0.001904 -0.011326 0.999934 
0.002392 -0.012515 0.999919 0.000079 0.000015 1.000000 0.000003 0.000000 1.000000 0.002111 -0.012562 0.999919 
0.003644 -0.019070 0.999812 0.000126 0.000024 1.000000 0.000010 0.000002 1.000000 0.003217 -0.019141 0.999812 
0.005199 -0.027203 0.999616 0.000182 0.000034 1.000000 0.000015 0.000003 1.000000 0.004589 -0.027304 0.999617 
0.003197 -0.020289 0.999789 0.000125 0.000019 1.000000 0.000001 0.000000 1.000000 0.002743 -0.020349 0.999789 
0.001389 -0.013364 0.999910 0.000075 0.000007 1.000000 -0.000007 -0.000001 1.000000 0.001091 -0.013388 0.999910 
0.000970 -0.010698 0.999942 0.000068 0.000006 1.000000 0.000002 0.000000 1.000000 0.000731 -0.010714 0.999942 
0.001632 -0.017928 0.999838 0.000112 0.000010 1.000000 0.000002 0.000000 1.000000 0.001231 -0.017955 0.999838 
0.004379 -0.040072 0.999187 0.000258 0.000027 1.000000 0.000013 0.000001 1.000000 0.003483 -0.040148 0.999188 
0.006047 -0.058969 0.998241 0.000360 0.000035 1.000000 -0.000000 -0.000000 1.000000 0.004727 -0.059073 0.998243 
0.007926 -0.081503 0.996642 0.000500 0.000046 1.000000 0.000001 0.000000 1.000000 0.006099 -0.081637 0.996643 
-0.000800 -0.000093 1.000000 -0.003147 -0.008057 0.999963 -0.035471 0.015526 0.999250 0.008918 -0.091457 0.995769 0.020892 0.027144 0.999413 
-0.000603 -0.000075 1.000000 -0.008737 -0.021809 0.999724 -0.022053 0.009524 0.999711 0.009499 -0.089428 0.995948 0.009372 0.011790 0.999887 
-0.000410 -0.000050 1.000000 -0.011998 -0.029107 0.999504 -0.013705 0.005963 0.999888 0.009450 -0.090943 0.995811 0.003301 0.004038 0.999986 
-0.000216 -0.000026 1.000000 -0.013046 -0.031116 0.999431 -0.007361 0.003208 0.999968 0.009867 -0.097018 0.995234 0.001819 0.002196 0.999996 
-0.000013 -0.000002 1.000000 -0.014024 -0.033468 0.999341 -0.000868 0.000373 1.000000 0.010877 -0.103940 0.994524 0.000276 0.000334 1.000000 
0.000079 0.000010 1.000000 -0.014911 -0.035566 0.999256 0.000738 -0.000315 1.000000 0.011718 -0.111019 0.993749 0.000034 0.000041 1.000000 
0.000892 0.000112 1.000000 -0.015964 -0.038013 0.999150 0.003076 -0.001299 0.999994 0.012538 -0.117324 0.993015 -0.000526 -0.000635 1.000000 
0.002221 0.000282 0.999997 0.003876 -0.001617 0.999991 -0.000281 -0.000669 1.000000 -0.036893 -0.087580 0.995474 0.013404 -0.123523 0.992251 -0.000493 -0.000595 1.000000 
-0.038633 0.007716 0.999224 -0.009654 -0.023546 0.999676 0.021237 -0.008671 0.999737 -0.021958 -0.102496 0.994491 -0.014633 -0.018824 0.999716 
0.155626 -0.038468 0.987067 -0.039277 -0.108267 0.993346 0.007236 -0.003352 0.999968 -0.042947 -0.146170 0.988327 -0.001001 -0.001569 0.999998 
0.265496 -0.025068 0.963786 -0.059614 -0.165329 0.984435 0.002962 -0.001306 0.999995 -0.024243 -0.153566 0.987841 -0.002003 -0.003050 0.999993 
0.091994 0.002142 0.995757 -0.045750 -0.108599 0.993032 0.008356 -0.003688 0.999958 -0.000800 -0.124150 0.992263 -0.020242 -0.024486 0.999495 
0.006335 -0.023470 0.999704 0.016838 -0.007989 0.999826 -0.048246 -0.049695 0.997598 -0.056963 -0.016391 0.998242 0.010519 0.022095 0.999701 -0.091694 -0.189665 0.977558 
0.007756 -0.034704 0.999368 0.222971 0.056159 0.973206 -0.068855 -0.222096 0.972591 0.020931 -0.008860 0.999742 -0.017860 -0.020574 0.999629 
0.010393 -0.004738 0.999935 -0.141701 -0.337877 0.930462 0.261020 0.074935 0.962420 0.042389 -0.211095 0.976546 0.002965 0.002949 0.999991 
0.053491 -0.022111 0.998324 -0.004762 -0.011440 0.999923 -0.116118 -0.015260 0.993118 0.038338 -0.288729 0.956643 0.001703 0.001218 0.999998 
-0.012417 -0.032652 0.999390 -0.024793 -0.000101 0.999693 -0.012233 -0.286715 0.957938 0.103188 -0.038573 0.993914 0.029016 0.013732 0.999485 
-0.022043 -0.060317 0.997936 0.096985 -0.013807 0.995190 -0.007629 -0.221043 0.975234 0.196209 -0.068282 0.978182 0.077463 0.013452 0.996904 
-0.037146 -0.116407 0.992507 -0.012682 -0.086380 0.996182 0.302358 -0.082503 0.949617 0.111222 -0.008620 0.993758 0.301463 -0.074770 0.950542 0.153539 -0.043517 0.987184 
-0.006853 -0.031040 0.999495 0.211029 -0.077962 0.974366 0.366310 -0.066119 0.928141 -0.054255 -0.188008 0.980668 0.377764 -0.065365 0.923592 0.380508 -0.075125 0.921721 -0.060224 0.011414 0.998120 
-0.070210 -0.256047 0.964111 0.001575 0.004772 0.999987 0.222561 -0.053155 0.973469 0.428717 -0.046341 0.902250 0.250870 -0.107770 0.962003 
-0.084800 -0.302020 0.949522 0.001707 0.004250 0.999990 0.252872 -0.069197 0.965022 0.470869 -0.031440 0.881643 0.280502 -0.130111 0.950994 
-0.097179 -0.330280 0.938867 0.001969 0.004830 0.999986 0.286823 -0.083473 0.954340 0.511225 -0.018108 0.859256 0.313554 -0.149356 0.937751 
-0.106268 -0.342104 0.933634 -0.001298 -0.003246 0.999994 0.318422 -0.090625 0.943607 0.555883 -0.005257 0.831244 0.340462 -0.155563 0.927300 
-0.112825 -0.356648 0.927401 -0.000562 -0.001449 0.999999 0.348746 -0.096374 0.932249 0.584939 0.013167 0.810970 0.371074 -0.164645 0.913891 
-0.116662 -0.364179 0.923993 -0.001404 -0.003719 0.999992 0.371511 -0.099665 0.923064 0.611107 0.031116 0.790936 0.391647 -0.168853 0.904490 
0.407555 -0.168582 0.897485 0.390527 -0.100019 0.915142 -0.001657 -0.004543 0.999988 -0.119414 -0.363019 0.924098 0.640125 0.046195 0.766880 
0.419508 -0.166349 0.892380 0.404047 -0.098099 0.909463 -0.001442 -0.004092 0.999991 -0.120258 -0.362653 0.924132 0.660068 0.061036 0.748723 
0.429271 -0.163680 0.888220 0.414335 -0.095259 0.905126 -0.001482 -0.004334 0.999990 -0.120136 -0.365006 0.923221 0.672495 0.076584 0.736128 
0.438686 -0.161400 0.884027 0.424472 -0.092813 0.900672 -0.001569 -0.004707 0.999988 -0.120098 -0.364819 0.923300 0.683996 0.088691 0.724075 
0.449056 -0.160380 0.878992 0.435665 -0.091402 0.895456 -0.001672 -0.005128 0.999985 -0.121394 -0.364780 0.923146 0.696500 0.101551 0.710335 
0.459590 -0.160145 0.873573 0.447256 -0.090681 0.889797 -0.002162 -0.006752 0.999975 -0.123318 -0.364303 0.923080 0.708830 0.114198 0.696074 
