0.000468 -0.002435 0.999997 0.003206 0.000601 0.999995 0.003187 0.000618 0.999995 0.000401 -0.002373 0.999997 
0.000346 -0.001800 0.999998 0.001772 0.000332 0.999998 0.001759 0.000341 0.999998 0.000299 -0.001768 0.999998 
0.000415 -0.002161 0.999998 0.000540 0.000101 1.000000 0.000526 0.000102 1.000000 0.000364 -0.002157 0.999998 
0.000623 -0.003242 0.999995 0.000953 0.000179 1.000000 0.000932 0.000181 1.000000 0.000547 -0.003233 0.999995 
0.000556 -0.002896 0.999996 0.000008 0.000002 1.000000 -0.000009 -0.000002 1.000000 0.000492 -0.002907 0.999996 
0.000677 -0.003517 0.999994 0.001963 0.000369 0.999998 0.001939 0.000377 0.999998 0.000591 -0.003486 0.999994 
0.000620 -0.003219 0.999995 0.001784 0.000335 0.999998 0.001762 0.000342 0.999998 0.000541 -0.003192 0.999995 
0.001620 -0.008383 0.999964 0.003439 0.000649 0.999994 0.003384 0.000660 0.999994 0.001420 -0.008338 0.999964 
0.001799 -0.009324 0.999955 0.001547 0.000292 0.999999 0.001489 0.000290 0.999999 0.001585 -0.009326 0.999955 
0.001595 -0.008261 0.999965 0.002018 0.000380 0.999998 0.001965 0.000383 0.999998 0.001402 -0.008248 0.999965 
0.002128 -0.011037 0.999937 -0.001455 -0.000274 0.999999 -0.001521 -0.000296 0.999999 0.001887 -0.011112 0.999936 
0.002404 -0.012450 0.999920 0.001420 0.000268 0.999999 0.001342 0.000262 0.999999 0.002120 -0.012467 0.999920 
0.002875 -0.014880 0.999885 0.001898 0.000358 0.999998 0.001804 0.000352 0.999998 0.002535 -0.014896 0.999886 
0.002615 -0.013536 0.999905 0.001713 0.000323 0.999998 0.001628 0.000318 0.999999 0.002306 -0.013550 0.999906 
0.002690 -0.013936 0.999899 0.000601 0.000113 1.000000 0.000515 0.000100 1.000000 0.002376 -0.013977 0.999899 
