0.003340 0.006209 0.999975 0.001650 -0.000897 0.999998 0.001693 -0.000907 0.999998 0.003498 0.006168 0.999975 
0.003486 0.006483 0.999973 0.003899 -0.002119 0.999990 0.003952 -0.002116 0.999990 0.003678 0.006489 0.999972 
0.003952 0.007354 0.999965 0.005186 -0.002817 0.999983 0.005248 -0.002809 0.999982 0.004180 0.007377 0.999964 
0.003572 0.006647 0.999972 0.004662 -0.002532 0.999986 0.004719 -0.002525 0.999986 0.003777 0.006667 0.999971 
0.003227 0.006004 0.999977 0.004174 -0.002267 0.999989 0.004225 -0.002261 0.999989 0.003412 0.006022 0.999976 
0.002922 0.005437 0.999981 0.003743 -0.002033 0.999991 0.003788 -0.002028 0.999991 0.003089 0.005452 0.999980 
0.002655 0.004940 0.999984 0.003361 -0.001825 0.999993 0.003402 -0.001821 0.999993 0.002806 0.004953 0.999984 
0.002431 0.004524 0.999987 0.003024 -0.001642 0.999994 0.003061 -0.001638 0.999994 0.002569 0.004535 0.999986 
0.002523 0.004695 0.999986 0.002716 -0.001475 0.999995 0.002754 -0.001474 0.999995 0.002661 0.004697 0.999985 
0.003783 0.007038 0.999968 0.002437 -0.001323 0.999996 0.002488 -0.001332 0.999996 0.003969 0.007005 0.999968 
0.003624 0.006726 0.999971 0.002167 -0.001180 0.999997 0.002216 -0.001189 0.999997 0.003800 0.006690 0.999970 
0.003312 0.006146 0.999976 0.001955 -0.001064 0.999998 0.001999 -0.001073 0.999997 0.003472 0.006113 0.999975 
0.003166 0.005876 0.999978 0.001745 -0.000950 0.999998 0.001786 -0.000959 0.999998 0.003318 0.005842 0.999977 
0.004316 0.008009 0.999959 0.001537 -0.000837 0.999998 0.001591 -0.000854 0.999998 0.004512 0.007944 0.999958 
0.007450 0.013826 0.999877 0.001367 -0.000744 0.999999 0.001456 -0.000781 0.999999 0.007772 0.013684 0.999876 
0.001392 0.002343 0.999996 0.003111 -0.001867 0.999993 0.003137 -0.001856 0.999993 0.001486 0.002380 0.999996 
0.001098 0.001588 0.999998 0.008114 -0.005664 0.999951 0.008159 -0.005621 0.999951 0.001263 0.001742 0.999998 
0.008617 0.011678 0.999895 0.002567 -0.001912 0.999995 0.002650 -0.001948 0.999995 0.008918 0.011537 0.999894 
0.014595 0.019138 0.999710 0.000813 -0.000625 0.999999 0.000934 -0.000709 0.999999 0.015030 0.018823 0.999710 
0.007744 0.010193 0.999918 0.000687 -0.000527 1.000000 0.000753 -0.000570 1.000000 0.007981 0.010032 0.999918 
0.000348 -0.000276 1.000000 0.086006 0.022723 0.996035 -0.001182 -0.034310 0.999411 0.004820 0.005784 0.999972 0.001317 -0.004544 0.999989 0.000026 0.001813 0.999998 
-0.000187 0.000146 1.000000 0.032492 0.007822 0.999441 -0.000395 -0.011303 0.999936 0.004144 0.005046 0.999979 0.000955 -0.003586 0.999993 0.000025 0.001969 0.999998 
0.000628 -0.000484 1.000000 0.003448 0.000755 0.999994 0.000039 0.000809 1.000000 0.003251 0.004015 0.999987 0.001027 -0.004201 0.999991 0.000047 0.001927 0.999998 
0.000007 -0.000005 1.000000 0.002692 0.000579 0.999996 -0.000032 -0.000633 1.000000 -0.000038 -0.000047 1.000000 0.000996 -0.004145 0.999991 0.000048 0.001800 0.999998 
0.000025 -0.000019 1.000000 0.004387 0.000903 0.999990 -0.000157 -0.003035 0.999995 -0.000041 -0.000051 1.000000 0.002341 -0.010131 0.999946 0.000043 0.001629 0.999999 
0.000040 -0.000031 1.000000 0.011949 0.002382 0.999926 -0.000511 -0.009688 0.999953 -0.000051 -0.000064 1.000000 0.004960 -0.022122 0.999743 0.000028 0.001066 0.999999 
0.000842 -0.000649 0.999999 0.016250 0.003198 0.999863 -0.001075 -0.019540 0.999808 -0.000744 -0.000919 0.999999 0.008155 -0.036856 0.999287 -0.000120 -0.004156 0.999991 
0.000757 -0.000583 1.000000 0.014491 0.002798 0.999891 -0.001791 -0.030324 0.999539 -0.000666 -0.000824 0.999999 0.010934 -0.050299 0.998674 -0.000451 -0.013589 0.999908 
0.000691 -0.000532 1.000000 0.011825 0.002255 0.999928 -0.002497 -0.040034 0.999195 -0.000610 -0.000754 1.000000 0.012989 -0.060413 0.998089 -0.000850 -0.023145 0.999732 
0.000643 -0.000495 1.000000 0.010012 0.001924 0.999948 -0.003005 -0.047635 0.998860 -0.000573 -0.000708 1.000000 0.014497 -0.066944 0.997651 -0.001166 -0.030792 0.999525 
0.001411 -0.001087 0.999998 0.007624 0.001500 0.999970 -0.003311 -0.052905 0.998594 -0.000565 -0.000699 1.000000 0.015785 -0.071331 0.997328 -0.001406 -0.036959 0.999316 
0.003353 -0.002581 0.999991 0.005626 0.001132 0.999984 -0.003465 -0.055986 0.998426 -0.000595 -0.000735 1.000000 0.016706 -0.073944 0.997122 -0.001578 -0.041553 0.999135 
0.006015 -0.004607 0.999971 0.003493 0.000719 0.999994 -0.003523 -0.057249 0.998354 -0.000671 -0.000833 0.999999 0.017281 -0.074861 0.997044 -0.001723 -0.045037 0.998984 
0.008505 -0.006461 0.999943 0.001616 0.000342 0.999999 -0.003419 -0.056844 0.998377 -0.000767 -0.000961 0.999999 0.017560 -0.074126 0.997094 -0.001757 -0.046860 0.998900 
0.010111 -0.007626 0.999920 0.001022 0.000222 0.999999 -0.003175 -0.055420 0.998458 -0.000850 -0.001072 0.999999 0.017558 -0.072370 0.997223 -0.001635 -0.046746 0.998905 
0.010166 -0.007643 0.999919 0.001930 0.000427 0.999998 -0.002891 -0.053773 0.998549 -0.000873 -0.001105 0.999999 0.017285 -0.070166 0.997386 -0.001415 -0.045011 0.998985 
0.009068 -0.006817 0.999936 0.004233 0.000941 0.999991 -0.002620 -0.051900 0.998649 -0.000809 -0.001024 0.999999 0.016814 -0.067923 0.997549 -0.001166 -0.041846 0.999123 
0.007289 -0.005480 0.999958 0.005985 0.001330 0.999981 -0.002415 -0.049491 0.998772 -0.000725 -0.000917 0.999999 0.016173 -0.065394 0.997728 -0.000986 -0.038091 0.999274 
0.004860 -0.003654 0.999982 0.007504 0.001661 0.999970 -0.002213 -0.046371 0.998922 -0.000619 -0.000784 1.000000 0.015327 -0.062237 0.997944 -0.000822 -0.033490 0.999439 
0.001784 -0.001341 0.999998 0.009100 0.002004 0.999957 -0.001980 -0.042507 0.999094 -0.000560 -0.000709 1.000000 0.014262 -0.058208 0.998203 -0.000642 -0.027881 0.999611 
0.000390 -0.000293 1.000000 0.010459 0.002293 0.999943 -0.001678 -0.036845 0.999320 -0.000470 -0.000595 1.000000 0.012989 -0.053240 0.998497 -0.000467 -0.021543 0.999768 
0.000338 -0.000254 1.000000 0.011222 0.002454 0.999934 -0.001352 -0.029814 0.999555 -0.000399 -0.000505 1.000000 0.011417 -0.046891 0.998835 -0.000322 -0.015035 0.999887 
0.000342 -0.000257 1.000000 0.011688 0.002551 0.999928 -0.001018 -0.022224 0.999753 -0.000110 -0.000139 1.000000 0.009649 -0.039683 0.999166 -0.000183 -0.008403 0.999965 
0.002914 -0.002190 0.999993 0.011434 0.002501 0.999931 -0.000626 -0.013229 0.999912 0.001295 0.001640 0.999998 0.007760 -0.031841 0.999463 -0.000062 -0.002639 0.999997 
0.002665 -0.002002 0.999994 0.005846 0.001290 0.999982 -0.000352 -0.007468 0.999972 0.001146 0.001451 0.999998 0.005203 -0.021162 0.999763 -0.000038 -0.001583 0.999999 
0.002235 -0.001677 0.999996 0.001169 0.000262 0.999999 -0.000215 -0.004595 0.999989 0.001837 0.002329 0.999996 0.003981 -0.015931 0.999865 -0.000050 -0.002081 0.999998 
0.004492 -0.003365 0.999984 -0.000156 -0.000035 1.000000 -0.000114 -0.002442 0.999997 0.003030 0.003849 0.999988 0.002962 -0.011728 0.999927 -0.000081 -0.003305 0.999995 
0.004997 -0.003743 0.999981 -0.000201 -0.000046 1.000000 -0.000080 -0.001706 0.999999 0.003568 0.004532 0.999983 0.002569 -0.010090 0.999946 -0.000087 -0.003503 0.999994 
0.006142 -0.004601 0.999971 -0.000496 -0.000115 1.000000 -0.000055 -0.001176 0.999999 0.004525 0.005748 0.999973 0.002594 -0.010075 0.999946 -0.000104 -0.004121 0.999992 
0.005156 -0.003862 0.999979 -0.000459 -0.000107 1.000000 -0.000069 -0.001476 0.999999 0.004174 0.005303 0.999977 0.002634 -0.010187 0.999945 -0.000093 -0.003693 0.999993 
0.005403 -0.004044 0.999977 -0.000543 -0.000128 1.000000 -0.000079 -0.001703 0.999999 0.004226 0.005372 0.999977 0.002828 -0.010849 0.999937 -0.000100 -0.003951 0.999992 
0.004888 -0.003659 0.999981 -0.000482 -0.000113 1.000000 -0.000093 -0.002012 0.999998 0.003809 0.004841 0.999981 0.003016 -0.011564 0.999929 -0.000090 -0.003579 0.999994 
0.004417 -0.003306 0.999985 -0.000423 -0.000100 1.000000 -0.000112 -0.002415 0.999997 0.003419 0.004345 0.999985 0.003303 -0.012660 0.999914 -0.000082 -0.003241 0.999995 
0.003986 -0.002984 0.999988 -0.000374 -0.000088 1.000000 -0.000133 -0.002866 0.999996 0.003069 0.003901 0.999988 0.003647 -0.013977 0.999896 -0.000074 -0.002936 0.999996 
0.003173 -0.002375 0.999992 -0.000331 -0.000078 1.000000 -0.000155 -0.003341 0.999994 0.002980 0.003789 0.999988 0.003916 -0.015026 0.999879 -0.000067 -0.002649 0.999996 
0.006075 -0.004550 0.999971 -0.000452 -0.000106 1.000000 -0.000176 -0.003753 0.999993 0.001208 0.001535 0.999998 0.004269 -0.016417 0.999856 -0.000091 -0.003566 0.999994 
0.005841 -0.004375 0.999973 -0.000633 -0.000148 1.000000 -0.000189 -0.004010 0.999992 0.001151 0.001463 0.999998 0.004387 -0.016945 0.999847 -0.000094 -0.003630 0.999993 
0.005267 -0.003944 0.999978 -0.000703 -0.000163 1.000000 -0.000199 -0.004183 0.999991 0.001022 0.001298 0.999999 0.004474 -0.017368 0.999839 -0.000087 -0.003355 0.999994 
0.004557 -0.003412 0.999984 -0.000749 -0.000173 1.000000 -0.000207 -0.004335 0.999991 0.001621 0.002060 0.999997 0.004534 -0.017658 0.999834 -0.000087 -0.003346 0.999994 
0.004124 -0.003088 0.999987 -0.000865 -0.000200 1.000000 -0.000212 -0.004428 0.999990 0.001471 0.001869 0.999997 0.004578 -0.017874 0.999830 -0.000082 -0.003130 0.999995 
0.003740 -0.002800 0.999989 -0.000860 -0.000198 1.000000 -0.000219 -0.004560 0.999990 0.001343 0.001707 0.999998 0.004674 -0.018271 0.999822 -0.000076 -0.002887 0.999996 
0.003393 -0.002541 0.999991 -0.000817 -0.000188 1.000000 -0.000221 -0.004599 0.999989 0.001228 0.001561 0.999998 0.004686 -0.018326 0.999821 -0.000070 -0.002646 0.999996 
0.003788 -0.002835 0.999989 -0.000533 -0.000123 1.000000 -0.000218 -0.004547 0.999990 0.001436 0.001824 0.999997 0.004685 -0.018317 0.999821 -0.000073 -0.002777 0.999996 
0.003437 -0.002573 0.999991 -0.000353 -0.000081 1.000000 -0.000219 -0.004563 0.999990 0.001317 0.001674 0.999998 0.004679 -0.018289 0.999822 -0.000065 -0.002469 0.999997 
0.003121 -0.002336 0.999992 -0.000307 -0.000071 1.000000 -0.000220 -0.004584 0.999989 0.001205 0.001532 0.999998 0.004676 -0.018278 0.999822 -0.000059 -0.002245 0.999997 
0.004078 -0.003052 0.999987 -0.000266 -0.000061 1.000000 -0.000212 -0.004408 0.999990 0.001860 0.002364 0.999995 0.004722 -0.018445 0.999819 -0.000075 -0.002818 0.999996 
0.004318 -0.003233 0.999985 -0.000273 -0.000063 1.000000 -0.000217 -0.004497 0.999990 0.001188 0.001509 0.999998 0.004756 -0.018577 0.999816 -0.000072 -0.002706 0.999996 
0.004835 -0.003621 0.999982 -0.000239 -0.000055 1.000000 -0.000228 -0.004711 0.999989 0.001214 0.001542 0.999998 0.004894 -0.019109 0.999805 -0.000082 -0.003077 0.999995 
0.004381 -0.003281 0.999985 -0.000198 -0.000046 1.000000 -0.000230 -0.004763 0.999989 0.001112 0.001412 0.999998 0.004912 -0.019179 0.999804 -0.000074 -0.002794 0.999996 
0.003971 -0.002974 0.999988 -0.000162 -0.000037 1.000000 -0.000231 -0.004777 0.999989 0.001030 0.001309 0.999999 0.004899 -0.019131 0.999805 -0.000068 -0.002541 0.999997 
0.005418 -0.004060 0.999977 -0.000122 -0.000028 1.000000 -0.000243 -0.005018 0.999987 -0.000234 -0.000297 1.000000 0.004915 -0.019182 0.999804 -0.000081 -0.003004 0.999995 
0.004909 -0.003679 0.999981 -0.000085 -0.000020 1.000000 -0.000243 -0.005010 0.999987 -0.000192 -0.000243 1.000000 0.004902 -0.019129 0.999805 -0.000073 -0.002728 0.999996 
0.006027 -0.004517 0.999972 -0.000086 -0.000020 1.000000 -0.000232 -0.004773 0.999989 0.000454 0.000576 1.000000 0.004907 -0.019142 0.999805 -0.000092 -0.003382 0.999994 
0.005420 -0.004062 0.999977 -0.000068 -0.000016 1.000000 -0.000236 -0.004836 0.999988 0.000405 0.000515 1.000000 0.004919 -0.019191 0.999804 -0.000083 -0.003067 0.999995 
0.004875 -0.003654 0.999981 -0.000054 -0.000012 1.000000 -0.000237 -0.004868 0.999988 0.000364 0.000462 1.000000 0.004910 -0.019154 0.999804 -0.000076 -0.002783 0.999996 
0.003547 -0.002658 0.999990 -0.000047 -0.000011 1.000000 -0.000243 -0.004988 0.999988 0.000985 0.001250 0.999999 0.004881 -0.019042 0.999807 -0.000068 -0.002492 0.999997 
0.002720 -0.002039 0.999994 -0.000054 -0.000013 1.000000 -0.000257 -0.005278 0.999986 0.000932 0.001184 0.999999 0.004957 -0.019338 0.999801 -0.000061 -0.002249 0.999997 
0.002111 -0.001582 0.999997 -0.000061 -0.000014 1.000000 -0.000263 -0.005417 0.999985 0.000680 0.000863 0.999999 0.004931 -0.019239 0.999803 -0.000053 -0.001981 0.999998 
0.004151 -0.003111 0.999987 -0.000083 -0.000019 1.000000 -0.000238 -0.004883 0.999988 0.001738 0.002207 0.999996 0.004912 -0.019158 0.999804 -0.000083 -0.003044 0.999995 
0.003773 -0.002827 0.999989 -0.000068 -0.000016 1.000000 -0.000240 -0.004910 0.999988 0.001599 0.002029 0.999997 0.004928 -0.019205 0.999803 -0.000076 -0.002776 0.999996 
0.003429 -0.002570 0.999991 -0.000055 -0.000013 1.000000 -0.000240 -0.004914 0.999988 0.001473 0.001870 0.999997 0.004921 -0.019180 0.999804 -0.000069 -0.002532 0.999997 
0.003116 -0.002335 0.999992 -0.000045 -0.000010 1.000000 -0.000239 -0.004897 0.999988 0.001352 0.001717 0.999998 0.004894 -0.019075 0.999806 -0.000063 -0.002307 0.999997 
0.005915 -0.004437 0.999973 -0.000059 -0.000014 1.000000 -0.000241 -0.004920 0.999988 0.000077 0.000098 1.000000 0.004886 -0.019043 0.999807 -0.000092 -0.003328 0.999994 
0.005352 -0.004015 0.999978 -0.000037 -0.000008 1.000000 -0.000242 -0.004929 0.999988 0.000085 0.000108 1.000000 0.004882 -0.019025 0.999807 -0.000083 -0.003021 0.999995 
0.005460 -0.004096 0.999977 0.000003 0.000001 1.000000 -0.000241 -0.004902 0.999988 0.001055 0.001338 0.999999 0.004906 -0.019112 0.999805 -0.000096 -0.003456 0.999994 
0.006226 -0.004671 0.999970 -0.000011 -0.000003 1.000000 -0.000237 -0.004789 0.999989 0.001759 0.002231 0.999996 0.004940 -0.019239 0.999803 -0.000114 -0.004052 0.999992 
0.005634 -0.004227 0.999975 0.000000 0.000000 1.000000 -0.000240 -0.004864 0.999988 0.001608 0.002039 0.999997 0.004983 -0.019408 0.999799 -0.000103 -0.003679 0.999993 
0.005103 -0.003828 0.999980 0.000013 0.000003 1.000000 -0.000243 -0.004920 0.999988 0.001476 0.001872 0.999997 0.005013 -0.019527 0.999797 -0.000094 -0.003343 0.999994 
0.004626 -0.003470 0.999983 0.000024 0.000006 1.000000 -0.000246 -0.004968 0.999988 0.001357 0.001721 0.999998 0.005038 -0.019625 0.999795 -0.000085 -0.003040 0.999995 
0.004724 -0.003544 0.999983 0.000024 0.000006 1.000000 -0.000239 -0.004820 0.999988 0.001616 0.002050 0.999997 0.005020 -0.019551 0.999796 -0.000086 -0.003070 0.999995 
0.004256 -0.003192 0.999986 0.000026 0.000006 1.000000 -0.000239 -0.004834 0.999988 0.001460 0.001852 0.999997 0.004988 -0.019428 0.999799 -0.000078 -0.002786 0.999996 
0.003611 -0.002708 0.999990 0.000029 0.000007 1.000000 -0.000244 -0.004932 0.999988 0.001385 0.001756 0.999997 0.004954 -0.019298 0.999802 -0.000071 -0.002538 0.999997 
0.003280 -0.002460 0.999992 0.000028 0.000006 1.000000 -0.000243 -0.004911 0.999988 0.001275 0.001618 0.999998 0.004923 -0.019177 0.999804 -0.000065 -0.002313 0.999997 
0.002986 -0.002239 0.999993 0.000026 0.000006 1.000000 -0.000237 -0.004790 0.999988 0.001597 0.002026 0.999997 0.004895 -0.019065 0.999806 -0.000062 -0.002195 0.999998 
0.007216 -0.005414 0.999959 0.000009 0.000002 1.000000 -0.000226 -0.004530 0.999990 0.001507 0.001911 0.999997 0.005136 -0.019993 0.999787 -0.000114 -0.003964 0.999992 
0.005819 -0.004366 0.999974 0.000020 0.000005 1.000000 -0.000240 -0.004796 0.999988 0.001786 0.002266 0.999996 0.005172 -0.020130 0.999784 -0.000102 -0.003566 0.999994 
0.005233 -0.003926 0.999979 0.000029 0.000007 1.000000 -0.000244 -0.004880 0.999988 0.001613 0.002046 0.999997 0.005183 -0.020174 0.999783 -0.000093 -0.003235 0.999995 
0.003890 -0.002918 0.999988 0.000030 0.000007 1.000000 -0.000250 -0.005013 0.999987 0.002135 0.002708 0.999994 0.005156 -0.020067 0.999785 -0.000083 -0.002905 0.999996 
0.003533 -0.002650 0.999990 0.000032 0.000007 1.000000 -0.000250 -0.005001 0.999987 0.001956 0.002481 0.999995 0.005123 -0.019939 0.999788 -0.000076 -0.002646 0.999996 
0.004621 -0.003466 0.999983 0.000008 0.000002 1.000000 -0.000246 -0.004916 0.999988 0.001296 0.001644 0.999998 0.005110 -0.019888 0.999789 -0.000083 -0.002880 0.999996 
0.003412 -0.002559 0.999991 0.000015 0.000003 1.000000 -0.000252 -0.005041 0.999987 0.001749 0.002219 0.999996 0.005081 -0.019775 0.999792 -0.000074 -0.002584 0.999997 
0.003101 -0.002326 0.999992 0.000014 0.000003 1.000000 -0.000251 -0.005019 0.999987 0.001612 0.002045 0.999997 0.005050 -0.019654 0.999794 -0.000068 -0.002357 0.999997 
0.006331 -0.004750 0.999969 -0.000013 -0.000003 1.000000 -0.000220 -0.004362 0.999990 0.002331 0.002956 0.999993 0.005032 -0.019575 0.999796 -0.000111 -0.003791 0.999993 
0.005341 -0.004007 0.999978 -0.000003 -0.000001 1.000000 -0.000231 -0.004574 0.999990 0.002261 0.002868 0.999993 0.005036 -0.019587 0.999795 -0.000100 -0.003436 0.999994 
0.006623 -0.004972 0.999966 -0.000003 -0.000001 1.000000 -0.000230 -0.004524 0.999990 0.002156 0.002732 0.999994 0.005143 -0.019996 0.999787 -0.000116 -0.003928 0.999992 
0.005963 -0.004477 0.999972 0.000013 0.000003 1.000000 -0.000236 -0.004645 0.999989 0.001952 0.002474 0.999995 0.005170 -0.020100 0.999785 -0.000106 -0.003563 0.999994 
0.006370 -0.004782 0.999968 0.000003 0.000001 1.000000 -0.000232 -0.004542 0.999990 0.003328 0.004218 0.999986 0.005256 -0.020428 0.999778 -0.000126 -0.004219 0.999991 
0.005742 -0.004311 0.999974 0.000012 0.000003 1.000000 -0.000238 -0.004669 0.999989 0.003004 0.003807 0.999988 0.005281 -0.020526 0.999775 -0.000115 -0.003827 0.999993 
0.005173 -0.003884 0.999979 0.000022 0.000005 1.000000 -0.000243 -0.004757 0.999989 0.002716 0.003441 0.999990 0.005280 -0.020520 0.999775 -0.000104 -0.003472 0.999994 
0.005214 -0.003915 0.999979 0.000004 0.000001 1.000000 -0.000245 -0.004808 0.999988 0.002060 0.002611 0.999994 0.005257 -0.020434 0.999777 -0.000098 -0.003283 0.999995 
0.004699 -0.003529 0.999983 0.000011 0.000003 1.000000 -0.000248 -0.004855 0.999988 0.001870 0.002370 0.999995 0.005235 -0.020346 0.999779 -0.000089 -0.002982 0.999996 
0.003971 -0.002981 0.999988 0.000016 0.000004 1.000000 -0.000254 -0.004983 0.999988 0.001776 0.002251 0.999996 0.005204 -0.020227 0.999782 -0.000081 -0.002708 0.999996 
0.003598 -0.002702 0.999990 0.000016 0.000004 1.000000 -0.000254 -0.004983 0.999988 0.001623 0.002056 0.999997 0.005173 -0.020106 0.999784 -0.000074 -0.002464 0.999997 
0.003260 -0.002448 0.999992 0.000016 0.000004 1.000000 -0.000254 -0.004984 0.999988 0.001481 0.001877 0.999997 0.005143 -0.019993 0.999787 -0.000067 -0.002243 0.999997 
0.004534 -0.003405 0.999984 -0.000011 -0.000003 1.000000 -0.000236 -0.004592 0.999989 0.003118 0.003951 0.999987 0.005117 -0.019886 0.999789 -0.000100 -0.003315 0.999995 
0.004112 -0.003088 0.999987 -0.000021 -0.000005 1.000000 -0.000240 -0.004667 0.999989 0.002832 0.003588 0.999990 0.005125 -0.019916 0.999789 -0.000092 -0.003026 0.999995 
0.005755 -0.004322 0.999974 -0.000043 -0.000010 1.000000 -0.000239 -0.004631 0.999989 0.002137 0.002708 0.999994 0.005131 -0.019931 0.999788 -0.000110 -0.003591 0.999994 
0.004527 -0.003399 0.999984 -0.000035 -0.000008 1.000000 -0.000248 -0.004826 0.999988 0.002417 0.003062 0.999992 0.005139 -0.019962 0.999788 -0.000099 -0.003239 0.999995 
0.004079 -0.003063 0.999987 -0.000029 -0.000007 1.000000 -0.000250 -0.004861 0.999988 0.002205 0.002793 0.999994 0.005124 -0.019904 0.999789 -0.000090 -0.002944 0.999996 
0.003696 -0.002775 0.999989 -0.000024 -0.000005 1.000000 -0.000251 -0.004870 0.999988 0.002008 0.002544 0.999995 0.005096 -0.019798 0.999791 -0.000082 -0.002678 0.999996 
0.003350 -0.002516 0.999991 -0.000019 -0.000004 1.000000 -0.000251 -0.004872 0.999988 0.001830 0.002318 0.999996 0.005067 -0.019683 0.999793 -0.000074 -0.002435 0.999997 
0.006302 -0.004735 0.999969 -0.000049 -0.000011 1.000000 -0.000257 -0.004957 0.999988 0.000844 0.001069 0.999999 0.005185 -0.020134 0.999784 -0.000112 -0.003613 0.999993 
0.006938 -0.005213 0.999962 -0.000069 -0.000016 1.000000 -0.000250 -0.004799 0.999988 0.001997 0.002529 0.999995 0.005225 -0.020283 0.999781 -0.000134 -0.004288 0.999991 
0.006014 -0.004518 0.999972 -0.000056 -0.000013 1.000000 -0.000262 -0.005036 0.999987 0.001840 0.002330 0.999996 0.005285 -0.020515 0.999776 -0.000121 -0.003891 0.999992 
0.006366 -0.004783 0.999968 -0.000045 -0.000011 1.000000 -0.000270 -0.005170 0.999987 0.001707 0.002161 0.999996 0.005352 -0.020773 0.999770 -0.000128 -0.004098 0.999992 
0.005739 -0.004311 0.999974 -0.000029 -0.000007 1.000000 -0.000274 -0.005260 0.999986 0.001547 0.001959 0.999997 0.005392 -0.020931 0.999766 -0.000116 -0.003719 0.999993 
0.004895 -0.003677 0.999981 -0.000021 -0.000005 1.000000 -0.000281 -0.005386 0.999985 0.001547 0.001960 0.999997 0.005390 -0.020932 0.999766 -0.000106 -0.003386 0.999994 
0.003881 -0.002915 0.999988 -0.000025 -0.000006 1.000000 -0.000284 -0.005457 0.999985 0.001825 0.002312 0.999996 0.005350 -0.020780 0.999770 -0.000096 -0.003073 0.999995 
0.003529 -0.002650 0.999990 -0.000022 -0.000005 1.000000 -0.000282 -0.005409 0.999985 0.001685 0.002134 0.999996 0.005309 -0.020620 0.999773 -0.000087 -0.002802 0.999996 
0.003214 -0.002414 0.999992 -0.000042 -0.000010 1.000000 -0.000280 -0.005364 0.999986 0.001559 0.001975 0.999997 0.005270 -0.020471 0.999777 -0.000080 -0.002569 0.999997 
0.002325 -0.001747 0.999996 -0.000163 -0.000038 1.000000 -0.000290 -0.005564 0.999984 0.001189 0.001507 0.999998 0.005230 -0.020321 0.999780 -0.000069 -0.002226 0.999998 
0.002038 -0.001531 0.999997 -0.000300 -0.000070 1.000000 -0.000287 -0.005510 0.999985 0.001173 0.001486 0.999998 0.005193 -0.020175 0.999783 -0.000065 -0.002103 0.999998 
0.001856 -0.001394 0.999997 -0.000491 -0.000114 1.000000 -0.000284 -0.005456 0.999985 0.001089 0.001379 0.999998 0.005161 -0.020050 0.999786 -0.000063 -0.002025 0.999998 
0.001686 -0.001267 0.999998 -0.000684 -0.000159 1.000000 -0.000282 -0.005408 0.999985 0.001009 0.001278 0.999999 0.005132 -0.019939 0.999788 -0.000061 -0.001961 0.999998 
0.004276 -0.003213 0.999986 -0.000614 -0.000143 1.000000 -0.000260 -0.004969 0.999988 0.001518 0.001922 0.999997 0.005133 -0.019925 0.999788 -0.000098 -0.003123 0.999995 
0.004816 -0.003619 0.999982 -0.000641 -0.000149 1.000000 -0.000259 -0.004933 0.999988 0.001089 0.001379 0.999998 0.005131 -0.019922 0.999788 -0.000101 -0.003200 0.999995 
0.004235 -0.003182 0.999986 -0.000701 -0.000163 1.000000 -0.000257 -0.004900 0.999988 0.001484 0.001879 0.999997 0.005117 -0.019870 0.999789 -0.000097 -0.003062 0.999995 
0.003372 -0.002533 0.999991 -0.000752 -0.000175 1.000000 -0.000265 -0.005051 0.999987 0.001315 0.001665 0.999998 0.005080 -0.019733 0.999792 -0.000086 -0.002735 0.999996 
0.003062 -0.002300 0.999993 -0.000852 -0.000198 1.000000 -0.000264 -0.005030 0.999987 0.001210 0.001532 0.999998 0.005048 -0.019613 0.999795 -0.000081 -0.002570 0.999997 
0.004232 -0.003180 0.999986 -0.000666 -0.000154 1.000000 -0.000264 -0.005031 0.999987 0.001276 0.001615 0.999998 0.005054 -0.019619 0.999795 -0.000100 -0.003170 0.999995 
0.005894 -0.004430 0.999973 -0.000516 -0.000120 1.000000 -0.000252 -0.004783 0.999989 0.001582 0.002003 0.999997 0.005070 -0.019672 0.999794 -0.000124 -0.003879 0.999992 
0.004672 -0.003511 0.999983 -0.000414 -0.000096 1.000000 -0.000262 -0.004959 0.999988 0.001913 0.002422 0.999995 0.005087 -0.019741 0.999792 -0.000111 -0.003478 0.999994 
0.004237 -0.003184 0.999986 -0.000406 -0.000094 1.000000 -0.000263 -0.004979 0.999988 0.001754 0.002220 0.999996 0.005084 -0.019737 0.999792 -0.000102 -0.003181 0.999995 
0.003847 -0.002891 0.999988 -0.000399 -0.000093 1.000000 -0.000263 -0.004974 0.999988 0.001609 0.002037 0.999997 0.005060 -0.019650 0.999794 -0.000093 -0.002912 0.999996 
0.005368 -0.004037 0.999977 -0.000108 -0.000025 1.000000 -0.000263 -0.004958 0.999988 0.000882 0.001116 0.999999 0.005075 -0.019703 0.999793 -0.000105 -0.003262 0.999995 
0.004838 -0.003638 0.999982 -0.000024 -0.000006 1.000000 -0.000264 -0.004985 0.999988 0.000804 0.001017 0.999999 0.005064 -0.019669 0.999794 -0.000094 -0.002930 0.999996 
0.004364 -0.003281 0.999985 -0.000005 -0.000001 1.000000 -0.000265 -0.004995 0.999987 0.000730 0.000923 0.999999 0.005042 -0.019586 0.999795 -0.000086 -0.002656 0.999996 
0.003854 -0.002898 0.999988 -0.000010 -0.000002 1.000000 -0.000260 -0.004891 0.999988 0.001254 0.001587 0.999998 0.005011 -0.019466 0.999798 -0.000082 -0.002534 0.999997 
0.006669 -0.005015 0.999965 0.000000 0.000000 1.000000 -0.000245 -0.004595 0.999989 0.002015 0.002549 0.999995 0.005112 -0.019844 0.999790 -0.000131 -0.004012 0.999992 
0.005501 -0.004136 0.999976 -0.000001 -0.000000 1.000000 -0.000257 -0.004815 0.999988 0.002144 0.002713 0.999994 0.005146 -0.019969 0.999787 -0.000118 -0.003628 0.999993 
0.004956 -0.003727 0.999981 -0.000002 -0.000000 1.000000 -0.000261 -0.004889 0.999988 0.001950 0.002468 0.999995 0.005163 -0.020035 0.999786 -0.000108 -0.003298 0.999995 
0.005790 -0.004355 0.999974 0.000035 0.000008 1.000000 -0.000263 -0.004910 0.999988 0.002892 0.003659 0.999989 0.005272 -0.020453 0.999777 -0.000134 -0.004084 0.999992 
0.005221 -0.003927 0.999979 0.000039 0.000009 1.000000 -0.000268 -0.004994 0.999987 0.002617 0.003311 0.999991 0.005294 -0.020539 0.999775 -0.000122 -0.003706 0.999993 
0.004831 -0.003634 0.999982 0.000042 0.000010 1.000000 -0.000269 -0.005013 0.999987 0.002467 0.003121 0.999992 0.005296 -0.020547 0.999775 -0.000113 -0.003436 0.999994 
0.006002 -0.004515 0.999972 -0.000006 -0.000001 1.000000 -0.000259 -0.004808 0.999988 0.003191 0.004037 0.999987 0.005287 -0.020507 0.999776 -0.000141 -0.004228 0.999991 
0.004751 -0.003574 0.999982 0.000002 0.000000 1.000000 -0.000267 -0.004969 0.999988 0.003407 0.004309 0.999985 0.005280 -0.020478 0.999776 -0.000127 -0.003814 0.999993 
0.006453 -0.004856 0.999967 0.000013 0.000003 1.000000 -0.000268 -0.004977 0.999988 0.002237 0.002829 0.999993 0.005283 -0.020485 0.999776 -0.000141 -0.004230 0.999991 
0.005816 -0.004376 0.999974 0.000023 0.000005 1.000000 -0.000272 -0.005042 0.999987 0.002029 0.002566 0.999995 0.005290 -0.020511 0.999776 -0.000128 -0.003838 0.999993 
0.006989 -0.005260 0.999962 0.000017 0.000004 1.000000 -0.000276 -0.005095 0.999987 0.001502 0.001899 0.999997 0.005414 -0.020988 0.999765 -0.000140 -0.004174 0.999991 
0.006067 -0.004566 0.999971 0.000024 0.000006 1.000000 -0.000286 -0.005286 0.999986 0.001382 0.001747 0.999998 0.005436 -0.021078 0.999763 -0.000127 -0.003788 0.999993 
0.005477 -0.004122 0.999977 0.000025 0.000006 1.000000 -0.000288 -0.005324 0.999986 0.001264 0.001598 0.999998 0.005436 -0.021084 0.999763 -0.000115 -0.003443 0.999994 
0.004966 -0.003738 0.999981 -0.000005 -0.000001 1.000000 -0.000288 -0.005313 0.999986 0.001180 0.001492 0.999998 0.005407 -0.020979 0.999765 -0.000106 -0.003151 0.999995 
0.006026 -0.004538 0.999972 -0.000147 -0.000034 1.000000 -0.000280 -0.005140 0.999987 0.001882 0.002378 0.999995 0.005381 -0.020876 0.999768 -0.000134 -0.003969 0.999992 
0.005435 -0.004093 0.999977 -0.000216 -0.000050 1.000000 -0.000282 -0.005181 0.999987 0.001708 0.002158 0.999996 0.005371 -0.020843 0.999768 -0.000124 -0.003645 0.999993 
0.004906 -0.003695 0.999981 -0.000311 -0.000072 1.000000 -0.000283 -0.005189 0.999986 0.001555 0.001964 0.999997 0.005338 -0.020724 0.999771 -0.000114 -0.003366 0.999994 
0.004438 -0.003342 0.999985 -0.000414 -0.000096 1.000000 -0.000282 -0.005175 0.999987 0.001431 0.001808 0.999997 0.005297 -0.020569 0.999774 -0.000106 -0.003124 0.999995 
0.006034 -0.004544 0.999971 -0.000459 -0.000106 1.000000 -0.000262 -0.004782 0.999989 0.002519 0.003183 0.999992 0.005270 -0.020459 0.999777 -0.000142 -0.004130 0.999991 
0.004793 -0.003609 0.999982 -0.000499 -0.000116 1.000000 -0.000271 -0.004941 0.999988 0.002758 0.003485 0.999990 0.005249 -0.020386 0.999778 -0.000129 -0.003764 0.999993 
0.003868 -0.002912 0.999988 -0.000485 -0.000112 1.000000 -0.000280 -0.005120 0.999987 0.002604 0.003291 0.999991 0.005279 -0.020513 0.999776 -0.000114 -0.003333 0.999994 
0.003891 -0.002930 0.999988 -0.000526 -0.000122 1.000000 -0.000272 -0.004952 0.999988 0.002768 0.003498 0.999990 0.005246 -0.020389 0.999778 -0.000113 -0.003287 0.999995 
0.003538 -0.002664 0.999990 -0.000585 -0.000136 1.000000 -0.000272 -0.004952 0.999988 0.002536 0.003205 0.999992 0.005212 -0.020263 0.999781 -0.000105 -0.003046 0.999995 
0.003213 -0.002419 0.999992 -0.000657 -0.000152 1.000000 -0.000272 -0.004954 0.999988 0.002314 0.002924 0.999993 0.005181 -0.020146 0.999784 -0.000097 -0.002833 0.999996 
0.006077 -0.004581 0.999971 -0.000508 -0.000118 1.000000 -0.000277 -0.005026 0.999987 0.000886 0.001119 0.999999 0.005202 -0.020223 0.999782 -0.000131 -0.003770 0.999993 
0.006024 -0.004541 0.999972 -0.000477 -0.000110 1.000000 -0.000273 -0.004932 0.999988 0.001213 0.001531 0.999998 0.005296 -0.020592 0.999774 -0.000127 -0.003662 0.999993 
0.005429 -0.004093 0.999977 -0.000465 -0.000108 1.000000 -0.000278 -0.005023 0.999987 0.001106 0.001396 0.999998 0.005322 -0.020703 0.999772 -0.000116 -0.003344 0.999994 
0.006117 -0.004612 0.999971 -0.000309 -0.000072 1.000000 -0.000296 -0.005342 0.999986 0.000757 0.000955 0.999999 0.005358 -0.020842 0.999768 -0.000133 -0.003817 0.999993 
0.007718 -0.005827 0.999953 -0.000173 -0.000040 1.000000 -0.000283 -0.005067 0.999987 0.001200 0.001512 0.999998 0.005406 -0.021030 0.999764 -0.000159 -0.004491 0.999990 
0.005769 -0.004354 0.999974 -0.000173 -0.000040 1.000000 -0.000300 -0.005371 0.999986 0.001931 0.002435 0.999995 0.005437 -0.021157 0.999761 -0.000143 -0.004039 0.999992 
0.005229 -0.003947 0.999979 -0.000177 -0.000041 1.000000 -0.000302 -0.005403 0.999985 0.001776 0.002239 0.999996 0.005448 -0.021216 0.999760 -0.000131 -0.003687 0.999993 
0.004741 -0.003579 0.999982 -0.000189 -0.000044 1.000000 -0.000302 -0.005401 0.999985 0.001640 0.002068 0.999997 0.005428 -0.021151 0.999762 -0.000120 -0.003373 0.999994 
0.006761 -0.005107 0.999964 -0.000109 -0.000025 1.000000 -0.000288 -0.005129 0.999987 0.002391 0.003012 0.999993 0.005436 -0.021174 0.999761 -0.000161 -0.004501 0.999990 
0.006094 -0.004603 0.999971 -0.000092 -0.000021 1.000000 -0.000292 -0.005194 0.999986 0.002162 0.002724 0.999994 0.005436 -0.021174 0.999761 -0.000146 -0.004085 0.999992 
0.005499 -0.004154 0.999976 -0.000083 -0.000019 1.000000 -0.000293 -0.005212 0.999986 0.001968 0.002480 0.999995 0.005407 -0.021062 0.999764 -0.000133 -0.003712 0.999993 
0.004976 -0.003758 0.999981 -0.000089 -0.000021 1.000000 -0.000292 -0.005202 0.999986 0.001798 0.002265 0.999996 0.005364 -0.020892 0.999767 -0.000121 -0.003381 0.999994 
0.004530 -0.003422 0.999984 -0.000104 -0.000024 1.000000 -0.000291 -0.005184 0.999987 0.001667 0.002100 0.999996 0.005323 -0.020740 0.999771 -0.000111 -0.003101 0.999995 
0.006716 -0.005073 0.999965 -0.000096 -0.000022 1.000000 -0.000270 -0.004783 0.999989 0.001781 0.002244 0.999996 0.005304 -0.020666 0.999772 -0.000142 -0.003947 0.999992 
0.006207 -0.004687 0.999970 -0.000102 -0.000024 1.000000 -0.000272 -0.004809 0.999988 0.002781 0.003505 0.999990 0.005366 -0.020903 0.999767 -0.000147 -0.004084 0.999992 
0.004755 -0.003590 0.999982 -0.000138 -0.000032 1.000000 -0.000284 -0.005036 0.999987 0.003061 0.003858 0.999988 0.005341 -0.020808 0.999769 -0.000133 -0.003699 0.999993 
0.004325 -0.003265 0.999985 -0.000144 -0.000033 1.000000 -0.000284 -0.005036 0.999987 0.002806 0.003537 0.999990 0.005307 -0.020678 0.999772 -0.000122 -0.003381 0.999994 
0.006090 -0.004600 0.999971 -0.000193 -0.000045 1.000000 -0.000282 -0.004982 0.999988 0.001793 0.002259 0.999996 0.005296 -0.020633 0.999773 -0.000141 -0.003881 0.999992 
0.005042 -0.003808 0.999980 -0.000190 -0.000044 1.000000 -0.000290 -0.005113 0.999987 0.001942 0.002447 0.999995 0.005278 -0.020569 0.999775 -0.000128 -0.003526 0.999994 
0.004570 -0.003452 0.999984 -0.000218 -0.000050 1.000000 -0.000290 -0.005112 0.999987 0.001792 0.002258 0.999996 0.005251 -0.020472 0.999777 -0.000117 -0.003233 0.999995 
0.004147 -0.003132 0.999986 -0.000276 -0.000064 1.000000 -0.000289 -0.005098 0.999987 0.001650 0.002078 0.999996 0.005214 -0.020331 0.999780 -0.000108 -0.002981 0.999996 
0.003768 -0.002846 0.999989 -0.000383 -0.000088 1.000000 -0.000288 -0.005080 0.999987 0.001519 0.001914 0.999997 0.005177 -0.020191 0.999783 -0.000101 -0.002779 0.999996 
0.005160 -0.003898 0.999979 -0.000296 -0.000068 1.000000 -0.000269 -0.004720 0.999989 0.002982 0.003756 0.999988 0.005181 -0.020199 0.999783 -0.000139 -0.003785 0.999993 
0.005351 -0.004042 0.999978 -0.000317 -0.000073 1.000000 -0.000265 -0.004640 0.999989 0.003340 0.004208 0.999986 0.005238 -0.020425 0.999778 -0.000144 -0.003910 0.999992 
0.004030 -0.003050 0.999987 -0.000284 -0.000066 1.000000 -0.000274 -0.004768 0.999989 0.005598 0.007039 0.999960 0.005282 -0.020596 0.999774 -0.000159 -0.004283 0.999991 
0.003609 -0.002733 0.999990 -0.000272 -0.000063 1.000000 -0.000277 -0.004825 0.999988 0.005060 0.006360 0.999967 0.005262 -0.020530 0.999775 -0.000144 -0.003878 0.999992 
0.003278 -0.002482 0.999992 -0.000239 -0.000055 1.000000 -0.000279 -0.004855 0.999988 0.004591 0.005770 0.999973 0.005237 -0.020443 0.999777 -0.000131 -0.003522 0.999994 
0.003495 -0.002646 0.999990 -0.000204 -0.000047 1.000000 -0.000272 -0.004720 0.999989 0.004553 0.005722 0.999973 0.005207 -0.020332 0.999780 -0.000130 -0.003490 0.999994 
