0.003494 0.003016 0.999989 -0.002295 0.002636 0.999994 -0.002298 0.002671 0.999994 0.003483 0.003145 0.999989 
0.003248 0.002803 0.999991 -0.002411 0.002769 0.999993 -0.002411 0.002804 0.999993 0.003245 0.002929 0.999990 
0.001555 0.001341 0.999998 -0.001940 0.002231 0.999996 -0.001935 0.002252 0.999996 0.001574 0.001419 0.999998 
-0.000852 -0.000734 0.999999 -0.003061 0.003523 0.999989 -0.003035 0.003536 0.999989 -0.000758 -0.000683 0.999999 
-0.001729 -0.001489 0.999997 -0.003445 0.003967 0.999986 -0.003412 0.003977 0.999986 -0.001608 -0.001448 0.999998 
-0.002208 -0.001901 0.999996 -0.002943 0.003389 0.999990 -0.002911 0.003394 0.999990 -0.002091 -0.001882 0.999996 
-0.002017 -0.001736 0.999996 -0.002668 0.003072 0.999992 -0.002638 0.003076 0.999992 -0.001910 -0.001720 0.999997 
-0.001800 -0.001550 0.999997 -0.002041 0.002351 0.999995 -0.002017 0.002352 0.999995 -0.001713 -0.001543 0.999997 
-0.006492 -0.005588 0.999963 -0.005128 0.005905 0.999969 -0.005057 0.005897 0.999970 -0.006235 -0.005614 0.999965 
-0.005895 -0.005074 0.999970 -0.004637 0.005340 0.999975 -0.004573 0.005332 0.999975 -0.005662 -0.005098 0.999971 
-0.005388 -0.004638 0.999975 -0.004201 0.004839 0.999979 -0.004144 0.004831 0.999980 -0.005176 -0.004661 0.999976 
-0.005763 -0.004960 0.999971 -0.003824 0.004404 0.999983 -0.003767 0.004392 0.999983 -0.005553 -0.005000 0.999972 
-0.007750 -0.006668 0.999948 -0.003489 0.004020 0.999986 -0.003423 0.003994 0.999986 -0.007510 -0.006758 0.999949 
-0.007854 -0.006767 0.999946 -0.003266 0.003757 0.999988 -0.003201 0.003729 0.999988 -0.007617 -0.006865 0.999947 
-0.007165 -0.006174 0.999955 -0.002931 0.003372 0.999990 -0.002873 0.003346 0.999990 -0.006951 -0.006264 0.999956 
-0.007744 -0.006692 0.999948 -0.002656 0.003047 0.999992 -0.002597 0.003016 0.999992 -0.007525 -0.006802 0.999949 
-0.014002 -0.012206 0.999827 -0.002621 0.002980 0.999992 -0.002528 0.002911 0.999993 -0.013659 -0.012454 0.999829 
-0.019071 -0.016426 0.999683 -0.005069 0.005836 0.999970 -0.004933 0.005750 0.999971 -0.018569 -0.016729 0.999688 
-0.022838 -0.021163 0.999515 -0.006316 0.006761 0.999957 -0.006145 0.006659 0.999959 -0.022209 -0.021520 0.999522 
-0.027129 -0.025866 0.999297 -0.001934 0.002011 0.999996 -0.001764 0.001857 0.999997 -0.026497 -0.026417 0.999300 
-0.017691 -0.017111 0.999697 -0.001883 0.001930 0.999996 -0.001767 0.001833 0.999997 -0.017260 -0.017456 0.999699 
-0.009057 -0.008732 0.999921 -0.001649 0.001695 0.999997 -0.001585 0.001650 0.999997 -0.008821 -0.008893 0.999922 
-0.006355 -0.005852 0.999963 -0.005485 0.005905 0.999968 -0.005413 0.005900 0.999968 -0.006093 -0.005867 0.999964 
-0.009259 -0.008474 0.999921 -0.008732 0.009461 0.999917 -0.008622 0.009457 0.999918 -0.008859 -0.008478 0.999925 
-0.017479 -0.188784 0.981863 -0.008070 -0.007902 0.999936 0.029134 -0.014967 0.999463 -0.019918 0.001958 0.999800 -0.000555 0.000595 1.000000 0.167280 -0.123631 0.978127 
-0.017596 -0.212804 0.976936 -0.004730 -0.004627 0.999978 0.004482 -0.002710 0.999986 -0.021907 0.001957 0.999758 -0.001217 0.001305 0.999998 0.125536 -0.114271 0.985486 
-0.014008 -0.150018 0.988584 -0.004330 -0.004122 0.999982 -0.004987 0.003117 0.999983 -0.014517 0.001414 0.999894 -0.010925 0.012049 0.999868 0.081676 -0.077580 0.993635 
-0.012325 -0.115528 0.993228 -0.009195 -0.008500 0.999922 -0.016450 0.010390 0.999811 -0.015722 0.001735 0.999875 -0.029559 0.033603 0.998998 0.060960 -0.058077 0.996449 
-0.009872 -0.082352 0.996554 -0.016607 -0.014965 0.999750 -0.021939 0.013568 0.999667 -0.018191 0.002241 0.999832 -0.036125 0.042192 0.998456 0.041684 -0.038347 0.998395 
-0.006667 -0.049164 0.998768 -0.025885 -0.022906 0.999402 -0.018888 0.010927 0.999762 -0.019187 0.002655 0.999812 -0.024523 0.029173 0.999274 0.017824 -0.014971 0.999729 
-0.003702 -0.024914 0.999683 -0.037993 -0.033330 0.998722 -0.012068 0.006301 0.999907 -0.018740 0.002828 0.999820 -0.008868 0.010629 0.999904 -0.007024 0.005107 0.999962 
-0.000925 -0.005926 0.999982 -0.049264 -0.043201 0.997851 -0.004733 0.002217 0.999986 0.004347 -0.005200 0.999977 -0.017084 0.002699 0.999850 -0.031810 0.019734 0.999299 
-0.000724 -0.004593 0.999989 -0.053326 -0.046966 0.997472 -0.002231 0.000977 0.999997 0.010881 -0.012941 0.999857 -0.017283 0.002757 0.999847 -0.040410 0.022687 0.998926 
-0.000639 -0.004034 0.999992 -0.049769 -0.043676 0.997805 -0.001963 0.000865 0.999998 0.010024 -0.011968 0.999878 -0.014851 0.002381 0.999887 -0.037987 0.021469 0.999048 
-0.001010 -0.006369 0.999979 -0.044135 -0.038538 0.998282 -0.002811 0.001273 0.999995 0.007035 -0.008449 0.999940 -0.012899 0.002071 0.999915 -0.030642 0.017951 0.999369 
-0.001233 -0.007770 0.999969 -0.036619 -0.031770 0.998824 -0.003323 0.001565 0.999993 0.001908 -0.002309 0.999996 -0.009830 0.001579 0.999950 -0.020331 0.012557 0.999714 
-0.001113 -0.007016 0.999975 -0.029521 -0.025563 0.999237 -0.002961 0.001417 0.999995 0.000172 -0.000209 1.000000 -0.008867 0.001423 0.999960 -0.014096 0.008899 0.999861 
-0.001211 -0.007800 0.999969 -0.022308 -0.019339 0.999564 -0.003090 0.001475 0.999994 0.000059 -0.000071 1.000000 -0.005792 0.000910 0.999983 -0.010604 0.006674 0.999922 
-0.000824 -0.005430 0.999985 -0.014462 -0.012537 0.999817 -0.002064 0.000983 0.999997 0.000080 -0.000097 1.000000 -0.002590 0.000398 0.999997 -0.007291 0.004574 0.999963 
-0.000556 -0.003705 0.999993 -0.007313 -0.006342 0.999953 -0.001066 0.000507 0.999999 -0.000120 0.000146 1.000000 0.000819 -0.000124 1.000000 -0.003839 0.002405 0.999990 
-0.000500 -0.003350 0.999994 -0.001465 -0.001272 0.999998 -0.000006 0.000003 1.000000 -0.000038 0.000045 1.000000 0.004691 -0.000709 0.999989 -0.000625 0.000391 1.000000 
-0.000430 -0.002932 0.999996 0.000337 0.000293 1.000000 0.002230 -0.001060 0.999997 0.000704 -0.000849 0.999999 0.011270 -0.001673 0.999935 0.000076 -0.000048 1.000000 
-0.000210 -0.001437 0.999999 0.000053 0.000046 1.000000 0.005252 -0.002497 0.999983 0.001286 -0.001551 0.999998 0.018389 -0.002717 0.999827 0.000045 -0.000028 1.000000 
0.000191 0.001309 0.999999 0.000086 0.000075 1.000000 0.007866 -0.003738 0.999962 0.001163 -0.001402 0.999998 0.024218 -0.003578 0.999700 0.000038 -0.000024 1.000000 
0.000624 0.004266 0.999991 0.000929 0.000809 0.999999 0.009607 -0.004566 0.999943 0.000601 -0.000725 1.000000 0.027344 -0.004050 0.999618 0.000590 -0.000368 1.000000 
0.001076 0.007345 0.999972 0.001533 0.001334 0.999998 0.011256 -0.005352 0.999922 0.000504 -0.000609 1.000000 0.029642 -0.004404 0.999551 0.000612 -0.000382 1.000000 
0.001525 0.010376 0.999945 0.004368 0.003801 0.999983 0.012176 -0.005796 0.999909 0.000275 -0.000332 1.000000 0.031491 -0.004696 0.999493 0.001119 -0.000699 0.999999 
0.002008 0.013645 0.999905 0.007606 0.006619 0.999949 0.012786 -0.006088 0.999900 0.000235 -0.000284 1.000000 0.033173 -0.004958 0.999437 0.001033 -0.000645 0.999999 
0.002482 0.016844 0.999855 0.011026 0.009596 0.999893 0.013281 -0.006325 0.999892 0.000197 -0.000237 1.000000 0.034755 -0.005205 0.999382 0.000954 -0.000596 0.999999 
0.002950 0.020006 0.999795 0.014280 0.012429 0.999821 0.013806 -0.006577 0.999883 0.000160 -0.000193 1.000000 0.036290 -0.005444 0.999326 0.000873 -0.000546 0.999999 
0.003433 0.023279 0.999723 0.017354 0.015108 0.999735 0.014484 -0.006900 0.999871 0.000146 -0.000176 1.000000 0.037945 -0.005700 0.999264 0.000785 -0.000490 1.000000 
0.003934 0.026681 0.999636 0.020327 0.017698 0.999637 0.015310 -0.007295 0.999856 0.000110 -0.000133 1.000000 0.039794 -0.005984 0.999190 0.000733 -0.000458 1.000000 
0.004423 0.030006 0.999540 0.023063 0.020081 0.999532 0.016209 -0.007725 0.999839 0.000077 -0.000093 1.000000 0.041727 -0.006281 0.999109 0.000675 -0.000422 1.000000 
0.004874 0.033080 0.999441 0.025599 0.022289 0.999424 0.017075 -0.008140 0.999821 0.000047 -0.000057 1.000000 0.043579 -0.006565 0.999028 0.000654 -0.000409 1.000000 
0.005301 0.035998 0.999338 0.027992 0.024372 0.999311 0.017896 -0.008533 0.999803 0.000019 -0.000023 1.000000 0.045356 -0.006839 0.998947 0.000613 -0.000383 1.000000 
0.005687 0.038641 0.999237 0.030177 0.026275 0.999199 0.018681 -0.008910 0.999786 -0.000001 0.000001 1.000000 0.047105 -0.007107 0.998865 0.000591 -0.000370 1.000000 
0.006042 0.041078 0.999138 0.032181 0.028020 0.999089 0.019401 -0.009255 0.999769 -0.000002 0.000003 1.000000 0.048700 -0.007353 0.998786 0.000545 -0.000340 1.000000 
0.006362 0.043277 0.999043 0.033993 0.029598 0.998984 0.020058 -0.009570 0.999753 -0.000004 0.000004 1.000000 0.050169 -0.007580 0.998712 0.000503 -0.000315 1.000000 
0.006649 0.045252 0.998953 0.035624 0.031018 0.998884 0.020648 -0.009853 0.999738 -0.000005 0.000006 1.000000 0.051492 -0.007785 0.998643 0.000467 -0.000292 1.000000 
0.006906 0.047021 0.998870 0.037096 0.032301 0.998790 0.021166 -0.010101 0.999725 -0.000006 0.000007 1.000000 0.052653 -0.007965 0.998581 0.000434 -0.000271 1.000000 
0.007134 0.048593 0.998793 0.038426 0.033459 0.998701 0.021607 -0.010313 0.999713 -0.000007 0.000008 1.000000 0.053644 -0.008119 0.998527 0.000405 -0.000253 1.000000 
0.007334 0.049972 0.998724 0.039605 0.034485 0.998620 0.021977 -0.010491 0.999703 -0.000008 0.000010 1.000000 0.054466 -0.008248 0.998482 0.000379 -0.000237 1.000000 
0.007506 0.051163 0.998662 0.040621 0.035371 0.998548 0.022282 -0.010637 0.999695 -0.000011 0.000013 1.000000 0.055131 -0.008351 0.998444 0.000355 -0.000222 1.000000 
0.007651 0.052187 0.998608 0.041499 0.036135 0.998485 0.022539 -0.010760 0.999688 -0.000014 0.000017 1.000000 0.055688 -0.008434 0.998413 0.000332 -0.000208 1.000000 
0.007774 0.053065 0.998561 0.042252 0.036791 0.998429 0.022758 -0.010865 0.999682 -0.000016 0.000020 1.000000 0.056165 -0.008506 0.998385 0.000312 -0.000195 1.000000 
0.007878 0.053804 0.998520 0.042885 0.037342 0.998382 0.022941 -0.010953 0.999677 -0.000016 0.000019 1.000000 0.056564 -0.008565 0.998362 0.000290 -0.000181 1.000000 
0.007963 0.054408 0.998487 0.043400 0.037791 0.998343 0.023089 -0.011024 0.999673 -0.000016 0.000020 1.000000 0.056888 -0.008613 0.998343 0.000271 -0.000169 1.000000 
0.008030 0.054880 0.998461 0.043802 0.038141 0.998312 0.023203 -0.011079 0.999669 -0.000016 0.000020 1.000000 0.057141 -0.008652 0.998329 0.000253 -0.000158 1.000000 
0.008076 0.055209 0.998442 0.044093 0.038395 0.998289 0.023287 -0.011120 0.999667 -0.000017 0.000020 1.000000 0.057345 -0.008682 0.998317 0.000244 -0.000152 1.000000 
0.008107 0.055425 0.998430 0.044273 0.038552 0.998275 0.023335 -0.011143 0.999666 -0.000017 0.000021 1.000000 0.057456 -0.008700 0.998310 0.000229 -0.000143 1.000000 
0.008119 0.055512 0.998425 0.044343 0.038613 0.998270 0.023350 -0.011150 0.999665 -0.000018 0.000021 1.000000 0.057495 -0.008706 0.998308 0.000216 -0.000135 1.000000 
0.008114 0.055472 0.998427 0.044304 0.038578 0.998273 0.023330 -0.011141 0.999666 -0.000016 0.000019 1.000000 0.057461 -0.008700 0.998310 0.000201 -0.000126 1.000000 
0.008090 0.055313 0.998436 0.044173 0.038465 0.998283 0.023287 -0.011121 0.999667 -0.000006 0.000007 1.000000 0.057384 -0.008688 0.998314 0.000190 -0.000119 1.000000 
0.008053 0.055062 0.998450 0.043961 0.038281 0.998300 0.023218 -0.011088 0.999669 0.000000 -0.000000 1.000000 0.057249 -0.008666 0.998322 0.000181 -0.000113 1.000000 
0.008006 0.054739 0.998469 0.043667 0.038025 0.998322 0.023120 -0.011041 0.999672 -0.000000 0.000000 1.000000 0.057031 -0.008631 0.998335 0.000169 -0.000106 1.000000 
0.007947 0.054327 0.998492 0.043289 0.037696 0.998351 0.022997 -0.010982 0.999675 -0.000000 0.000000 1.000000 0.056748 -0.008587 0.998352 0.000158 -0.000099 1.000000 
0.007874 0.053819 0.998520 0.042827 0.037293 0.998386 0.022848 -0.010910 0.999679 -0.000000 0.000000 1.000000 0.056407 -0.008533 0.998371 0.000148 -0.000092 1.000000 
0.007785 0.053209 0.998553 0.042277 0.036815 0.998427 0.022673 -0.010826 0.999684 0.000000 -0.000001 1.000000 0.056009 -0.008471 0.998394 0.000138 -0.000086 1.000000 
0.007682 0.052492 0.998592 0.041639 0.036259 0.998475 0.022469 -0.010728 0.999690 -0.000000 0.000000 1.000000 0.055555 -0.008400 0.998420 0.000130 -0.000081 1.000000 
0.007562 0.051663 0.998636 0.040907 0.035622 0.998528 0.022236 -0.010616 0.999696 0.000000 -0.000000 1.000000 0.055043 -0.008320 0.998449 0.000122 -0.000076 1.000000 
0.007425 0.050718 0.998685 0.040078 0.034900 0.998587 0.021973 -0.010490 0.999704 0.000000 -0.000000 1.000000 0.054469 -0.008230 0.998482 0.000117 -0.000073 1.000000 
0.007269 0.049650 0.998740 0.039148 0.034100 0.998651 0.021672 -0.010344 0.999712 0.000010 -0.000012 1.000000 0.053819 -0.008127 0.998518 0.000102 -0.000064 1.000000 
0.007097 0.048464 0.998800 0.038105 0.033192 0.998722 0.021340 -0.010185 0.999720 0.000000 -0.000000 1.000000 0.053091 -0.008013 0.998558 0.000104 -0.000065 1.000000 
0.006906 0.047147 0.998864 0.036946 0.032182 0.998799 0.020975 -0.010010 0.999730 -0.000000 0.000000 1.000000 0.052283 -0.007887 0.998601 0.000102 -0.000064 1.000000 
0.006694 0.045691 0.998933 0.035666 0.031067 0.998881 0.020573 -0.009816 0.999740 0.000000 -0.000000 1.000000 0.051392 -0.007748 0.998648 0.000099 -0.000062 1.000000 
0.006460 0.044085 0.999007 0.034257 0.029840 0.998967 0.020129 -0.009604 0.999751 -0.000000 0.000000 1.000000 0.050415 -0.007596 0.998699 0.000097 -0.000060 1.000000 
0.006204 0.042321 0.999085 0.032711 0.028494 0.999059 0.019643 -0.009370 0.999763 0.000000 -0.000000 1.000000 0.049344 -0.007430 0.998754 0.000094 -0.000059 1.000000 
0.005922 0.040389 0.999167 0.031019 0.027020 0.999153 0.019109 -0.009114 0.999776 -0.000000 0.000000 1.000000 0.048173 -0.007249 0.998813 0.000092 -0.000057 1.000000 
0.005614 0.038277 0.999251 0.029173 0.025412 0.999251 0.018527 -0.008835 0.999789 -0.000000 0.000000 1.000000 0.046896 -0.007051 0.998875 0.000089 -0.000056 1.000000 
0.005278 0.035975 0.999339 0.027160 0.023658 0.999351 0.017891 -0.008531 0.999804 -0.000000 0.000000 1.000000 0.045503 -0.006836 0.998941 0.000087 -0.000055 1.000000 
0.004912 0.033471 0.999428 0.024970 0.021751 0.999452 0.017200 -0.008200 0.999818 0.000000 -0.000000 1.000000 0.043986 -0.006602 0.999010 0.000084 -0.000053 1.000000 
0.004514 0.030754 0.999517 0.022596 0.019683 0.999551 0.016448 -0.007840 0.999834 -0.000000 0.000000 1.000000 0.042338 -0.006349 0.999083 0.000082 -0.000051 1.000000 
0.004073 0.027744 0.999607 0.020030 0.017448 0.999647 0.015638 -0.007454 0.999850 0.000000 -0.000000 1.000000 0.040639 -0.006087 0.999155 0.000102 -0.000064 1.000000 
0.003605 0.024551 0.999692 0.017246 0.015024 0.999738 0.014755 -0.007032 0.999866 0.000000 -0.000000 1.000000 0.038716 -0.005794 0.999233 0.000096 -0.000060 1.000000 
0.003088 0.021020 0.999774 0.014234 0.012400 0.999822 0.013808 -0.006580 0.999883 -0.000000 0.000000 1.000000 0.036736 -0.005493 0.999310 0.000117 -0.000073 1.000000 
0.002538 0.017262 0.999848 0.010962 0.009550 0.999894 0.012773 -0.006086 0.999900 -0.000000 0.000000 1.000000 0.034500 -0.005157 0.999391 0.000110 -0.000069 1.000000 
0.001939 0.013177 0.999911 0.007389 0.006438 0.999952 0.011649 -0.005550 0.999917 -0.000001 0.000001 1.000000 0.032072 -0.004790 0.999474 0.000096 -0.000060 1.000000 
0.001295 0.008794 0.999960 0.003565 0.003106 0.999989 0.010439 -0.004972 0.999933 0.000001 -0.000001 1.000000 0.029434 -0.004395 0.999557 0.000089 -0.000056 1.000000 
0.000611 0.004150 0.999991 0.000861 0.000750 0.999999 0.008654 -0.004122 0.999954 -0.000036 0.000044 1.000000 0.026580 -0.003965 0.999639 0.000103 -0.000065 1.000000 
0.000045 0.000304 1.000000 0.000250 0.000218 1.000000 0.006369 -0.003033 0.999975 -0.000035 0.000043 1.000000 0.023475 -0.003494 0.999718 0.000020 -0.000012 1.000000 
-0.000003 -0.000019 1.000000 0.000187 0.000163 1.000000 0.005419 -0.002581 0.999982 -0.000026 0.000032 1.000000 0.020338 -0.003022 0.999789 0.000027 -0.000017 1.000000 
-0.000006 -0.000043 1.000000 0.000128 0.000112 1.000000 0.004648 -0.002213 0.999987 -0.000017 0.000020 1.000000 0.017469 -0.002595 0.999844 0.000006 -0.000004 1.000000 
-0.000209 -0.001426 0.999999 -0.000108 -0.000094 1.000000 0.003777 -0.001799 0.999991 -0.000017 0.000021 1.000000 0.016269 -0.002417 0.999865 -0.000074 0.000046 1.000000 
-0.000188 -0.001278 0.999999 -0.000591 -0.000515 1.000000 0.003240 -0.001543 0.999994 -0.000017 0.000020 1.000000 0.014049 -0.002087 0.999899 -0.000361 0.000226 1.000000 
-0.000170 -0.001157 0.999999 -0.002054 -0.001791 0.999996 0.002779 -0.001324 0.999995 0.000001 -0.000001 1.000000 0.012123 -0.001801 0.999925 -0.001234 0.000773 0.999999 
-0.000154 -0.001053 0.999999 -0.003817 -0.003329 0.999987 0.002375 -0.001131 0.999997 0.000020 -0.000024 1.000000 0.010431 -0.001548 0.999944 -0.002283 0.001430 0.999996 
-0.000141 -0.000964 1.000000 -0.005559 -0.004848 0.999973 0.002009 -0.000957 0.999998 0.000029 -0.000035 1.000000 0.008915 -0.001322 0.999959 -0.003313 0.002076 0.999992 
-0.000130 -0.000888 1.000000 -0.007170 -0.006253 0.999955 0.001676 -0.000798 0.999998 0.000037 -0.000045 1.000000 0.007534 -0.001116 0.999971 -0.004264 0.002671 0.999987 
-0.000120 -0.000821 1.000000 -0.008648 -0.007542 0.999934 0.001373 -0.000654 0.999999 0.000045 -0.000054 1.000000 0.006279 -0.000929 0.999980 -0.005134 0.003216 0.999982 
-0.000112 -0.000764 1.000000 -0.009995 -0.008717 0.999912 0.001099 -0.000523 0.999999 0.000052 -0.000062 1.000000 0.005147 -0.000760 0.999986 -0.005926 0.003712 0.999976 
-0.000103 -0.000710 1.000000 -0.011044 -0.009632 0.999893 0.000894 -0.000426 1.000000 0.000057 -0.000069 1.000000 0.004279 -0.000631 0.999991 -0.006542 0.004098 0.999970 
-0.000095 -0.000653 1.000000 -0.011635 -0.010147 0.999881 0.000796 -0.000379 1.000000 0.000060 -0.000073 1.000000 0.003804 -0.000561 0.999993 -0.006884 0.004312 0.999967 
-0.000090 -0.000616 1.000000 -0.011800 -0.010291 0.999877 0.000777 -0.000370 1.000000 0.000061 -0.000074 1.000000 0.003662 -0.000540 0.999993 -0.006976 0.004370 0.999966 
-0.000083 -0.000570 1.000000 -0.011616 -0.010130 0.999881 0.000841 -0.000400 1.000000 0.000060 -0.000073 1.000000 0.003822 -0.000564 0.999993 -0.006863 0.004299 0.999967 
-0.000077 -0.000529 1.000000 -0.011139 -0.009714 0.999891 0.000970 -0.000462 0.999999 0.000058 -0.000070 1.000000 0.004234 -0.000625 0.999991 -0.006577 0.004120 0.999970 
-0.000072 -0.000493 1.000000 -0.010377 -0.009050 0.999905 0.001163 -0.000554 0.999999 0.000054 -0.000065 1.000000 0.004894 -0.000722 0.999988 -0.006122 0.003834 0.999974 
-0.000067 -0.000460 1.000000 -0.009338 -0.008144 0.999923 0.001420 -0.000676 0.999999 0.000048 -0.000058 1.000000 0.005793 -0.000855 0.999983 -0.005500 0.003445 0.999979 
-0.000063 -0.000430 1.000000 -0.008028 -0.007001 0.999943 0.001739 -0.000828 0.999998 0.000042 -0.000050 1.000000 0.006928 -0.001022 0.999975 -0.004717 0.002954 0.999985 
-0.000059 -0.000403 1.000000 -0.006454 -0.005628 0.999963 0.002117 -0.001008 0.999997 0.000034 -0.000041 1.000000 0.008291 -0.001223 0.999965 -0.003778 0.002366 0.999990 
-0.000055 -0.000377 1.000000 -0.004624 -0.004033 0.999981 0.002553 -0.001216 0.999996 0.000024 -0.000029 1.000000 0.009873 -0.001457 0.999950 -0.002687 0.001683 0.999995 
-0.000052 -0.000353 1.000000 -0.002556 -0.002229 0.999994 0.003043 -0.001449 0.999994 0.000013 -0.000016 1.000000 0.011658 -0.001720 0.999931 -0.001454 0.000910 0.999999 
-0.000048 -0.000330 1.000000 -0.000427 -0.000372 1.000000 0.003542 -0.001686 0.999992 0.000001 -0.000001 1.000000 0.013612 -0.002009 0.999905 -0.000244 0.000153 1.000000 
-0.000044 -0.000299 1.000000 -0.000069 -0.000060 1.000000 0.004010 -0.001909 0.999990 0.000001 -0.000001 1.000000 0.015423 -0.002276 0.999878 -0.000089 0.000056 1.000000 
-0.000038 -0.000258 1.000000 -0.000068 -0.000059 1.000000 0.004446 -0.002117 0.999988 -0.000000 0.000000 1.000000 0.016999 -0.002508 0.999852 -0.000099 0.000062 1.000000 
-0.000060 -0.000413 1.000000 -0.000057 -0.000050 1.000000 0.004814 -0.002293 0.999986 0.000001 -0.000001 1.000000 0.018540 -0.002734 0.999824 -0.000064 0.000040 1.000000 
-0.000077 -0.000531 1.000000 -0.000233 -0.000203 1.000000 0.005752 -0.002741 0.999980 0.000771 -0.000927 0.999999 0.019973 -0.002941 0.999796 0.000008 -0.000005 1.000000 
-0.000099 -0.000682 1.000000 0.001735 0.001516 0.999997 0.005360 -0.002557 0.999982 -0.000397 0.000477 1.000000 0.021131 -0.003110 0.999772 0.001371 -0.000862 0.999999 
-0.000139 -0.000961 1.000000 0.001618 0.001413 0.999998 0.005576 -0.002662 0.999981 -0.000377 0.000453 1.000000 0.022322 -0.003281 0.999745 0.001301 -0.000819 0.999999 
-0.000149 -0.001026 0.999999 0.002802 0.002449 0.999993 0.005376 -0.002569 0.999982 -0.001098 0.001319 0.999999 0.023236 -0.003412 0.999724 0.002083 -0.001313 0.999997 
-0.000150 -0.001032 0.999999 0.002318 0.002026 0.999995 0.005584 -0.002670 0.999981 -0.001194 0.001434 0.999998 0.023951 -0.003515 0.999707 0.001933 -0.001220 0.999997 
-0.000184 -0.001269 0.999999 0.003251 0.002843 0.999991 0.006004 -0.002874 0.999978 -0.000149 0.000179 1.000000 0.024778 -0.003627 0.999686 0.001850 -0.001170 0.999998 
-0.000140 -0.000965 1.000000 0.002954 0.002584 0.999992 0.006193 -0.002965 0.999976 -0.000136 0.000163 1.000000 0.025087 -0.003673 0.999679 0.001624 -0.001027 0.999998 
-0.000128 -0.000889 1.000000 0.003090 0.002703 0.999992 0.006679 -0.003198 0.999973 0.000709 -0.000851 0.999999 0.025550 -0.003737 0.999667 0.001342 -0.000849 0.999999 
-0.000087 -0.000601 1.000000 0.002831 0.002476 0.999993 0.006771 -0.003242 0.999972 0.000636 -0.000764 1.000000 0.025658 -0.003753 0.999664 0.001173 -0.000742 0.999999 
-0.000088 -0.000611 1.000000 0.002596 0.002271 0.999994 0.006757 -0.003236 0.999972 0.000572 -0.000687 1.000000 0.025718 -0.003761 0.999662 0.001061 -0.000671 0.999999 
-0.000004 -0.000027 1.000000 0.003856 0.003374 0.999987 0.006746 -0.003233 0.999972 0.000176 -0.000211 1.000000 0.026302 -0.003845 0.999647 0.001542 -0.000977 0.999998 
-0.000008 -0.000053 1.000000 0.003542 0.003100 0.999989 0.006769 -0.003244 0.999972 0.000277 -0.000332 1.000000 0.026116 -0.003817 0.999652 0.001391 -0.000881 0.999999 
-0.000011 -0.000079 1.000000 0.003216 0.002814 0.999991 0.006704 -0.003213 0.999972 0.000249 -0.000299 1.000000 0.025847 -0.003777 0.999659 0.001258 -0.000797 0.999999 
-0.000017 -0.000119 1.000000 0.003854 0.003374 0.999987 0.006382 -0.003060 0.999975 -0.000241 0.000289 1.000000 0.025548 -0.003732 0.999667 0.001790 -0.001135 0.999998 
-0.000021 -0.000144 1.000000 0.004778 0.004187 0.999980 0.006213 -0.002981 0.999976 -0.000513 0.000615 1.000000 0.025212 -0.003681 0.999675 0.002516 -0.001598 0.999996 
-0.000025 -0.000177 1.000000 0.004798 0.004205 0.999980 0.006167 -0.002960 0.999977 -0.000377 0.000451 1.000000 0.024891 -0.003633 0.999684 0.002472 -0.001572 0.999996 
-0.000022 -0.000149 1.000000 0.004331 0.003796 0.999983 0.006122 -0.002938 0.999977 -0.000335 0.000401 1.000000 0.024536 -0.003581 0.999693 0.002216 -0.001409 0.999997 
-0.000021 -0.000148 1.000000 0.003995 0.003502 0.999986 0.006034 -0.002896 0.999978 -0.000406 0.000487 1.000000 0.024218 -0.003534 0.999700 0.002093 -0.001331 0.999997 
-0.000021 -0.000147 1.000000 0.003603 0.003158 0.999989 0.005995 -0.002878 0.999978 -0.000363 0.000435 1.000000 0.023926 -0.003492 0.999708 0.001880 -0.001195 0.999998 
-0.000021 -0.000146 1.000000 0.003263 0.002860 0.999991 0.005963 -0.002862 0.999978 -0.000315 0.000377 1.000000 0.023668 -0.003453 0.999714 0.001689 -0.001074 0.999998 
-0.000021 -0.000144 1.000000 0.002942 0.002579 0.999992 0.005930 -0.002847 0.999978 -0.000281 0.000336 1.000000 0.023428 -0.003418 0.999720 0.001515 -0.000964 0.999998 
-0.000067 -0.000468 1.000000 0.002357 0.002066 0.999995 0.005857 -0.002812 0.999979 -0.000481 0.000576 1.000000 0.023608 -0.003444 0.999715 0.001412 -0.000898 0.999999 
-0.000059 -0.000412 1.000000 0.002382 0.002088 0.999995 0.006109 -0.002933 0.999977 0.000174 -0.000208 1.000000 0.023475 -0.003425 0.999719 0.001162 -0.000739 0.999999 
-0.000052 -0.000361 1.000000 0.001773 0.001554 0.999997 0.006365 -0.003056 0.999975 0.000595 -0.000713 1.000000 0.023350 -0.003406 0.999722 0.000799 -0.000508 1.000000 
-0.000046 -0.000318 1.000000 0.001603 0.001405 0.999998 0.006321 -0.003034 0.999975 0.000537 -0.000643 1.000000 0.023239 -0.003390 0.999724 0.000708 -0.000450 1.000000 
-0.000040 -0.000281 1.000000 0.001453 0.001273 0.999998 0.006270 -0.003010 0.999976 0.000484 -0.000580 1.000000 0.023105 -0.003370 0.999727 0.000626 -0.000398 1.000000 
-0.000035 -0.000245 1.000000 0.001322 0.001159 0.999998 0.006220 -0.002986 0.999976 0.000436 -0.000522 1.000000 0.022972 -0.003350 0.999731 0.000552 -0.000351 1.000000 
-0.000030 -0.000212 1.000000 0.001208 0.001059 0.999999 0.006174 -0.002964 0.999977 0.000393 -0.000470 1.000000 0.022854 -0.003333 0.999733 0.000486 -0.000309 1.000000 
-0.000026 -0.000181 1.000000 0.001103 0.000967 0.999999 0.006133 -0.002944 0.999977 0.000352 -0.000422 1.000000 0.022745 -0.003317 0.999736 0.000424 -0.000270 1.000000 
-0.000022 -0.000154 1.000000 0.001009 0.000884 0.999999 0.006095 -0.002926 0.999977 0.000317 -0.000380 1.000000 0.022646 -0.003303 0.999738 0.000369 -0.000235 1.000000 
-0.000020 -0.000139 1.000000 0.000925 0.000811 0.999999 0.006060 -0.002909 0.999977 0.000286 -0.000343 1.000000 0.022560 -0.003290 0.999740 0.000323 -0.000205 1.000000 
-0.000020 -0.000137 1.000000 0.000890 0.000780 0.999999 0.006013 -0.002887 0.999978 0.000235 -0.000282 1.000000 0.022486 -0.003279 0.999742 0.000311 -0.000198 1.000000 
-0.000020 -0.000136 1.000000 0.000819 0.000718 0.999999 0.005982 -0.002872 0.999978 0.000212 -0.000254 1.000000 0.022415 -0.003268 0.999743 0.000274 -0.000174 1.000000 
-0.000020 -0.000136 1.000000 0.000753 0.000660 0.999999 0.005954 -0.002858 0.999978 0.000191 -0.000229 1.000000 0.022349 -0.003259 0.999745 0.000240 -0.000152 1.000000 
-0.000021 -0.000143 1.000000 0.001176 0.001031 0.999999 0.005695 -0.002735 0.999980 -0.000428 0.000512 1.000000 0.022272 -0.003247 0.999747 0.000765 -0.000487 1.000000 
-0.000020 -0.000137 1.000000 0.001073 0.000941 0.999999 0.005700 -0.002737 0.999980 -0.000388 0.000465 1.000000 0.022230 -0.003241 0.999748 0.000684 -0.000435 1.000000 
-0.000020 -0.000136 1.000000 0.000978 0.000857 0.999999 0.005705 -0.002740 0.999980 -0.000350 0.000419 1.000000 0.022193 -0.003235 0.999748 0.000613 -0.000390 1.000000 
-0.000222 -0.001542 0.999999 0.002007 0.001760 0.999996 0.005569 -0.002676 0.999981 0.000199 -0.000238 1.000000 0.023491 -0.003423 0.999718 0.000798 -0.000508 1.000000 
-0.000200 -0.001391 0.999999 0.003015 0.002645 0.999992 0.005242 -0.002521 0.999983 -0.000535 0.000641 1.000000 0.023395 -0.003409 0.999720 0.001572 -0.001003 0.999998 
-0.000180 -0.001250 0.999999 0.003866 0.003393 0.999987 0.005064 -0.002437 0.999984 -0.001012 0.001211 0.999999 0.023294 -0.003393 0.999723 0.002237 -0.001429 0.999996 
-0.000162 -0.001127 0.999999 0.004055 0.003559 0.999985 0.005352 -0.002576 0.999982 -0.000367 0.000439 1.000000 0.023306 -0.003394 0.999723 0.002043 -0.001305 0.999997 
-0.000146 -0.001017 0.999999 0.003644 0.003198 0.999988 0.005443 -0.002619 0.999982 -0.000329 0.000393 1.000000 0.023311 -0.003395 0.999722 0.001833 -0.001171 0.999998 
-0.000088 -0.000614 1.000000 0.003240 0.002846 0.999991 0.005928 -0.002852 0.999978 0.000399 -0.000477 1.000000 0.023669 -0.003446 0.999714 0.001183 -0.000756 0.999999 
-0.000079 -0.000552 1.000000 0.003533 0.003104 0.999989 0.005662 -0.002726 0.999980 -0.000383 0.000458 1.000000 0.023603 -0.003436 0.999716 0.001741 -0.001113 0.999998 
-0.000072 -0.000500 1.000000 0.003194 0.002805 0.999991 0.005721 -0.002754 0.999980 -0.000345 0.000413 1.000000 0.023600 -0.003436 0.999716 0.001563 -0.000999 0.999998 
-0.000065 -0.000453 1.000000 0.002893 0.002541 0.999993 0.005775 -0.002780 0.999979 -0.000312 0.000372 1.000000 0.023606 -0.003437 0.999715 0.001404 -0.000898 0.999999 
-0.000059 -0.000411 1.000000 0.002510 0.002205 0.999994 0.005780 -0.002783 0.999979 -0.000531 0.000634 1.000000 0.023614 -0.003437 0.999715 0.001393 -0.000891 0.999999 
-0.000054 -0.000373 1.000000 0.002273 0.001996 0.999995 0.005832 -0.002808 0.999979 -0.000478 0.000572 1.000000 0.023631 -0.003440 0.999715 0.001250 -0.000799 0.999999 
-0.000049 -0.000339 1.000000 0.002059 0.001808 0.999996 0.005880 -0.002831 0.999979 -0.000432 0.000516 1.000000 0.023650 -0.003443 0.999714 0.001121 -0.000717 0.999999 
-0.000044 -0.000309 1.000000 0.001891 0.001661 0.999997 0.005938 -0.002859 0.999978 -0.000350 0.000418 1.000000 0.023673 -0.003446 0.999714 0.001001 -0.000640 0.999999 
-0.000040 -0.000276 1.000000 0.001973 0.001733 0.999997 0.006210 -0.002990 0.999976 0.000274 -0.000327 1.000000 0.023679 -0.003446 0.999714 0.000807 -0.000516 1.000000 
-0.000035 -0.000244 1.000000 0.001789 0.001571 0.999997 0.006204 -0.002987 0.999976 0.000245 -0.000293 1.000000 0.023635 -0.003440 0.999715 0.000717 -0.000458 1.000000 
-0.000031 -0.000216 1.000000 0.001623 0.001426 0.999998 0.006198 -0.002984 0.999976 0.000219 -0.000262 1.000000 0.023596 -0.003434 0.999716 0.000635 -0.000406 1.000000 
-0.000028 -0.000192 1.000000 0.002152 0.001891 0.999996 0.005979 -0.002879 0.999978 -0.000213 0.000255 1.000000 0.023548 -0.003427 0.999717 0.001051 -0.000672 0.999999 
-0.000025 -0.000174 1.000000 0.002304 0.002025 0.999995 0.006292 -0.003030 0.999976 0.000559 -0.000668 1.000000 0.023539 -0.003425 0.999717 0.000823 -0.000527 1.000000 
-0.000021 -0.000147 1.000000 0.002767 0.002431 0.999993 0.005948 -0.002866 0.999978 -0.000323 0.000385 1.000000 0.023452 -0.003412 0.999719 0.001489 -0.000954 0.999998 
-0.000021 -0.000144 1.000000 0.002679 0.002354 0.999994 0.006145 -0.002961 0.999977 0.000128 -0.000153 1.000000 0.023437 -0.003409 0.999720 0.001288 -0.000825 0.999999 
-0.000021 -0.000144 1.000000 0.002431 0.002137 0.999995 0.006130 -0.002954 0.999977 0.000110 -0.000132 1.000000 0.023374 -0.003400 0.999721 0.001164 -0.000745 0.999999 
-0.000224 -0.001562 0.999999 0.002202 0.001935 0.999996 0.005901 -0.002844 0.999979 0.000091 -0.000108 1.000000 0.024703 -0.003593 0.999688 0.001061 -0.000680 0.999999 
-0.000203 -0.001414 0.999999 0.002005 0.001762 0.999996 0.005944 -0.002865 0.999978 0.000080 -0.000096 1.000000 0.024646 -0.003585 0.999690 0.000951 -0.000610 0.999999 
-0.000183 -0.001274 0.999999 0.003111 0.002734 0.999991 0.005702 -0.002751 0.999980 -0.000407 0.000487 1.000000 0.024565 -0.003572 0.999692 0.001661 -0.001066 0.999998 
-0.000128 -0.000894 1.000000 0.003820 0.003358 0.999987 0.005644 -0.002724 0.999980 -0.000825 0.000985 0.999999 0.024727 -0.003595 0.999688 0.002092 -0.001343 0.999997 
-0.000116 -0.000807 1.000000 0.003453 0.003035 0.999989 0.005751 -0.002775 0.999980 -0.000745 0.000890 0.999999 0.024794 -0.003604 0.999686 0.001879 -0.001206 0.999998 
-0.000105 -0.000734 1.000000 0.003123 0.002745 0.999991 0.005852 -0.002824 0.999979 -0.000672 0.000803 0.999999 0.024874 -0.003616 0.999684 0.001689 -0.001084 0.999998 
-0.000095 -0.000665 1.000000 0.003072 0.002701 0.999992 0.006173 -0.002979 0.999977 -0.000059 0.000071 1.000000 0.024975 -0.003630 0.999681 0.001443 -0.000926 0.999999 
-0.000086 -0.000599 1.000000 0.005245 0.004610 0.999976 0.005679 -0.002744 0.999980 -0.000890 0.001063 0.999999 0.024820 -0.003606 0.999685 0.002808 -0.001807 0.999994 
-0.000077 -0.000535 1.000000 0.004738 0.004164 0.999980 0.005792 -0.002799 0.999979 -0.000804 0.000960 0.999999 0.024902 -0.003618 0.999683 0.002525 -0.001625 0.999995 
-0.000068 -0.000472 1.000000 0.004035 0.003546 0.999986 0.006171 -0.002982 0.999977 -0.000225 0.000269 1.000000 0.025000 -0.003632 0.999681 0.002038 -0.001311 0.999997 
-0.000060 -0.000420 1.000000 0.003651 0.003209 0.999988 0.006223 -0.003007 0.999976 -0.000201 0.000240 1.000000 0.025021 -0.003635 0.999680 0.001828 -0.001177 0.999998 
-0.000054 -0.000377 1.000000 0.003308 0.002908 0.999990 0.006267 -0.003028 0.999976 -0.000180 0.000215 1.000000 0.025034 -0.003636 0.999680 0.001642 -0.001057 0.999998 
-0.000049 -0.000341 1.000000 0.004129 0.003633 0.999985 0.005808 -0.002808 0.999979 -0.001365 0.001629 0.999998 0.025022 -0.003633 0.999680 0.002611 -0.001683 0.999995 
-0.000043 -0.000303 1.000000 0.003934 0.003461 0.999986 0.006263 -0.003028 0.999976 -0.000314 0.000374 1.000000 0.024957 -0.003622 0.999682 0.002132 -0.001374 0.999997 
-0.000039 -0.000272 1.000000 0.003562 0.003134 0.999989 0.006300 -0.003046 0.999976 -0.000281 0.000335 1.000000 0.024962 -0.003623 0.999682 0.001916 -0.001235 0.999997 
-0.000036 -0.000248 1.000000 0.003230 0.002842 0.999991 0.006327 -0.003059 0.999975 -0.000253 0.000302 1.000000 0.024952 -0.003621 0.999682 0.001725 -0.001112 0.999998 
-0.000032 -0.000226 1.000000 0.002929 0.002577 0.999992 0.006350 -0.003071 0.999975 -0.000228 0.000272 1.000000 0.024938 -0.003619 0.999682 0.001552 -0.001001 0.999998 
