-0.001153 -0.004130 0.999991 -0.003451 0.000980 0.999994 -0.003564 0.000927 0.999993 -0.001185 -0.004144 0.999991 
-0.000868 -0.003108 0.999995 -0.003393 0.000964 0.999994 -0.003483 0.000906 0.999994 -0.000893 -0.003124 0.999995 
-0.000646 -0.002311 0.999997 -0.002972 0.000845 0.999995 -0.003042 0.000792 0.999995 -0.000666 -0.002325 0.999997 
-0.000284 -0.001016 0.999999 -0.003193 0.000908 0.999994 -0.003234 0.000842 0.999994 -0.000296 -0.001034 0.999999 
-0.000260 -0.000929 1.000000 -0.002845 0.000809 0.999996 -0.002883 0.000751 0.999996 -0.000270 -0.000945 1.000000 
-0.000656 -0.002344 0.999997 -0.000806 0.000229 1.000000 -0.000863 0.000225 1.000000 -0.000672 -0.002345 0.999997 
-0.000597 -0.002133 0.999998 -0.000682 0.000194 1.000000 -0.000734 0.000191 1.000000 -0.000611 -0.002133 0.999998 
-0.000696 -0.002487 0.999997 0.000108 -0.000031 1.000000 0.000053 -0.000014 1.000000 -0.000711 -0.002482 0.999997 
-0.000528 -0.001888 0.999998 0.000396 -0.000113 1.000000 0.000357 -0.000093 1.000000 -0.000539 -0.001882 0.999998 
-0.000317 -0.001131 0.999999 0.001058 -0.000301 0.999999 0.001039 -0.000271 0.999999 -0.000322 -0.001123 0.999999 
-0.000496 -0.001772 0.999998 0.001618 -0.000460 0.999999 0.001588 -0.000414 0.999999 -0.000504 -0.001759 0.999998 
-0.000445 -0.001589 0.999999 0.006501 -0.001850 0.999977 0.006504 -0.001695 0.999977 -0.000443 -0.001547 0.999999 
-0.000399 -0.001428 0.999999 0.017047 -0.004840 0.999843 0.017116 -0.004450 0.999844 -0.000378 -0.001321 0.999999 
-0.000357 -0.001281 0.999999 0.020723 -0.005873 0.999768 0.020817 -0.005401 0.999769 -0.000329 -0.001153 0.999999 
-0.000317 -0.001137 0.999999 0.018781 -0.005323 0.999809 0.018867 -0.004895 0.999810 -0.000291 -0.001020 0.999999 
-0.000283 -0.001014 0.999999 0.012916 -0.003660 0.999910 0.012970 -0.003365 0.999910 -0.000266 -0.000933 1.000000 
-0.000285 -0.001024 0.999999 0.010694 -0.003031 0.999938 0.010735 -0.002785 0.999939 -0.000273 -0.000957 1.000000 
-0.000227 -0.000814 1.000000 0.015448 -0.004372 0.999871 0.015521 -0.004021 0.999871 -0.000205 -0.000718 1.000000 
-0.000200 -0.000749 1.000000 0.026530 -0.007215 0.999622 0.026663 -0.006616 0.999623 -0.000161 -0.000586 1.000000 
-0.000180 -0.000696 1.000000 0.032575 -0.008582 0.999432 0.032738 -0.007849 0.999433 -0.000132 -0.000496 1.000000 
-0.000170 -0.000667 1.000000 0.033798 -0.008766 0.999390 0.033965 -0.008005 0.999391 -0.000120 -0.000460 1.000000 
-0.000179 -0.000680 1.000000 0.018535 -0.004976 0.999816 0.018623 -0.004557 0.999816 -0.000153 -0.000565 1.000000 
0.000182 0.000816 1.000000 0.013543 -0.003077 0.999904 0.013625 -0.002777 0.999903 0.000206 0.000898 1.000000 
-0.001363 -0.005152 0.999986 0.013765 -0.003706 0.999898 0.013727 -0.003369 0.999900 -0.001372 -0.005060 0.999986 
-0.000887 -0.002955 0.999995 0.000334 0.000022 1.000000 0.001383 -0.003041 0.999994 0.013408 -0.003675 0.999903 0.000137 -0.003402 0.999994 -0.000068 0.000144 1.000000 
-0.000607 -0.002021 0.999998 0.000334 0.000017 1.000000 0.001187 -0.002636 0.999996 0.011990 -0.003285 0.999923 0.000069 -0.002654 0.999996 -0.000159 0.000341 1.000000 
-0.000532 -0.001772 0.999998 0.000304 0.000015 1.000000 0.001024 -0.002272 0.999997 0.010391 -0.002847 0.999942 0.000060 -0.002321 0.999997 -0.000139 0.000298 1.000000 
-0.000480 -0.001601 0.999999 0.000284 0.000014 1.000000 0.000895 -0.001986 0.999998 0.009290 -0.002545 0.999954 0.000046 -0.001785 0.999998 -0.000105 0.000225 1.000000 
-0.000635 -0.002119 0.999998 0.000140 0.000007 1.000000 0.000843 -0.001872 0.999998 0.009796 -0.002680 0.999948 0.000052 -0.002183 0.999998 -0.000190 0.000407 1.000000 
-0.000518 -0.001728 0.999998 0.000099 0.000005 1.000000 0.000964 -0.002141 0.999997 0.011629 -0.003182 0.999927 0.000055 -0.002425 0.999997 -0.000404 0.000865 1.000000 
-0.000461 -0.001537 0.999999 0.000216 0.000010 1.000000 0.000910 -0.002021 0.999998 0.010900 -0.002982 0.999936 0.000049 -0.002178 0.999998 -0.000354 0.000759 1.000000 
-0.000421 -0.001404 0.999999 0.000617 0.000029 1.000000 0.000851 -0.001891 0.999998 0.010434 -0.002855 0.999941 0.000040 -0.001795 0.999998 -0.000262 0.000562 1.000000 
-0.000341 -0.001137 0.999999 0.000535 0.000025 1.000000 0.000835 -0.001855 0.999998 0.009941 -0.002719 0.999947 0.000035 -0.001578 0.999999 -0.000259 0.000556 1.000000 
-0.000311 -0.001036 0.999999 0.000466 0.000022 1.000000 0.000712 -0.001582 0.999998 0.008667 -0.002371 0.999960 0.000030 -0.001339 0.999999 -0.000228 0.000489 1.000000 
-0.000286 -0.000955 1.000000 -0.000260 -0.000012 1.000000 0.000484 -0.001075 0.999999 0.006387 -0.001744 0.999978 0.000027 -0.001135 0.999999 -0.000299 0.000641 1.000000 
-0.000270 -0.000904 1.000000 -0.001818 -0.000089 0.999998 0.000225 -0.000499 1.000000 0.004266 -0.001163 0.999990 0.000010 -0.000400 1.000000 -0.000504 0.001081 0.999999 
-0.000237 -0.000793 1.000000 -0.003928 -0.000195 0.999992 0.000086 -0.000190 1.000000 0.003309 -0.000901 0.999994 -0.000004 0.000157 1.000000 -0.000866 0.001857 0.999998 
-0.000031 -0.000103 1.000000 -0.006105 -0.000303 0.999981 0.000005 -0.000010 1.000000 0.002802 -0.000763 0.999996 -0.000015 0.000589 1.000000 -0.001364 0.002923 0.999995 
-0.000025 -0.000085 1.000000 -0.008089 -0.000403 0.999967 -0.000009 0.000021 1.000000 0.002479 -0.000675 0.999997 -0.000015 0.000576 1.000000 -0.001709 0.003660 0.999992 
-0.000190 -0.000635 1.000000 -0.009864 -0.000491 0.999951 -0.000107 0.000237 1.000000 0.003350 -0.000913 0.999994 -0.000014 0.000563 1.000000 -0.002131 0.004564 0.999987 
-0.000422 -0.001413 0.999999 -0.011497 -0.000570 0.999934 -0.000134 0.000298 1.000000 0.003972 -0.001082 0.999992 -0.000009 0.000338 1.000000 -0.002410 0.005161 0.999984 
-0.000377 -0.001263 0.999999 -0.012627 -0.000622 0.999920 -0.000103 0.000228 1.000000 0.003567 -0.000972 0.999993 0.000002 -0.000078 1.000000 -0.002613 0.005598 0.999981 
-0.000339 -0.001136 0.999999 -0.013404 -0.000656 0.999910 -0.000082 0.000182 1.000000 0.003208 -0.000874 0.999994 0.000012 -0.000490 1.000000 -0.002764 0.005921 0.999979 
-0.000306 -0.001026 0.999999 -0.013970 -0.000678 0.999902 -0.000068 0.000151 1.000000 0.002883 -0.000785 0.999996 0.000021 -0.000878 1.000000 -0.002881 0.006171 0.999977 
-0.000277 -0.000927 1.000000 -0.014496 -0.000697 0.999895 -0.000057 0.000126 1.000000 0.002591 -0.000706 0.999996 0.000029 -0.001216 0.999999 -0.002988 0.006401 0.999975 
-0.000440 -0.001474 0.999999 -0.014930 -0.000713 0.999888 -0.000239 0.000531 1.000000 0.002302 -0.000627 0.999997 0.000035 -0.001474 0.999999 -0.003134 0.006715 0.999973 
-0.000402 -0.001346 0.999999 -0.015363 -0.000728 0.999882 -0.000218 0.000483 1.000000 0.002083 -0.000568 0.999998 0.000039 -0.001668 0.999999 -0.003213 0.006883 0.999971 
-0.000368 -0.001233 0.999999 -0.015774 -0.000743 0.999875 -0.000199 0.000443 1.000000 0.001888 -0.000514 0.999998 0.000041 -0.001784 0.999998 -0.003281 0.007029 0.999970 
-0.000337 -0.001129 0.999999 -0.016037 -0.000754 0.999871 -0.000182 0.000405 1.000000 0.001724 -0.000470 0.999998 0.000042 -0.001851 0.999998 -0.003321 0.007113 0.999969 
-0.000309 -0.001034 0.999999 -0.016207 -0.000761 0.999868 -0.000166 0.000370 1.000000 0.001583 -0.000431 0.999999 0.000043 -0.001893 0.999998 -0.003342 0.007160 0.999969 
-0.000996 -0.003339 0.999994 -0.016229 -0.000765 0.999868 -0.000533 0.001185 0.999999 0.001522 -0.000415 0.999999 0.000046 -0.002009 0.999998 -0.003268 0.007003 0.999970 
-0.000944 -0.003164 0.999995 -0.016341 -0.000769 0.999866 -0.000492 0.001093 0.999999 0.002291 -0.000624 0.999997 0.000047 -0.002063 0.999998 -0.003381 0.007245 0.999968 
-0.000856 -0.002868 0.999996 -0.016406 -0.000772 0.999865 -0.000446 0.000992 0.999999 0.002095 -0.000571 0.999998 0.000048 -0.002093 0.999998 -0.003385 0.007252 0.999968 
-0.000811 -0.002719 0.999996 -0.016447 -0.000774 0.999864 -0.000416 0.000925 0.999999 0.001974 -0.000538 0.999998 0.000049 -0.002126 0.999998 -0.003381 0.007243 0.999968 
-0.001173 -0.003937 0.999992 -0.016430 -0.000774 0.999865 -0.000685 0.001524 0.999999 0.000621 -0.000169 1.000000 0.000050 -0.002169 0.999998 -0.003247 0.006961 0.999971 
-0.001137 -0.003814 0.999992 -0.016410 -0.000773 0.999865 -0.000731 0.001625 0.999998 0.000281 -0.000076 1.000000 0.000051 -0.002198 0.999998 -0.003273 0.007018 0.999970 
-0.001031 -0.003461 0.999993 -0.016403 -0.000773 0.999865 -0.000662 0.001472 0.999999 0.000289 -0.000079 1.000000 0.000051 -0.002234 0.999998 -0.003277 0.007027 0.999970 
-0.000937 -0.003144 0.999995 -0.016391 -0.000772 0.999865 -0.000600 0.001334 0.999999 0.000300 -0.000081 1.000000 0.000052 -0.002259 0.999997 -0.003279 0.007031 0.999970 
-0.000851 -0.002855 0.999996 -0.016377 -0.000771 0.999866 -0.000543 0.001208 0.999999 0.000305 -0.000083 1.000000 0.000052 -0.002280 0.999997 -0.003280 0.007032 0.999970 
-0.000773 -0.002593 0.999996 -0.016365 -0.000770 0.999866 -0.000493 0.001095 0.999999 0.000305 -0.000083 1.000000 0.000053 -0.002293 0.999997 -0.003279 0.007032 0.999970 
-0.000703 -0.002359 0.999997 -0.016356 -0.000769 0.999866 -0.000447 0.000994 0.999999 0.000308 -0.000084 1.000000 0.000053 -0.002295 0.999997 -0.003278 0.007030 0.999970 
-0.000639 -0.002144 0.999997 -0.016350 -0.000769 0.999866 -0.000405 0.000901 1.000000 0.000311 -0.000085 1.000000 0.000052 -0.002285 0.999997 -0.003277 0.007026 0.999970 
-0.000610 -0.002048 0.999998 -0.016315 -0.000767 0.999867 -0.000372 0.000826 1.000000 0.000435 -0.000118 1.000000 0.000052 -0.002273 0.999997 -0.003270 0.007011 0.999970 
-0.000556 -0.001866 0.999998 -0.016273 -0.000765 0.999867 -0.000337 0.000749 1.000000 0.000432 -0.000118 1.000000 0.000052 -0.002251 0.999997 -0.003260 0.006990 0.999970 
-0.000508 -0.001705 0.999998 -0.016222 -0.000763 0.999868 -0.000306 0.000681 1.000000 0.000426 -0.000116 1.000000 0.000051 -0.002222 0.999998 -0.003247 0.006963 0.999970 
-0.000464 -0.001558 0.999999 -0.016160 -0.000760 0.999869 -0.000278 0.000618 1.000000 0.000418 -0.000114 1.000000 0.000050 -0.002187 0.999998 -0.003232 0.006929 0.999971 
-0.000425 -0.001426 0.999999 -0.016081 -0.000756 0.999870 -0.000253 0.000563 1.000000 0.000409 -0.000111 1.000000 0.000049 -0.002148 0.999998 -0.003213 0.006888 0.999971 
-0.000399 -0.001337 0.999999 -0.015975 -0.000751 0.999872 -0.000231 0.000515 1.000000 0.000444 -0.000121 1.000000 0.000049 -0.002116 0.999998 -0.003189 0.006839 0.999972 
-0.000366 -0.001227 0.999999 -0.015856 -0.000746 0.999874 -0.000211 0.000468 1.000000 0.000437 -0.000119 1.000000 0.000048 -0.002080 0.999998 -0.003163 0.006783 0.999972 
-0.000336 -0.001127 0.999999 -0.015723 -0.000740 0.999876 -0.000191 0.000425 1.000000 0.000436 -0.000119 1.000000 0.000047 -0.002041 0.999998 -0.003135 0.006722 0.999972 
-0.000489 -0.001641 0.999999 -0.015570 -0.000734 0.999879 -0.000352 0.000783 1.000000 0.000908 -0.000247 1.000000 0.000048 -0.002073 0.999998 -0.003226 0.006917 0.999971 
-0.000449 -0.001507 0.999999 -0.015425 -0.000727 0.999881 -0.000320 0.000711 1.000000 0.000871 -0.000237 1.000000 0.000047 -0.002019 0.999998 -0.003182 0.006824 0.999972 
-0.000412 -0.001384 0.999999 -0.015275 -0.000720 0.999883 -0.000290 0.000646 1.000000 0.000836 -0.000227 1.000000 0.000046 -0.001979 0.999998 -0.003141 0.006735 0.999972 
-0.000841 -0.002820 0.999996 -0.015084 -0.000712 0.999886 -0.000334 0.000743 1.000000 0.002556 -0.000695 0.999996 0.000047 -0.002019 0.999998 -0.003087 0.006619 0.999973 
-0.000762 -0.002557 0.999996 -0.014944 -0.000705 0.999888 -0.000303 0.000675 1.000000 0.002342 -0.000637 0.999997 0.000046 -0.001974 0.999998 -0.003051 0.006541 0.999974 
-0.000957 -0.003210 0.999994 -0.014766 -0.000698 0.999891 -0.000317 0.000704 1.000000 0.003221 -0.000876 0.999994 0.000046 -0.001988 0.999998 -0.003014 0.006463 0.999975 
-0.001122 -0.003764 0.999992 -0.014606 -0.000691 0.999893 -0.000343 0.000762 1.000000 0.004316 -0.001175 0.999990 0.000046 -0.001978 0.999998 -0.003036 0.006508 0.999974 
-0.000800 -0.002681 0.999996 -0.014431 -0.000683 0.999896 -0.000239 0.000530 1.000000 0.004495 -0.001224 0.999989 0.000043 -0.001872 0.999998 -0.003119 0.006684 0.999973 
-0.001007 -0.003376 0.999994 -0.014214 -0.000674 0.999899 -0.000261 0.000579 1.000000 0.005196 -0.001415 0.999985 0.000043 -0.001828 0.999998 -0.003048 0.006532 0.999974 
-0.000914 -0.003065 0.999995 -0.013967 -0.000663 0.999902 -0.000237 0.000527 1.000000 0.004730 -0.001288 0.999988 0.000041 -0.001766 0.999998 -0.002976 0.006377 0.999975 
-0.001489 -0.004980 0.999986 -0.013670 -0.000649 0.999906 -0.000418 0.000929 0.999999 0.008162 -0.002227 0.999964 0.000046 -0.001978 0.999998 -0.003170 0.006795 0.999972 
-0.001194 -0.003993 0.999991 -0.013349 -0.000632 0.999911 -0.000346 0.000770 1.000000 0.007645 -0.002086 0.999969 0.000042 -0.001794 0.999998 -0.003146 0.006743 0.999972 
-0.001082 -0.003620 0.999993 -0.013024 -0.000618 0.999915 -0.000315 0.000699 1.000000 0.006946 -0.001895 0.999974 0.000037 -0.001602 0.999999 -0.003020 0.006473 0.999974 
-0.001784 -0.005973 0.999981 -0.012718 -0.000605 0.999919 -0.000804 0.001787 0.999998 0.004897 -0.001335 0.999987 0.000036 -0.001523 0.999999 -0.002733 0.005864 0.999979 
-0.001563 -0.005235 0.999985 -0.012422 -0.000592 0.999923 -0.000700 0.001556 0.999999 0.004888 -0.001332 0.999987 0.000033 -0.001416 0.999999 -0.002706 0.005804 0.999979 
-0.001105 -0.003698 0.999993 -0.012133 -0.000578 0.999926 -0.000576 0.001281 0.999999 0.004767 -0.001300 0.999988 0.000029 -0.001232 0.999999 -0.002789 0.005982 0.999978 
-0.001006 -0.003369 0.999994 -0.011885 -0.000567 0.999929 -0.000525 0.001168 0.999999 0.004394 -0.001198 0.999990 0.000025 -0.001071 0.999999 -0.002694 0.005777 0.999980 
-0.000917 -0.003070 0.999995 -0.011551 -0.000551 0.999933 -0.000453 0.001006 0.999999 0.004045 -0.001103 0.999991 0.000033 -0.001379 0.999999 -0.002613 0.005604 0.999981 
-0.000833 -0.002789 0.999996 -0.011323 -0.000541 0.999936 -0.000410 0.000912 0.999999 0.003724 -0.001015 0.999993 0.000031 -0.001296 0.999999 -0.002536 0.005438 0.999982 
-0.000454 -0.001519 0.999999 -0.011118 -0.000532 0.999938 -0.000249 0.000552 1.000000 0.004358 -0.001189 0.999990 0.000030 -0.001247 0.999999 -0.002654 0.005690 0.999980 
-0.000417 -0.001394 0.999999 -0.010870 -0.000520 0.999941 -0.000206 0.000459 1.000000 0.004009 -0.001094 0.999991 0.000036 -0.001509 0.999999 -0.002580 0.005532 0.999981 
-0.001250 -0.004187 0.999990 -0.010726 -0.000515 0.999942 -0.000528 0.001173 0.999999 0.004304 -0.001173 0.999990 0.000038 -0.001594 0.999999 -0.002379 0.005102 0.999984 
-0.000869 -0.002910 0.999995 -0.010642 -0.000511 0.999943 -0.000411 0.000914 0.999999 0.004284 -0.001168 0.999990 0.000037 -0.001555 0.999999 -0.002487 0.005333 0.999983 
-0.000791 -0.002649 0.999996 -0.010581 -0.000508 0.999944 -0.000373 0.000829 1.000000 0.003945 -0.001075 0.999992 0.000035 -0.001446 0.999999 -0.002434 0.005220 0.999983 
-0.001177 -0.003943 0.999992 -0.010501 -0.000504 0.999945 -0.000419 0.000931 0.999999 0.005673 -0.001545 0.999983 0.000034 -0.001422 0.999999 -0.002424 0.005197 0.999984 
-0.001183 -0.003964 0.999991 -0.010474 -0.000503 0.999945 -0.000390 0.000866 1.000000 0.006503 -0.001772 0.999977 0.000033 -0.001372 0.999999 -0.002482 0.005318 0.999983 
-0.001207 -0.004042 0.999991 -0.010445 -0.000502 0.999945 -0.000393 0.000872 1.000000 0.006810 -0.001856 0.999975 0.000034 -0.001426 0.999999 -0.002508 0.005373 0.999982 
-0.000983 -0.003291 0.999994 -0.010335 -0.000497 0.999946 -0.000314 0.000697 1.000000 0.007635 -0.002082 0.999969 0.000038 -0.001602 0.999999 -0.002675 0.005730 0.999980 
-0.001106 -0.003700 0.999993 -0.010298 -0.000495 0.999947 -0.000333 0.000740 1.000000 0.008165 -0.002228 0.999964 0.000038 -0.001577 0.999999 -0.002670 0.005719 0.999980 
-0.001004 -0.003361 0.999994 -0.010253 -0.000494 0.999947 -0.000302 0.000670 1.000000 0.007436 -0.002029 0.999970 0.000038 -0.001566 0.999999 -0.002607 0.005584 0.999981 
-0.001388 -0.004645 0.999988 -0.010263 -0.000495 0.999947 -0.000403 0.000895 1.000000 0.009433 -0.002572 0.999952 0.000038 -0.001572 0.999999 -0.002704 0.005790 0.999980 
-0.001259 -0.004213 0.999990 -0.010184 -0.000491 0.999948 -0.000366 0.000812 1.000000 0.008968 -0.002445 0.999957 0.000038 -0.001553 0.999999 -0.002677 0.005733 0.999980 
-0.000995 -0.003332 0.999994 -0.010090 -0.000487 0.999949 -0.000320 0.000709 1.000000 0.008679 -0.002367 0.999960 0.000035 -0.001437 0.999999 -0.002735 0.005854 0.999979 
-0.001723 -0.005768 0.999982 -0.009962 -0.000482 0.999950 -0.000508 0.001128 0.999999 0.009665 -0.002636 0.999950 0.000037 -0.001502 0.999999 -0.002557 0.005474 0.999982 
-0.001902 -0.006367 0.999978 -0.009817 -0.000476 0.999952 -0.000514 0.001140 0.999999 0.010092 -0.002751 0.999945 0.000038 -0.001573 0.999999 -0.002481 0.005312 0.999983 
-0.001724 -0.005770 0.999982 -0.009720 -0.000472 0.999953 -0.000465 0.001032 0.999999 0.009177 -0.002502 0.999955 0.000039 -0.001587 0.999999 -0.002421 0.005184 0.999984 
-0.001765 -0.005909 0.999981 -0.009679 -0.000471 0.999953 -0.000451 0.001001 0.999999 0.009153 -0.002496 0.999955 0.000039 -0.001587 0.999999 -0.002371 0.005075 0.999984 
-0.001281 -0.004287 0.999990 -0.009578 -0.000466 0.999954 -0.000325 0.000720 1.000000 0.008985 -0.002450 0.999957 0.000041 -0.001669 0.999999 -0.002529 0.005410 0.999982 
-0.002040 -0.006833 0.999975 -0.009477 -0.000462 0.999955 -0.000505 0.001121 0.999999 0.010421 -0.002839 0.999942 0.000042 -0.001719 0.999999 -0.002379 0.005091 0.999984 
-0.002177 -0.007294 0.999971 -0.009383 -0.000458 0.999956 -0.000635 0.001408 0.999999 0.008785 -0.002392 0.999959 0.000043 -0.001752 0.999998 -0.002207 0.004723 0.999986 
-0.001830 -0.006131 0.999980 -0.009301 -0.000454 0.999957 -0.000492 0.001092 0.999999 0.009324 -0.002541 0.999953 0.000042 -0.001699 0.999999 -0.002334 0.004993 0.999985 
-0.001942 -0.006505 0.999977 -0.009236 -0.000451 0.999957 -0.000534 0.001183 0.999999 0.008863 -0.002414 0.999958 0.000043 -0.001727 0.999999 -0.002238 0.004789 0.999986 
-0.001558 -0.005219 0.999985 -0.009219 -0.000450 0.999957 -0.000416 0.000923 0.999999 0.008612 -0.002347 0.999960 0.000040 -0.001608 0.999999 -0.002322 0.004967 0.999985 
-0.001706 -0.005715 0.999982 -0.009191 -0.000449 0.999958 -0.000355 0.000787 1.000000 0.009921 -0.002703 0.999947 0.000039 -0.001574 0.999999 -0.002317 0.004954 0.999985 
-0.001641 -0.005506 0.999983 -0.009095 -0.000444 0.999959 -0.000554 0.001229 0.999999 0.008444 -0.002297 0.999962 0.000037 -0.001490 0.999999 -0.002343 0.005014 0.999985 
-0.001508 -0.005065 0.999986 -0.008935 -0.000437 0.999960 -0.000522 0.001157 0.999999 0.007469 -0.002028 0.999970 0.000035 -0.001418 0.999999 -0.002241 0.004795 0.999986 
-0.001178 -0.003959 0.999991 -0.008917 -0.000436 0.999960 -0.000421 0.000935 0.999999 0.007203 -0.001957 0.999972 0.000033 -0.001329 0.999999 -0.002308 0.004939 0.999985 
-0.001313 -0.004409 0.999989 -0.008892 -0.000435 0.999960 -0.000424 0.000940 0.999999 0.007528 -0.002045 0.999970 0.000029 -0.001188 0.999999 -0.002243 0.004799 0.999986 
-0.001191 -0.004003 0.999991 -0.008917 -0.000437 0.999960 -0.000387 0.000857 1.000000 0.006827 -0.001854 0.999975 0.000029 -0.001161 0.999999 -0.002201 0.004709 0.999986 
-0.001131 -0.003800 0.999992 -0.008927 -0.000438 0.999960 -0.000341 0.000757 1.000000 0.006935 -0.001884 0.999974 0.000028 -0.001132 0.999999 -0.002207 0.004722 0.999986 
-0.001028 -0.003453 0.999994 -0.009013 -0.000442 0.999959 -0.000309 0.000685 1.000000 0.006336 -0.001721 0.999978 0.000028 -0.001110 0.999999 -0.002183 0.004670 0.999987 
-0.001355 -0.004552 0.999989 -0.009080 -0.000446 0.999959 -0.000344 0.000763 1.000000 0.007420 -0.002015 0.999970 0.000029 -0.001166 0.999999 -0.002157 0.004614 0.999987 
-0.001555 -0.005225 0.999985 -0.009119 -0.000449 0.999958 -0.000377 0.000835 1.000000 0.008364 -0.002271 0.999962 0.000032 -0.001252 0.999999 -0.002192 0.004688 0.999987 
-0.001401 -0.004709 0.999988 -0.009239 -0.000455 0.999957 -0.000339 0.000752 1.000000 0.007603 -0.002064 0.999969 0.000032 -0.001269 0.999999 -0.002186 0.004674 0.999987 
-0.001298 -0.004366 0.999990 -0.009382 -0.000463 0.999956 -0.000315 0.000698 1.000000 0.006933 -0.001880 0.999974 0.000032 -0.001258 0.999999 -0.002171 0.004643 0.999987 
-0.001177 -0.003961 0.999991 -0.009576 -0.000472 0.999954 -0.000285 0.000631 1.000000 0.006323 -0.001715 0.999979 0.000032 -0.001252 0.999999 -0.002180 0.004662 0.999987 
-0.001070 -0.003601 0.999993 -0.009784 -0.000482 0.999952 -0.000257 0.000570 1.000000 0.005780 -0.001568 0.999982 0.000033 -0.001292 0.999999 -0.002199 0.004703 0.999987 
-0.000975 -0.003279 0.999994 -0.010009 -0.000494 0.999950 -0.000232 0.000514 1.000000 0.005301 -0.001438 0.999985 0.000035 -0.001372 0.999999 -0.002229 0.004765 0.999986 
-0.001740 -0.005858 0.999981 -0.010186 -0.000503 0.999948 -0.000451 0.001000 0.999999 0.006652 -0.001803 0.999976 0.000038 -0.001517 0.999999 -0.002163 0.004625 0.999987 
-0.001576 -0.005305 0.999985 -0.010482 -0.000518 0.999945 -0.000409 0.000906 1.000000 0.006069 -0.001644 0.999980 0.000039 -0.001551 0.999999 -0.002215 0.004735 0.999986 
-0.001227 -0.004131 0.999991 -0.010732 -0.000530 0.999942 -0.000297 0.000658 1.000000 0.006112 -0.001657 0.999980 0.000039 -0.001557 0.999999 -0.002382 0.005090 0.999984 
-0.000976 -0.003284 0.999994 -0.010976 -0.000542 0.999940 -0.000233 0.000516 1.000000 0.005874 -0.001593 0.999981 0.000041 -0.001625 0.999999 -0.002506 0.005353 0.999983 
-0.001182 -0.003978 0.999991 -0.011185 -0.000553 0.999937 -0.000258 0.000571 1.000000 0.006495 -0.001761 0.999977 0.000042 -0.001667 0.999999 -0.002517 0.005375 0.999982 
-0.000790 -0.002661 0.999996 -0.011340 -0.000561 0.999936 -0.000204 0.000451 1.000000 0.007659 -0.002075 0.999969 0.000042 -0.001638 0.999999 -0.002882 0.006150 0.999977 
-0.001854 -0.006245 0.999979 -0.011468 -0.000569 0.999934 -0.000722 0.001597 0.999998 0.007163 -0.001940 0.999972 0.000045 -0.001750 0.999998 -0.002678 0.005717 0.999980 
-0.002154 -0.007258 0.999971 -0.011611 -0.000577 0.999932 -0.000868 0.001922 0.999998 0.006931 -0.001877 0.999974 0.000046 -0.001796 0.999998 -0.002630 0.005618 0.999981 
-0.002068 -0.006968 0.999974 -0.011800 -0.000587 0.999930 -0.000864 0.001913 0.999998 0.006153 -0.001666 0.999980 0.000044 -0.001727 0.999999 -0.002614 0.005584 0.999981 
-0.001878 -0.006327 0.999978 -0.012051 -0.000599 0.999927 -0.000781 0.001730 0.999998 0.005642 -0.001527 0.999983 0.000043 -0.001693 0.999999 -0.002636 0.005630 0.999981 
-0.002230 -0.007516 0.999969 -0.012202 -0.000608 0.999925 -0.000809 0.001790 0.999998 0.007598 -0.002056 0.999969 0.000046 -0.001802 0.999998 -0.002712 0.005792 0.999980 
-0.002024 -0.006821 0.999975 -0.012405 -0.000619 0.999923 -0.000732 0.001620 0.999998 0.006931 -0.001876 0.999974 0.000048 -0.001847 0.999998 -0.002732 0.005834 0.999979 
-0.001838 -0.006195 0.999979 -0.012610 -0.000629 0.999920 -0.000663 0.001466 0.999999 0.006335 -0.001715 0.999978 0.000050 -0.001924 0.999998 -0.002759 0.005890 0.999979 
-0.001912 -0.006445 0.999977 -0.012723 -0.000634 0.999919 -0.000657 0.001455 0.999999 0.007753 -0.002098 0.999968 0.000051 -0.001994 0.999998 -0.002906 0.006203 0.999977 
-0.001837 -0.006191 0.999979 -0.012814 -0.000637 0.999918 -0.000607 0.001344 0.999999 0.007876 -0.002132 0.999967 0.000052 -0.002024 0.999998 -0.002941 0.006277 0.999976 
-0.001669 -0.005624 0.999983 -0.012876 -0.000640 0.999917 -0.000550 0.001216 0.999999 0.007189 -0.001946 0.999972 0.000054 -0.002089 0.999998 -0.002929 0.006251 0.999976 
-0.001518 -0.005115 0.999986 -0.012928 -0.000643 0.999916 -0.000497 0.001100 0.999999 0.006571 -0.001779 0.999977 0.000056 -0.002168 0.999998 -0.002920 0.006230 0.999976 
-0.001380 -0.004649 0.999988 -0.012992 -0.000647 0.999915 -0.000450 0.000996 0.999999 0.006005 -0.001626 0.999981 0.000057 -0.002216 0.999998 -0.002912 0.006213 0.999976 
-0.001174 -0.003957 0.999991 -0.013021 -0.000648 0.999915 -0.000395 0.000874 1.000000 0.005599 -0.001516 0.999983 0.000057 -0.002216 0.999998 -0.002948 0.006288 0.999976 
-0.001068 -0.003600 0.999993 -0.013045 -0.000650 0.999915 -0.000358 0.000791 1.000000 0.005117 -0.001385 0.999986 0.000057 -0.002225 0.999998 -0.002929 0.006245 0.999976 
-0.001238 -0.004178 0.999991 -0.012920 -0.000643 0.999916 -0.000342 0.000756 1.000000 0.006059 -0.001638 0.999980 0.000059 -0.002278 0.999997 -0.002901 0.006183 0.999977 
-0.002075 -0.007009 0.999973 -0.012613 -0.000630 0.999920 -0.000409 0.000904 1.000000 0.011764 -0.003176 0.999926 0.000066 -0.002544 0.999997 -0.003091 0.006582 0.999974 
-0.002158 -0.007291 0.999971 -0.012285 -0.000615 0.999924 -0.000570 0.001257 0.999999 0.009922 -0.002678 0.999947 0.000066 -0.002543 0.999997 -0.002910 0.006197 0.999977 
-0.002002 -0.006768 0.999975 -0.011999 -0.000602 0.999928 -0.000553 0.001221 0.999999 0.009405 -0.002537 0.999953 0.000066 -0.002536 0.999997 -0.002877 0.006128 0.999977 
-0.001819 -0.006148 0.999979 -0.011791 -0.000592 0.999930 -0.000500 0.001104 0.999999 0.008576 -0.002314 0.999961 0.000063 -0.002421 0.999997 -0.002793 0.005948 0.999978 
-0.002143 -0.007240 0.999971 -0.011555 -0.000581 0.999933 -0.000630 0.001391 0.999999 0.008887 -0.002398 0.999958 0.000063 -0.002418 0.999997 -0.002704 0.005761 0.999980 
-0.002306 -0.007788 0.999967 -0.011148 -0.000562 0.999938 -0.000686 0.001515 0.999999 0.010589 -0.002860 0.999940 0.000064 -0.002425 0.999997 -0.002786 0.005935 0.999979 
-0.002878 -0.009722 0.999949 -0.010700 -0.000539 0.999943 -0.001076 0.002376 0.999997 0.010416 -0.002812 0.999942 0.000063 -0.002384 0.999997 -0.002687 0.005727 0.999980 
-0.002449 -0.008269 0.999963 -0.010335 -0.000522 0.999946 -0.000935 0.002064 0.999997 0.010585 -0.002859 0.999940 0.000058 -0.002202 0.999998 -0.002760 0.005881 0.999979 
-0.002940 -0.009930 0.999946 -0.009903 -0.000502 0.999951 -0.000961 0.002121 0.999997 0.012449 -0.003360 0.999917 0.000055 -0.002082 0.999998 -0.002600 0.005540 0.999981 
-0.002657 -0.008975 0.999956 -0.009567 -0.000486 0.999954 -0.000869 0.001919 0.999998 0.011315 -0.003054 0.999931 0.000051 -0.001907 0.999998 -0.002475 0.005272 0.999983 
-0.002406 -0.008127 0.999964 -0.009357 -0.000476 0.999956 -0.000787 0.001738 0.999998 0.010277 -0.002774 0.999943 0.000047 -0.001763 0.999998 -0.002376 0.005062 0.999984 
-0.002181 -0.007369 0.999970 -0.009135 -0.000466 0.999958 -0.000713 0.001574 0.999999 0.009349 -0.002523 0.999953 0.000046 -0.001700 0.999999 -0.002289 0.004875 0.999986 
-0.001979 -0.006686 0.999976 -0.008917 -0.000455 0.999960 -0.000645 0.001423 0.999999 0.008525 -0.002301 0.999961 0.000045 -0.001677 0.999999 -0.002211 0.004709 0.999986 
-0.002000 -0.006759 0.999975 -0.008675 -0.000444 0.999962 -0.000622 0.001372 0.999999 0.008469 -0.002285 0.999962 0.000046 -0.001697 0.999999 -0.002126 0.004527 0.999987 
-0.001819 -0.006148 0.999979 -0.008494 -0.000435 0.999964 -0.000560 0.001235 0.999999 0.007767 -0.002096 0.999968 0.000047 -0.001723 0.999999 -0.002069 0.004404 0.999988 
-0.002053 -0.006940 0.999974 -0.008325 -0.000427 0.999965 -0.000582 0.001283 0.999999 0.009002 -0.002428 0.999957 0.000049 -0.001788 0.999998 -0.002065 0.004394 0.999988 
-0.001866 -0.006308 0.999978 -0.008249 -0.000424 0.999966 -0.000524 0.001156 0.999999 0.008240 -0.002222 0.999964 0.000049 -0.001792 0.999998 -0.002025 0.004308 0.999989 
-0.001696 -0.005736 0.999982 -0.008203 -0.000422 0.999966 -0.000472 0.001039 0.999999 0.007564 -0.002040 0.999969 0.000051 -0.001859 0.999998 -0.002001 0.004256 0.999989 
-0.001795 -0.006071 0.999980 -0.008100 -0.000417 0.999967 -0.000405 0.000892 1.000000 0.010324 -0.002784 0.999943 0.000056 -0.002056 0.999998 -0.002211 0.004700 0.999987 
-0.002005 -0.006786 0.999975 -0.008010 -0.000412 0.999968 -0.000603 0.001329 0.999999 0.009165 -0.002469 0.999955 0.000054 -0.001987 0.999998 -0.002102 0.004469 0.999988 
-0.001821 -0.006164 0.999979 -0.008061 -0.000415 0.999967 -0.000545 0.001199 0.999999 0.008377 -0.002257 0.999962 0.000054 -0.001985 0.999998 -0.002078 0.004416 0.999988 
-0.002006 -0.006786 0.999975 -0.008083 -0.000417 0.999967 -0.000650 0.001431 0.999999 0.008766 -0.002362 0.999959 0.000056 -0.002046 0.999998 -0.002119 0.004505 0.999988 
-0.001822 -0.006165 0.999979 -0.008190 -0.000423 0.999966 -0.000586 0.001291 0.999999 0.008019 -0.002161 0.999966 0.000057 -0.002077 0.999998 -0.002110 0.004484 0.999988 
-0.002234 -0.007565 0.999969 -0.008190 -0.000423 0.999966 -0.000603 0.001328 0.999999 0.011183 -0.003011 0.999933 0.000063 -0.002277 0.999997 -0.002266 0.004813 0.999986 
-0.002667 -0.009031 0.999956 -0.008188 -0.000424 0.999966 -0.000494 0.001086 0.999999 0.015426 -0.004151 0.999872 0.000065 -0.002338 0.999997 -0.002401 0.005093 0.999984 
-0.003172 -0.010753 0.999937 -0.007861 -0.000406 0.999969 -0.000847 0.001863 0.999998 0.015138 -0.004069 0.999877 0.000065 -0.002371 0.999997 -0.002322 0.004931 0.999985 
-0.003567 -0.012107 0.999920 -0.007575 -0.000393 0.999971 -0.000987 0.002172 0.999997 0.016122 -0.004328 0.999861 0.000068 -0.002461 0.999997 -0.002277 0.004834 0.999986 
-0.003225 -0.010947 0.999935 -0.007493 -0.000390 0.999972 -0.000894 0.001968 0.999998 0.014626 -0.003926 0.999885 0.000069 -0.002452 0.999997 -0.002211 0.004694 0.999987 
-0.002769 -0.009403 0.999952 -0.007442 -0.000387 0.999972 -0.000795 0.001750 0.999998 0.013286 -0.003566 0.999905 0.000063 -0.002251 0.999997 -0.002215 0.004701 0.999986 
-0.002890 -0.009830 0.999948 -0.007275 -0.000379 0.999973 -0.000795 0.001748 0.999998 0.013397 -0.003589 0.999904 0.000064 -0.002265 0.999997 -0.002117 0.004493 0.999988 
-0.002886 -0.009817 0.999948 -0.007145 -0.000373 0.999974 -0.000772 0.001698 0.999998 0.013654 -0.003658 0.999900 0.000064 -0.002294 0.999997 -0.002108 0.004473 0.999988 
-0.002752 -0.009378 0.999952 -0.006882 -0.000360 0.999976 -0.000761 0.001673 0.999998 0.013173 -0.003522 0.999907 0.000065 -0.002303 0.999997 -0.002075 0.004403 0.999988 
-0.003003 -0.010244 0.999943 -0.006707 -0.000351 0.999977 -0.001187 0.002615 0.999996 0.010325 -0.002758 0.999943 0.000063 -0.002223 0.999998 -0.001938 0.004117 0.999990 
-0.002827 -0.009645 0.999949 -0.006546 -0.000343 0.999979 -0.001095 0.002411 0.999996 0.010345 -0.002762 0.999943 0.000059 -0.002084 0.999998 -0.001919 0.004076 0.999990 
-0.002489 -0.008490 0.999961 -0.006489 -0.000340 0.999979 -0.000943 0.002075 0.999997 0.010617 -0.002836 0.999940 0.000051 -0.001818 0.999998 -0.001983 0.004210 0.999989 
-0.002479 -0.008456 0.999961 -0.006527 -0.000342 0.999979 -0.000888 0.001955 0.999998 0.010539 -0.002815 0.999941 0.000048 -0.001680 0.999999 -0.001918 0.004071 0.999990 
-0.002320 -0.007911 0.999966 -0.006616 -0.000347 0.999978 -0.000814 0.001790 0.999998 0.009891 -0.002642 0.999948 0.000045 -0.001598 0.999999 -0.001878 0.003986 0.999990 
-0.002832 -0.009655 0.999949 -0.006661 -0.000350 0.999978 -0.000950 0.002091 0.999997 0.011058 -0.002955 0.999934 0.000046 -0.001605 0.999999 -0.001828 0.003881 0.999991 
-0.002835 -0.009673 0.999949 -0.006691 -0.000353 0.999978 -0.001043 0.002296 0.999997 0.010538 -0.002814 0.999941 0.000044 -0.001554 0.999999 -0.001851 0.003931 0.999991 
-0.002566 -0.008754 0.999958 -0.006791 -0.000358 0.999977 -0.000942 0.002074 0.999997 0.009615 -0.002568 0.999950 0.000046 -0.001591 0.999999 -0.001840 0.003907 0.999991 
-0.002935 -0.010023 0.999945 -0.006735 -0.000355 0.999977 -0.000956 0.002103 0.999997 0.012221 -0.003259 0.999920 0.000050 -0.001738 0.999998 -0.001934 0.004103 0.999990 
-0.003260 -0.011136 0.999933 -0.006604 -0.000350 0.999978 -0.000987 0.002169 0.999997 0.014437 -0.003849 0.999888 0.000055 -0.001901 0.999998 -0.002014 0.004271 0.999989 
-0.002947 -0.010068 0.999945 -0.006583 -0.000349 0.999978 -0.000893 0.001963 0.999998 0.013109 -0.003495 0.999908 0.000055 -0.001910 0.999998 -0.001964 0.004164 0.999989 
-0.002950 -0.010075 0.999945 -0.006535 -0.000347 0.999979 -0.000852 0.001871 0.999998 0.013068 -0.003485 0.999909 0.000058 -0.002012 0.999998 -0.001921 0.004072 0.999990 
-0.002767 -0.009452 0.999951 -0.006528 -0.000347 0.999979 -0.000788 0.001730 0.999998 0.012285 -0.003276 0.999919 0.000063 -0.002152 0.999998 -0.001899 0.004023 0.999990 
-0.002505 -0.008559 0.999960 -0.006617 -0.000353 0.999978 -0.000712 0.001564 0.999999 0.011179 -0.002981 0.999933 0.000066 -0.002251 0.999997 -0.001891 0.004005 0.999990 
-0.002307 -0.007881 0.999966 -0.006663 -0.000355 0.999978 -0.000637 0.001397 0.999999 0.010947 -0.002920 0.999936 0.000069 -0.002376 0.999997 -0.001943 0.004113 0.999990 
-0.002261 -0.007724 0.999968 -0.006723 -0.000359 0.999977 -0.000604 0.001326 0.999999 0.010648 -0.002839 0.999939 0.000072 -0.002469 0.999997 -0.001928 0.004080 0.999990 
-0.002049 -0.007002 0.999973 -0.006855 -0.000366 0.999976 -0.000547 0.001199 0.999999 0.009694 -0.002585 0.999950 0.000074 -0.002515 0.999997 -0.001925 0.004072 0.999990 
-0.001761 -0.006016 0.999980 -0.006976 -0.000373 0.999976 -0.000478 0.001048 0.999999 0.008968 -0.002392 0.999957 0.000075 -0.002552 0.999997 -0.001987 0.004201 0.999989 
-0.001602 -0.005472 0.999984 -0.007140 -0.000382 0.999974 -0.000431 0.000943 0.999999 0.008214 -0.002191 0.999964 0.000076 -0.002576 0.999997 -0.001987 0.004200 0.999989 
