-0.000186 -0.000665 1.000000 0.000607 -0.000172 1.000000 0.000595 -0.000155 1.000000 -0.000189 -0.000661 1.000000 
-0.000168 -0.000604 1.000000 0.000544 -0.000154 1.000000 0.000533 -0.000138 1.000000 -0.000171 -0.000599 1.000000 
0.000415 0.001487 0.999999 -0.000402 0.000114 1.000000 -0.000371 0.000096 1.000000 0.000423 0.001482 0.999999 
-0.000516 -0.001851 0.999998 0.003120 -0.000885 0.999995 0.003097 -0.000804 0.999995 -0.000522 -0.001829 0.999998 
-0.000811 -0.002904 0.999995 0.004192 -0.001190 0.999991 0.004152 -0.001079 0.999991 -0.000821 -0.002873 0.999996 
-0.000733 -0.002624 0.999996 0.003808 -0.001081 0.999992 0.003772 -0.000980 0.999992 -0.000742 -0.002596 0.999996 
-0.000755 -0.002708 0.999996 0.004111 -0.001166 0.999991 0.004075 -0.001058 0.999991 -0.000765 -0.002678 0.999996 
-0.000949 -0.003406 0.999994 0.006901 -0.001955 0.999974 0.006865 -0.001781 0.999975 -0.000958 -0.003358 0.999994 
-0.000612 -0.002200 0.999997 0.006239 -0.001766 0.999979 0.006226 -0.001614 0.999979 -0.000615 -0.002158 0.999997 
-0.000132 -0.000473 1.000000 0.005589 -0.001582 0.999983 0.005612 -0.001454 0.999983 -0.000125 -0.000438 1.000000 
-0.000190 -0.000681 1.000000 0.007729 -0.002188 0.999968 0.007760 -0.002011 0.999968 -0.000180 -0.000633 1.000000 
-0.000184 -0.000660 1.000000 0.010390 -0.002942 0.999942 0.010437 -0.002705 0.999942 -0.000170 -0.000595 1.000000 
-0.000343 -0.001244 0.999999 0.011482 -0.003222 0.999929 0.011522 -0.002958 0.999929 -0.000331 -0.001172 0.999999 
-0.000297 -0.001076 0.999999 0.013229 -0.003710 0.999906 0.013282 -0.003407 0.999906 -0.000280 -0.000993 0.999999 
-0.000259 -0.000939 1.000000 0.023343 -0.006538 0.999706 0.023458 -0.006009 0.999707 -0.000224 -0.000795 1.000000 
-0.000276 -0.001001 0.999999 0.034037 -0.009530 0.999375 0.034214 -0.008761 0.999376 -0.000223 -0.000791 1.000000 
-0.000644 -0.002360 0.999997 0.034114 -0.009460 0.999373 0.034258 -0.008682 0.999375 -0.000600 -0.002148 0.999998 
-0.002147 -0.007161 0.999972 0.018864 -0.005742 0.999806 0.018824 -0.005274 0.999809 -0.002155 -0.007033 0.999973 
-0.000809 -0.002468 0.999997 0.020686 -0.006884 0.999762 0.020776 -0.006403 0.999764 -0.000782 -0.002336 0.999997 
-0.000788 -0.002399 0.999997 0.028109 -0.009364 0.999561 0.028253 -0.008717 0.999563 -0.000745 -0.002222 0.999997 
-0.000766 -0.002352 0.999997 0.033009 -0.010900 0.999396 0.033186 -0.010143 0.999398 -0.000713 -0.002146 0.999997 
-0.000680 -0.002089 0.999998 0.019041 -0.006288 0.999799 0.019126 -0.005847 0.999800 -0.000654 -0.001969 0.999998 
-0.003342 -0.010004 0.999944 0.033860 -0.011461 0.999361 0.033878 -0.010630 0.999369 -0.003332 -0.009776 0.999947 
-0.004046 -0.011287 0.999928 0.029550 -0.010724 0.999506 0.029524 -0.009975 0.999514 -0.004049 -0.011082 0.999930 
-0.000561 -0.001436 0.999999 0.006987 0.000101 0.999976 0.002687 -0.007159 0.999971 0.014563 -0.005286 0.999880 -0.000149 -0.015376 0.999882 0.000431 -0.001114 0.999999 
-0.001202 -0.003070 0.999995 0.057662 0.000604 0.998336 -0.008480 0.022459 0.999712 0.014401 -0.005242 0.999883 -0.000147 -0.010322 0.999947 0.000526 -0.001353 0.999999 
-0.002523 -0.006437 0.999976 0.074494 0.000427 0.997221 -0.013266 0.034825 0.999305 0.004777 -0.001741 0.999987 -0.000157 -0.008254 0.999966 0.001550 -0.003955 0.999991 
-0.003990 -0.009929 0.999943 0.058281 -0.000150 0.998300 -0.010130 0.025070 0.999634 0.005503 -0.002058 0.999983 -0.000224 -0.008259 0.999966 0.002487 -0.006005 0.999979 
-0.004446 -0.010696 0.999933 0.027740 -0.000336 0.999615 -0.003426 0.007943 0.999963 0.009559 -0.003705 0.999947 -0.000231 -0.006354 0.999980 0.002786 -0.006333 0.999976 
-0.001687 -0.003942 0.999991 0.003067 -0.000067 0.999995 0.001677 -0.003641 0.999992 0.011001 -0.004397 0.999930 -0.000101 -0.002206 0.999998 0.001272 -0.002720 0.999995 
0.000013 0.000031 1.000000 -0.002045 0.000066 0.999998 0.000293 -0.000631 1.000000 -0.000079 0.000032 1.000000 -0.000040 -0.000703 1.000000 -0.000262 0.000556 1.000000 
0.000019 0.000044 1.000000 -0.002278 0.000080 0.999997 -0.000416 0.000899 1.000000 -0.000138 0.000055 1.000000 0.000235 0.003977 0.999992 -0.000334 0.000709 1.000000 
0.000470 0.001087 0.999999 -0.004988 0.000162 0.999988 -0.001850 0.003999 0.999990 -0.004805 0.001943 0.999987 0.000529 0.009324 0.999956 -0.001110 0.002363 0.999997 
0.000412 0.000952 0.999999 -0.011527 0.000323 0.999934 -0.002481 0.005344 0.999983 -0.004526 0.001830 0.999988 0.000715 0.013683 0.999906 -0.002561 0.005437 0.999982 
-0.000611 -0.001411 0.999999 -0.018004 0.000412 0.999838 -0.003558 0.007652 0.999964 -0.009008 0.003645 0.999953 0.000800 0.016919 0.999857 -0.003338 0.007083 0.999969 
-0.000538 -0.001243 0.999999 -0.022558 0.000449 0.999745 -0.003605 0.007743 0.999964 -0.010728 0.004342 0.999933 0.000789 0.017771 0.999842 -0.004054 0.008595 0.999955 
-0.000431 -0.000995 0.999999 -0.025147 0.000451 0.999684 -0.003143 0.006714 0.999973 -0.008043 0.003254 0.999962 0.000718 0.016913 0.999857 -0.004774 0.010073 0.999938 
-0.000845 -0.001960 0.999998 -0.027308 0.000426 0.999627 -0.002711 0.005705 0.999980 -0.003737 0.001505 0.999992 0.000626 0.015598 0.999878 -0.005462 0.011362 0.999921 
-0.000178 -0.000413 1.000000 -0.027547 0.000430 0.999620 -0.002430 0.005112 0.999984 -0.004539 0.001827 0.999988 0.000542 0.013519 0.999908 -0.005791 0.012043 0.999911 
0.000126 0.000293 1.000000 -0.026321 0.000426 0.999653 -0.002055 0.004323 0.999989 -0.004259 0.001714 0.999989 0.000462 0.011383 0.999935 -0.005670 0.011788 0.999914 
-0.000423 -0.000985 0.999999 -0.025730 0.000388 0.999669 -0.002270 0.004770 0.999986 -0.004554 0.001830 0.999988 0.000445 0.011267 0.999936 -0.005412 0.011241 0.999922 
-0.000387 -0.000900 1.000000 -0.030127 0.000438 0.999546 -0.002381 0.004964 0.999985 -0.004400 0.001768 0.999989 0.000472 0.012116 0.999926 -0.006445 0.013289 0.999891 
-0.000357 -0.000830 1.000000 -0.040482 0.000630 0.999180 -0.002508 0.005143 0.999984 -0.004976 0.001999 0.999986 0.000514 0.012785 0.999918 -0.008780 0.017819 0.999803 
-0.000322 -0.000749 1.000000 -0.053977 0.000874 0.998542 -0.002796 0.005619 0.999980 -0.007031 0.002825 0.999971 0.000592 0.014407 0.999896 -0.011672 0.023248 0.999662 
-0.000290 -0.000675 1.000000 -0.068028 0.001152 0.997683 -0.003187 0.006289 0.999975 -0.010198 0.004098 0.999940 0.000690 0.016364 0.999866 -0.014593 0.028578 0.999485 
-0.000263 -0.000613 1.000000 -0.077512 0.001356 0.996990 -0.003189 0.006227 0.999976 -0.013778 0.005536 0.999890 0.000673 0.015704 0.999876 -0.016397 0.031805 0.999360 
-0.000243 -0.000566 1.000000 -0.081800 0.001431 0.996648 -0.002810 0.005477 0.999981 -0.016916 0.006797 0.999834 0.000589 0.013755 0.999905 -0.016842 0.032626 0.999326 
-0.000231 -0.000538 1.000000 -0.084611 0.001517 0.996413 -0.002404 0.004687 0.999986 -0.018936 0.007609 0.999792 0.000485 0.011261 0.999936 -0.017146 0.033235 0.999300 
-0.000226 -0.000526 1.000000 -0.086683 0.001595 0.996235 -0.001940 0.003784 0.999991 -0.020163 0.008102 0.999764 0.000363 0.008387 0.999965 -0.017401 0.033747 0.999279 
-0.000399 -0.000927 0.999999 -0.088458 0.001654 0.996079 -0.001486 0.002898 0.999995 -0.020980 0.008432 0.999744 0.000241 0.005559 0.999985 -0.017554 0.034058 0.999266 
-0.001208 -0.002803 0.999995 -0.090316 0.001765 0.995912 -0.001082 0.002112 0.999997 -0.021533 0.008674 0.999731 0.000115 0.002620 0.999997 -0.017459 0.033898 0.999273 
-0.002279 -0.005271 0.999984 -0.092411 0.001935 0.995719 -0.000759 0.001482 0.999999 -0.022077 0.008925 0.999716 -0.000011 -0.000243 1.000000 -0.017333 0.033688 0.999282 
-0.003274 -0.007545 0.999966 -0.094624 0.002137 0.995511 -0.000552 0.001078 0.999999 -0.022730 0.009224 0.999699 -0.000108 -0.002326 0.999997 -0.017259 0.033579 0.999287 
-0.004063 -0.009351 0.999948 -0.096301 0.002236 0.995350 -0.000501 0.000979 0.999999 -0.023467 0.009538 0.999679 -0.000152 -0.003216 0.999995 -0.017152 0.033381 0.999296 
-0.004717 -0.010862 0.999930 -0.097499 0.002272 0.995233 -0.000458 0.000894 0.999999 -0.024257 0.009857 0.999657 -0.000186 -0.003938 0.999992 -0.016985 0.033058 0.999309 
-0.005231 -0.012048 0.999914 -0.098788 0.002322 0.995106 -0.000417 0.000815 1.000000 -0.025103 0.010199 0.999633 -0.000220 -0.004649 0.999989 -0.016912 0.032921 0.999315 
-0.005543 -0.012761 0.999903 -0.100087 0.002374 0.994976 -0.000383 0.000749 1.000000 -0.025944 0.010546 0.999608 -0.000250 -0.005266 0.999986 -0.016954 0.033009 0.999311 
-0.005700 -0.013115 0.999898 -0.101221 0.002422 0.994861 -0.000361 0.000705 1.000000 -0.026697 0.010859 0.999585 -0.000269 -0.005645 0.999984 -0.017039 0.033180 0.999304 
-0.005818 -0.013375 0.999894 -0.102257 0.002480 0.994755 -0.000341 0.000666 1.000000 -0.027342 0.011133 0.999564 -0.000286 -0.005980 0.999982 -0.017137 0.033379 0.999296 
-0.005855 -0.013444 0.999892 -0.103152 0.002542 0.994662 -0.000328 0.000641 1.000000 -0.027875 0.011364 0.999547 -0.000297 -0.006162 0.999981 -0.017253 0.033613 0.999286 
-0.005795 -0.013290 0.999895 -0.103885 0.002605 0.994586 -0.000323 0.000631 1.000000 -0.028291 0.011550 0.999533 -0.000301 -0.006181 0.999981 -0.017390 0.033887 0.999274 
-0.005640 -0.012914 0.999901 -0.104439 0.002667 0.994528 -0.000325 0.000635 1.000000 -0.028581 0.011686 0.999523 -0.000297 -0.006046 0.999982 -0.017544 0.034196 0.999261 
-0.005394 -0.012331 0.999909 -0.104793 0.002724 0.994490 -0.000333 0.000652 1.000000 -0.028735 0.011767 0.999518 -0.000286 -0.005763 0.999983 -0.017712 0.034530 0.999247 
-0.005063 -0.011557 0.999920 -0.104928 0.002774 0.994476 -0.000348 0.000680 1.000000 -0.028742 0.011788 0.999517 -0.000268 -0.005339 0.999986 -0.017886 0.034876 0.999232 
-0.004653 -0.010605 0.999933 -0.104822 0.002815 0.994487 -0.000368 0.000720 1.000000 -0.028593 0.011744 0.999522 -0.000242 -0.004780 0.999989 -0.018060 0.035220 0.999216 
-0.004170 -0.009492 0.999946 -0.104451 0.002843 0.994526 -0.000394 0.000770 1.000000 -0.028272 0.011628 0.999533 -0.000209 -0.004089 0.999992 -0.018227 0.035550 0.999202 
-0.003620 -0.008231 0.999960 -0.103787 0.002856 0.994595 -0.000424 0.000830 1.000000 -0.027766 0.011432 0.999549 -0.000168 -0.003270 0.999995 -0.018380 0.035852 0.999188 
-0.003008 -0.006832 0.999972 -0.102802 0.002852 0.994698 -0.000464 0.000908 0.999999 -0.027059 0.011151 0.999572 -0.000120 -0.002324 0.999997 -0.018517 0.036119 0.999176 
-0.002371 -0.005382 0.999983 -0.101423 0.002818 0.994839 -0.000572 0.001119 0.999999 -0.026174 0.010788 0.999599 -0.000064 -0.001236 0.999999 -0.018650 0.036374 0.999164 
-0.001659 -0.003767 0.999992 -0.099763 0.002760 0.995007 -0.000697 0.001364 0.999999 -0.025135 0.010358 0.999630 0.000001 0.000028 1.000000 -0.018777 0.036615 0.999153 
-0.000852 -0.001934 0.999998 -0.097883 0.002694 0.995194 -0.000840 0.001644 0.999998 -0.023959 0.009872 0.999664 0.000076 0.001463 0.999999 -0.018923 0.036890 0.999140 
-0.000550 -0.001248 0.999999 -0.095958 0.002621 0.995382 -0.000961 0.001880 0.999998 -0.022597 0.009310 0.999701 0.000141 0.002717 0.999996 -0.018805 0.036649 0.999151 
-0.000404 -0.000916 0.999999 -0.093839 0.002551 0.995584 -0.001049 0.002051 0.999997 -0.020943 0.008628 0.999743 0.000191 0.003689 0.999993 -0.018609 0.036257 0.999169 
-0.000263 -0.000597 1.000000 -0.091490 0.002522 0.995803 -0.001117 0.002186 0.999997 -0.019009 0.007831 0.999789 0.000224 0.004303 0.999991 -0.018427 0.035901 0.999185 
-0.000216 -0.000491 1.000000 -0.088950 0.002467 0.996033 -0.001165 0.002280 0.999997 -0.016861 0.006946 0.999834 0.000247 0.004711 0.999989 -0.018196 0.035446 0.999206 
-0.000204 -0.000462 1.000000 -0.086301 0.002398 0.996266 -0.001187 0.002324 0.999997 -0.014838 0.006112 0.999871 0.000259 0.004947 0.999988 -0.017902 0.034866 0.999232 
-0.000192 -0.000436 1.000000 -0.083541 0.002327 0.996502 -0.001178 0.002305 0.999997 -0.012969 0.005342 0.999902 0.000261 0.004983 0.999988 -0.017557 0.034185 0.999261 
-0.000181 -0.000410 1.000000 -0.080621 0.002257 0.996742 -0.001109 0.002171 0.999997 -0.010978 0.004522 0.999930 0.000244 0.004638 0.999989 -0.017191 0.033466 0.999292 
-0.000170 -0.000386 1.000000 -0.077450 0.002185 0.996994 -0.001029 0.002014 0.999997 -0.008722 0.003593 0.999956 0.000223 0.004223 0.999991 -0.016808 0.032715 0.999323 
-0.000159 -0.000362 1.000000 -0.074078 0.002109 0.997250 -0.000933 0.001826 0.999998 -0.006258 0.002578 0.999977 0.000196 0.003712 0.999993 -0.016409 0.031935 0.999355 
-0.000149 -0.000338 1.000000 -0.070379 0.002024 0.997518 -0.000859 0.001682 0.999998 -0.003654 0.001505 0.999992 0.000178 0.003340 0.999994 -0.015956 0.031051 0.999390 
-0.000134 -0.000305 1.000000 -0.066519 0.001931 0.997783 -0.000815 0.001596 0.999998 -0.002119 0.000873 0.999997 0.000170 0.003185 0.999995 -0.015297 0.029763 0.999440 
-0.000114 -0.000259 1.000000 -0.063107 0.001851 0.998005 -0.000773 0.001514 0.999999 -0.001777 0.000732 0.999998 0.000164 0.003050 0.999995 -0.014552 0.028310 0.999493 
-0.000095 -0.000216 1.000000 -0.059950 0.001775 0.998200 -0.000735 0.001439 0.999999 -0.001385 0.000571 0.999999 0.000159 0.002942 0.999996 -0.013874 0.026986 0.999540 
-0.000050 -0.000113 1.000000 -0.056846 0.001694 0.998382 -0.000678 0.001327 0.999999 -0.000595 0.000245 1.000000 0.000154 0.002842 0.999996 -0.013267 0.025803 0.999579 
-0.000047 -0.000106 1.000000 -0.053944 0.001620 0.998543 -0.000658 0.001289 0.999999 -0.000384 0.000158 1.000000 0.000154 0.002842 0.999996 -0.012611 0.024526 0.999620 
-0.000039 -0.000089 1.000000 -0.051260 0.001550 0.998684 -0.000680 0.001332 0.999999 -0.000288 0.000119 1.000000 0.000169 0.003091 0.999995 -0.011994 0.023323 0.999656 
-0.000354 -0.000804 1.000000 -0.048805 0.001481 0.998807 -0.000765 0.001499 0.999999 0.000815 -0.000335 1.000000 0.000190 0.003468 0.999994 -0.011443 0.022254 0.999687 
-0.000178 -0.000404 1.000000 -0.046650 0.001418 0.998910 -0.000788 0.001545 0.999998 0.000852 -0.000350 1.000000 0.000214 0.003910 0.999992 -0.011008 0.021408 0.999710 
-0.000157 -0.000358 1.000000 -0.044871 0.001362 0.998992 -0.000849 0.001664 0.999998 0.000742 -0.000305 1.000000 0.000238 0.004349 0.999991 -0.010586 0.020583 0.999732 
-0.000136 -0.000309 1.000000 -0.043341 0.001314 0.999059 -0.000915 0.001794 0.999998 0.000671 -0.000276 1.000000 0.000264 0.004822 0.999988 -0.010227 0.019886 0.999750 
-0.000119 -0.000271 1.000000 -0.042163 0.001282 0.999110 -0.000960 0.001882 0.999998 0.000615 -0.000253 1.000000 0.000283 0.005167 0.999987 -0.009947 0.019342 0.999763 
-0.000103 -0.000234 1.000000 -0.041373 0.001266 0.999143 -0.000990 0.001941 0.999998 0.000564 -0.000232 1.000000 0.000297 0.005408 0.999985 -0.009758 0.018975 0.999772 
-0.000095 -0.000216 1.000000 -0.040813 0.001250 0.999166 -0.001041 0.002040 0.999997 0.000543 -0.000223 1.000000 0.000317 0.005765 0.999983 -0.009624 0.018718 0.999778 
-0.000081 -0.000185 1.000000 -0.040632 0.001245 0.999173 -0.001086 0.002129 0.999997 0.000491 -0.000202 1.000000 0.000334 0.006077 0.999981 -0.009579 0.018630 0.999781 
-0.000217 -0.000494 1.000000 -0.040627 0.001242 0.999174 -0.001209 0.002372 0.999996 -0.000013 0.000005 1.000000 0.000345 0.006284 0.999980 -0.009507 0.018494 0.999784 
-0.000259 -0.000591 1.000000 -0.040529 0.001233 0.999178 -0.001367 0.002684 0.999995 -0.000456 0.000187 1.000000 0.000360 0.006561 0.999978 -0.009495 0.018485 0.999784 
-0.001439 -0.003281 0.999994 -0.040552 0.001230 0.999177 -0.001771 0.003480 0.999992 -0.000086 0.000035 1.000000 0.000365 0.006663 0.999978 -0.009247 0.018020 0.999795 
-0.000822 -0.001875 0.999998 -0.040498 0.001225 0.999179 -0.001846 0.003631 0.999992 -0.001249 0.000512 0.999999 0.000374 0.006840 0.999977 -0.009449 0.018425 0.999786 
-0.000774 -0.001766 0.999998 -0.040659 0.001229 0.999172 -0.001796 0.003533 0.999992 -0.001042 0.000427 0.999999 0.000376 0.006887 0.999976 -0.009490 0.018508 0.999784 
-0.000703 -0.001604 0.999998 -0.040890 0.001237 0.999163 -0.001737 0.003416 0.999993 -0.000948 0.000389 0.999999 0.000375 0.006855 0.999976 -0.009545 0.018616 0.999781 
-0.000639 -0.001458 0.999999 -0.041150 0.001246 0.999152 -0.001672 0.003289 0.999993 -0.000863 0.000354 1.000000 0.000370 0.006761 0.999977 -0.009607 0.018737 0.999778 
-0.000581 -0.001326 0.999999 -0.041438 0.001255 0.999140 -0.001609 0.003165 0.999994 -0.000788 0.000323 1.000000 0.000363 0.006641 0.999978 -0.009675 0.018870 0.999775 
-0.000530 -0.001208 0.999999 -0.041747 0.001265 0.999127 -0.001550 0.003049 0.999994 -0.000723 0.000297 1.000000 0.000357 0.006518 0.999979 -0.009747 0.019011 0.999772 
-0.000482 -0.001100 0.999999 -0.042067 0.001276 0.999114 -0.001495 0.002941 0.999995 -0.000663 0.000272 1.000000 0.000350 0.006397 0.999979 -0.009821 0.019158 0.999768 
-0.000445 -0.001015 0.999999 -0.042357 0.001284 0.999102 -0.001453 0.002859 0.999995 -0.000628 0.000257 1.000000 0.000346 0.006318 0.999980 -0.009886 0.019286 0.999765 
-0.000407 -0.000928 0.999999 -0.042673 0.001294 0.999088 -0.001406 0.002767 0.999995 -0.000580 0.000238 1.000000 0.000339 0.006204 0.999981 -0.009959 0.019430 0.999762 
-0.000138 -0.000316 1.000000 -0.042905 0.001295 0.999078 -0.001645 0.003238 0.999993 -0.002929 0.001199 0.999995 0.000339 0.006216 0.999981 -0.010019 0.019558 0.999759 
-0.000128 -0.000293 1.000000 -0.043219 0.001305 0.999065 -0.001593 0.003137 0.999994 -0.002660 0.001089 0.999996 0.000338 0.006200 0.999981 -0.010093 0.019702 0.999755 
-0.000129 -0.000294 1.000000 -0.043506 0.001311 0.999052 -0.001576 0.003102 0.999994 -0.002599 0.001064 0.999996 0.000339 0.006207 0.999981 -0.010149 0.019816 0.999752 
-0.000121 -0.000277 1.000000 -0.043818 0.001322 0.999039 -0.001527 0.003008 0.999994 -0.002366 0.000969 0.999997 0.000336 0.006165 0.999981 -0.010221 0.019958 0.999749 
-0.000166 -0.000380 1.000000 -0.044079 0.001324 0.999027 -0.001664 0.003278 0.999993 -0.003411 0.001396 0.999993 0.000337 0.006187 0.999981 -0.010217 0.019956 0.999749 
-0.001430 -0.003270 0.999994 -0.044382 0.001318 0.999014 -0.002222 0.004384 0.999988 -0.004806 0.001966 0.999987 0.000331 0.006117 0.999981 -0.009879 0.019326 0.999764 
-0.001316 -0.003009 0.999995 -0.044716 0.001320 0.998999 -0.002168 0.004279 0.999988 -0.004818 0.001970 0.999986 0.000326 0.006038 0.999982 -0.009979 0.019525 0.999760 
-0.002036 -0.004659 0.999987 -0.044982 0.001315 0.998987 -0.002417 0.004777 0.999986 -0.004724 0.001931 0.999987 0.000333 0.006207 0.999981 -0.009848 0.019293 0.999765 
-0.001840 -0.004210 0.999989 -0.045374 0.001324 0.998969 -0.002268 0.004481 0.999987 -0.004282 0.001750 0.999989 0.000323 0.006037 0.999982 -0.010001 0.019594 0.999758 
-0.001715 -0.003927 0.999991 -0.045752 0.001330 0.998952 -0.002302 0.004550 0.999987 -0.005021 0.002051 0.999985 0.000319 0.005957 0.999982 -0.010085 0.019764 0.999754 
-0.001554 -0.003558 0.999992 -0.046148 0.001343 0.998934 -0.002165 0.004279 0.999989 -0.004555 0.001861 0.999988 0.000311 0.005812 0.999983 -0.010230 0.020051 0.999747 
-0.001421 -0.003254 0.999994 -0.046488 0.001350 0.998918 -0.002081 0.004114 0.999989 -0.004380 0.001789 0.999989 0.000306 0.005727 0.999984 -0.010342 0.020274 0.999741 
-0.001806 -0.004137 0.999990 -0.046819 0.001354 0.998902 -0.002318 0.004586 0.999987 -0.005690 0.002323 0.999981 0.000300 0.005631 0.999984 -0.010229 0.020067 0.999746 
-0.001634 -0.003743 0.999992 -0.047126 0.001361 0.998888 -0.002179 0.004311 0.999988 -0.005170 0.002111 0.999984 0.000294 0.005512 0.999985 -0.010364 0.020331 0.999740 
-0.001531 -0.003507 0.999993 -0.047404 0.001363 0.998875 -0.002446 0.004845 0.999985 -0.007498 0.003061 0.999967 0.000292 0.005503 0.999985 -0.010375 0.020371 0.999739 
-0.001389 -0.003181 0.999994 -0.047761 0.001378 0.998858 -0.002308 0.004572 0.999987 -0.006798 0.002775 0.999973 0.000292 0.005477 0.999985 -0.010518 0.020655 0.999731 
-0.001290 -0.002955 0.999995 -0.047959 0.001381 0.998848 -0.002309 0.004575 0.999987 -0.007055 0.002879 0.999971 0.000293 0.005508 0.999985 -0.010575 0.020771 0.999728 
-0.001173 -0.002688 0.999996 -0.048141 0.001382 0.998840 -0.002195 0.004348 0.999988 -0.006402 0.002612 0.999976 0.000294 0.005537 0.999985 -0.010672 0.020962 0.999723 
-0.001065 -0.002441 0.999996 -0.048236 0.001382 0.998835 -0.002090 0.004140 0.999989 -0.005811 0.002371 0.999980 0.000296 0.005574 0.999984 -0.010743 0.021100 0.999720 
-0.001647 -0.003776 0.999992 -0.048417 0.001380 0.998826 -0.002428 0.004816 0.999985 -0.007443 0.003036 0.999968 0.000293 0.005546 0.999985 -0.010518 0.020681 0.999731 
-0.001588 -0.003645 0.999992 -0.048537 0.001377 0.998820 -0.002712 0.005385 0.999982 -0.009763 0.003979 0.999944 0.000297 0.005625 0.999984 -0.010472 0.020606 0.999733 
-0.001507 -0.003458 0.999993 -0.048633 0.001379 0.998816 -0.002572 0.005106 0.999984 -0.008688 0.003541 0.999956 0.000300 0.005678 0.999984 -0.010566 0.020794 0.999728 
-0.001519 -0.003485 0.999993 -0.048656 0.001376 0.998815 -0.002535 0.005034 0.999984 -0.008376 0.003413 0.999959 0.000302 0.005727 0.999984 -0.010569 0.020805 0.999728 
-0.001378 -0.003163 0.999994 -0.048623 0.001374 0.998816 -0.002398 0.004762 0.999986 -0.007599 0.003096 0.999966 0.000303 0.005746 0.999983 -0.010629 0.020924 0.999725 
-0.001307 -0.003000 0.999995 -0.048547 0.001366 0.998820 -0.002563 0.005094 0.999984 -0.008985 0.003660 0.999953 0.000307 0.005839 0.999983 -0.010578 0.020836 0.999727 
-0.001442 -0.003312 0.999993 -0.048474 0.001361 0.998824 -0.002602 0.005172 0.999983 -0.008981 0.003657 0.999953 0.000310 0.005913 0.999982 -0.010508 0.020705 0.999730 
-0.001309 -0.003006 0.999995 -0.048330 0.001355 0.998831 -0.002460 0.004891 0.999985 -0.008148 0.003317 0.999961 0.000311 0.005931 0.999982 -0.010544 0.020776 0.999729 
-0.001317 -0.003026 0.999995 -0.048112 0.001343 0.998841 -0.002545 0.005063 0.999984 -0.009085 0.003698 0.999952 0.000315 0.006016 0.999982 -0.010408 0.020524 0.999735 
-0.001526 -0.003507 0.999993 -0.047923 0.001333 0.998850 -0.002519 0.005012 0.999984 -0.008167 0.003323 0.999961 0.000315 0.006024 0.999982 -0.010363 0.020431 0.999738 
-0.001386 -0.003185 0.999994 -0.047641 0.001324 0.998864 -0.002388 0.004749 0.999986 -0.007417 0.003017 0.999968 0.000316 0.006045 0.999982 -0.010367 0.020439 0.999737 
-0.001259 -0.002893 0.999995 -0.047302 0.001314 0.998880 -0.002272 0.004519 0.999987 -0.006740 0.002742 0.999974 0.000318 0.006087 0.999981 -0.010351 0.020406 0.999738 
-0.001143 -0.002628 0.999996 -0.046898 0.001303 0.998899 -0.002170 0.004316 0.999988 -0.006132 0.002495 0.999978 0.000321 0.006148 0.999981 -0.010313 0.020331 0.999740 
-0.001154 -0.002653 0.999996 -0.046432 0.001287 0.998921 -0.002163 0.004303 0.999988 -0.005950 0.002420 0.999979 0.000327 0.006263 0.999980 -0.010205 0.020121 0.999745 
-0.001047 -0.002407 0.999997 -0.045910 0.001273 0.998945 -0.002075 0.004129 0.999989 -0.005410 0.002200 0.999983 0.000331 0.006350 0.999980 -0.010135 0.019982 0.999749 
-0.000949 -0.002181 0.999997 -0.045374 0.001257 0.998969 -0.001995 0.003970 0.999990 -0.004921 0.002002 0.999986 0.000335 0.006424 0.999979 -0.010057 0.019829 0.999753 
-0.000860 -0.001978 0.999998 -0.044852 0.001242 0.998993 -0.001921 0.003823 0.999991 -0.004475 0.001820 0.999988 0.000338 0.006484 0.999979 -0.009979 0.019674 0.999757 
-0.001007 -0.002316 0.999997 -0.044361 0.001227 0.999015 -0.001893 0.003766 0.999991 -0.003471 0.001411 0.999993 0.000343 0.006586 0.999978 -0.009896 0.019512 0.999761 
-0.001002 -0.002304 0.999997 -0.043902 0.001211 0.999035 -0.001904 0.003789 0.999991 -0.003449 0.001402 0.999993 0.000350 0.006725 0.999977 -0.009788 0.019301 0.999766 
-0.001127 -0.002591 0.999996 -0.043473 0.001198 0.999054 -0.001881 0.003743 0.999991 -0.002567 0.001043 0.999996 0.000355 0.006840 0.999977 -0.009717 0.019162 0.999769 
-0.001016 -0.002337 0.999997 -0.043140 0.001189 0.999068 -0.001831 0.003644 0.999992 -0.002311 0.000940 0.999997 0.000361 0.006953 0.999976 -0.009679 0.019088 0.999771 
-0.000916 -0.002107 0.999997 -0.042841 0.001181 0.999081 -0.001787 0.003557 0.999992 -0.002081 0.000846 0.999997 0.000367 0.007064 0.999975 -0.009646 0.019022 0.999773 
-0.001199 -0.002757 0.999995 -0.042544 0.001169 0.999094 -0.002001 0.003984 0.999990 -0.003103 0.001261 0.999994 0.000373 0.007183 0.999974 -0.009441 0.018626 0.999782 
-0.001115 -0.002566 0.999996 -0.042196 0.001153 0.999109 -0.002365 0.004714 0.999986 -0.005968 0.002425 0.999979 0.000379 0.007329 0.999973 -0.009287 0.018338 0.999789 
-0.001011 -0.002326 0.999997 -0.041836 0.001139 0.999124 -0.002274 0.004533 0.999987 -0.005405 0.002196 0.999983 0.000383 0.007423 0.999972 -0.009252 0.018268 0.999790 
-0.000917 -0.002109 0.999997 -0.041440 0.001128 0.999140 -0.002188 0.004360 0.999988 -0.004902 0.001992 0.999986 0.000386 0.007482 0.999972 -0.009203 0.018170 0.999793 
-0.000832 -0.001915 0.999998 -0.041020 0.001117 0.999158 -0.002110 0.004206 0.999989 -0.004450 0.001808 0.999988 0.000390 0.007544 0.999971 -0.009142 0.018051 0.999795 
-0.000754 -0.001735 0.999998 -0.040610 0.001106 0.999174 -0.002040 0.004065 0.999990 -0.004039 0.001641 0.999990 0.000393 0.007601 0.999971 -0.009081 0.017930 0.999798 
-0.000683 -0.001572 0.999999 -0.040217 0.001095 0.999190 -0.001975 0.003936 0.999990 -0.003669 0.001490 0.999992 0.000395 0.007650 0.999971 -0.009021 0.017811 0.999801 
-0.000618 -0.001423 0.999999 -0.039844 0.001085 0.999205 -0.001916 0.003819 0.999991 -0.003331 0.001353 0.999994 0.000397 0.007693 0.999970 -0.008963 0.017696 0.999803 
-0.000560 -0.001288 0.999999 -0.039497 0.001075 0.999219 -0.001863 0.003712 0.999991 -0.003024 0.001229 0.999995 0.000399 0.007730 0.999970 -0.008908 0.017588 0.999806 
-0.000861 -0.001982 0.999998 -0.039188 0.001061 0.999231 -0.002049 0.004085 0.999990 -0.003882 0.001576 0.999991 0.000401 0.007790 0.999970 -0.008699 0.017181 0.999815 
-0.000823 -0.001898 0.999998 -0.038868 0.001041 0.999244 -0.002226 0.004441 0.999988 -0.005150 0.002089 0.999985 0.000409 0.007991 0.999968 -0.008588 0.016969 0.999819 
-0.000745 -0.001718 0.999998 -0.038594 0.001030 0.999254 -0.002152 0.004292 0.999988 -0.004658 0.001889 0.999987 0.000412 0.008054 0.999967 -0.008567 0.016927 0.999820 
-0.000676 -0.001558 0.999999 -0.038327 0.001023 0.999265 -0.002081 0.004151 0.999989 -0.004218 0.001710 0.999990 0.000414 0.008089 0.999967 -0.008542 0.016877 0.999821 
-0.000613 -0.001413 0.999999 -0.038039 0.001016 0.999276 -0.002018 0.004026 0.999990 -0.003824 0.001551 0.999991 0.000416 0.008130 0.999967 -0.008507 0.016808 0.999823 
-0.000556 -0.001280 0.999999 -0.037750 0.001008 0.999287 -0.001962 0.003913 0.999990 -0.003467 0.001406 0.999993 0.000418 0.008173 0.999967 -0.008470 0.016734 0.999824 
-0.000503 -0.001160 0.999999 -0.037483 0.001002 0.999297 -0.001910 0.003811 0.999991 -0.003143 0.001275 0.999994 0.000420 0.008211 0.999966 -0.008434 0.016664 0.999826 
-0.000455 -0.001050 0.999999 -0.037235 0.000995 0.999306 -0.001864 0.003718 0.999991 -0.002847 0.001155 0.999995 0.000422 0.008246 0.999966 -0.008401 0.016599 0.999827 
-0.000412 -0.000951 0.999999 -0.037004 0.000989 0.999315 -0.001821 0.003633 0.999992 -0.002584 0.001048 0.999996 0.000423 0.008276 0.999966 -0.008369 0.016536 0.999828 
-0.000382 -0.000882 1.000000 -0.036778 0.000981 0.999323 -0.001842 0.003675 0.999992 -0.002736 0.001109 0.999996 0.000426 0.008347 0.999965 -0.008320 0.016441 0.999830 
-0.000346 -0.000798 1.000000 -0.036583 0.000976 0.999330 -0.001802 0.003595 0.999992 -0.002482 0.001006 0.999996 0.000428 0.008370 0.999965 -0.008294 0.016389 0.999831 
-0.000839 -0.001935 0.999998 -0.036421 0.000966 0.999336 -0.002025 0.004042 0.999990 -0.003006 0.001218 0.999995 0.000427 0.008381 0.999965 -0.008103 0.016019 0.999839 
-0.000761 -0.001755 0.999998 -0.036260 0.000962 0.999342 -0.001969 0.003930 0.999990 -0.002730 0.001106 0.999996 0.000428 0.008402 0.999965 -0.008097 0.016007 0.999839 
-0.000689 -0.001589 0.999998 -0.036081 0.000958 0.999348 -0.001919 0.003832 0.999991 -0.002475 0.001003 0.999996 0.000430 0.008436 0.999964 -0.008085 0.015983 0.999840 
-0.000624 -0.001440 0.999999 -0.035877 0.000953 0.999356 -0.001876 0.003746 0.999991 -0.002244 0.000909 0.999997 0.000432 0.008476 0.999964 -0.008064 0.015943 0.999840 
-0.000566 -0.001306 0.999999 -0.035648 0.000947 0.999364 -0.001839 0.003671 0.999992 -0.002032 0.000823 0.999998 0.000435 0.008524 0.999964 -0.008036 0.015885 0.999842 
-0.000610 -0.001407 0.999999 -0.035386 0.000939 0.999373 -0.001838 0.003670 0.999992 -0.001737 0.000704 0.999998 0.000438 0.008607 0.999963 -0.007983 0.015784 0.999844 
-0.000994 -0.002295 0.999997 -0.035138 0.000925 0.999382 -0.002053 0.004101 0.999989 -0.002097 0.000849 0.999997 0.000441 0.008687 0.999962 -0.007843 0.015513 0.999849 
-0.000679 -0.001569 0.999999 -0.034853 0.000910 0.999392 -0.002154 0.004304 0.999988 -0.002808 0.001136 0.999995 0.000446 0.008818 0.999961 -0.007924 0.015679 0.999846 
-0.000617 -0.001425 0.999999 -0.034649 0.000900 0.999399 -0.002093 0.004183 0.999989 -0.002552 0.001033 0.999996 0.000446 0.008850 0.999961 -0.007891 0.015613 0.999847 
-0.000855 -0.001975 0.999998 -0.034460 0.000890 0.999406 -0.002230 0.004458 0.999988 -0.003261 0.001319 0.999994 0.000446 0.008879 0.999960 -0.007727 0.015293 0.999853 
-0.001222 -0.002824 0.999995 -0.034290 0.000883 0.999412 -0.002217 0.004433 0.999988 -0.001828 0.000739 0.999998 0.000446 0.008891 0.999960 -0.007685 0.015213 0.999855 
-0.001132 -0.002617 0.999996 -0.034115 0.000877 0.999418 -0.002152 0.004303 0.999988 -0.001594 0.000645 0.999999 0.000445 0.008890 0.999960 -0.007670 0.015184 0.999855 
-0.001020 -0.002358 0.999997 -0.033960 0.000872 0.999423 -0.002085 0.004169 0.999989 -0.001443 0.000584 0.999999 0.000445 0.008887 0.999960 -0.007658 0.015161 0.999856 
-0.000921 -0.002129 0.999997 -0.033775 0.000866 0.999429 -0.002033 0.004066 0.999990 -0.001273 0.000515 0.999999 0.000448 0.008940 0.999960 -0.007641 0.015129 0.999856 
-0.000828 -0.001915 0.999998 -0.033613 0.000862 0.999435 -0.001982 0.003963 0.999990 -0.001137 0.000460 0.999999 0.000449 0.008963 0.999960 -0.007626 0.015099 0.999857 
-0.000744 -0.001720 0.999998 -0.033464 0.000858 0.999440 -0.001936 0.003871 0.999991 -0.001016 0.000411 0.999999 0.000450 0.008988 0.999960 -0.007611 0.015070 0.999857 
-0.000671 -0.001551 0.999999 -0.033329 0.000855 0.999444 -0.001894 0.003788 0.999991 -0.000907 0.000367 1.000000 0.000451 0.009011 0.999959 -0.007596 0.015040 0.999858 
-0.000607 -0.001404 0.999999 -0.033209 0.000852 0.999448 -0.001856 0.003713 0.999991 -0.000808 0.000327 1.000000 0.000452 0.009027 0.999959 -0.007582 0.015011 0.999859 
-0.000550 -0.001271 0.999999 -0.033106 0.000850 0.999451 -0.001823 0.003645 0.999992 -0.000725 0.000293 1.000000 0.000453 0.009043 0.999959 -0.007569 0.014987 0.999859 
-0.000498 -0.001151 0.999999 -0.033014 0.000848 0.999455 -0.001792 0.003584 0.999992 -0.000649 0.000262 1.000000 0.000454 0.009056 0.999959 -0.007558 0.014965 0.999859 
-0.000461 -0.001066 0.999999 -0.032905 0.000843 0.999458 -0.001828 0.003657 0.999992 -0.001022 0.000413 0.999999 0.000456 0.009110 0.999958 -0.007523 0.014897 0.999861 
-0.000428 -0.000989 0.999999 -0.032784 0.000837 0.999462 -0.001873 0.003747 0.999991 -0.001444 0.000583 0.999999 0.000458 0.009165 0.999958 -0.007483 0.014820 0.999862 
-0.000387 -0.000895 1.000000 -0.032670 0.000834 0.999466 -0.001838 0.003678 0.999992 -0.001301 0.000526 0.999999 0.000458 0.009174 0.999958 -0.007468 0.014791 0.999863 
-0.000350 -0.000810 1.000000 -0.032538 0.000831 0.999470 -0.001808 0.003617 0.999992 -0.001178 0.000476 0.999999 0.000459 0.009188 0.999958 -0.007446 0.014749 0.999864 
-0.000316 -0.000732 1.000000 -0.032400 0.000828 0.999475 -0.001781 0.003564 0.999992 -0.001060 0.000428 0.999999 0.000460 0.009208 0.999957 -0.007424 0.014705 0.999864 
-0.000288 -0.000666 1.000000 -0.032272 0.000824 0.999479 -0.001758 0.003517 0.999992 -0.000952 0.000384 0.999999 0.000461 0.009228 0.999957 -0.007403 0.014663 0.999865 
-0.000262 -0.000607 1.000000 -0.032161 0.000822 0.999482 -0.001737 0.003476 0.999992 -0.000860 0.000347 1.000000 0.000462 0.009249 0.999957 -0.007384 0.014624 0.999866 
-0.000240 -0.000555 1.000000 -0.032063 0.000819 0.999486 -0.001719 0.003440 0.999993 -0.000779 0.000315 1.000000 0.000463 0.009267 0.999957 -0.007367 0.014591 0.999866 
-0.000250 -0.000579 1.000000 -0.031952 0.000815 0.999489 -0.001716 0.003433 0.999993 -0.000669 0.000270 1.000000 0.000465 0.009314 0.999957 -0.007342 0.014543 0.999867 
-0.001284 -0.002974 0.999995 -0.031850 0.000806 0.999492 -0.002153 0.004313 0.999988 -0.001003 0.000405 0.999999 0.000471 0.009470 0.999955 -0.007066 0.014012 0.999877 
-0.001613 -0.003739 0.999992 -0.031631 0.000786 0.999499 -0.002819 0.005658 0.999980 -0.004800 0.001936 0.999987 0.000473 0.009596 0.999954 -0.006853 0.013614 0.999884 
-0.001458 -0.003379 0.999993 -0.031693 0.000781 0.999497 -0.002703 0.005425 0.999982 -0.004323 0.001743 0.999989 0.000472 0.009624 0.999954 -0.006916 0.013737 0.999882 
