-0.001736 0.000283 0.999998 0.000795 0.005010 0.999987 0.000900 0.004951 0.999987 -0.001707 0.000268 0.999999 
-0.000661 0.000108 1.000000 0.000836 0.005265 0.999986 0.000950 0.005229 0.999986 -0.000629 0.000099 1.000000 
-0.000595 0.000097 1.000000 0.000752 0.004739 0.999988 0.000855 0.004707 0.999989 -0.000566 0.000089 1.000000 
-0.001221 0.000200 0.999999 0.000579 0.003637 0.999993 0.000655 0.003596 0.999993 -0.001200 0.000189 0.999999 
-0.001105 0.000181 0.999999 0.000520 0.003263 0.999995 0.000588 0.003225 0.999995 -0.001086 0.000171 0.999999 
-0.003318 0.000544 0.999994 0.000124 0.000775 1.000000 0.000127 0.000699 1.000000 -0.003316 0.000523 0.999994 
-0.002993 0.000491 0.999995 0.000106 0.000667 1.000000 0.000109 0.000597 1.000000 -0.002992 0.000472 0.999995 
0.002551 -0.000418 0.999997 -0.000304 -0.001911 0.999998 -0.000337 -0.001846 0.999998 0.002542 -0.000400 0.999997 
0.000824 -0.000135 1.000000 -0.001126 -0.007073 0.999974 -0.001280 -0.007027 0.999974 0.000781 -0.000123 1.000000 
0.000750 -0.000123 1.000000 -0.001026 -0.006445 0.999979 -0.001167 -0.006403 0.999979 0.000711 -0.000112 1.000000 
0.002553 -0.000417 0.999997 -0.001334 -0.008386 0.999964 -0.001510 -0.008296 0.999964 0.002504 -0.000394 0.999997 
0.001285 -0.000210 0.999999 -0.001502 -0.009435 0.999954 -0.001707 -0.009369 0.999955 0.001229 -0.000193 0.999999 
0.002234 -0.000365 0.999997 -0.001843 -0.011583 0.999931 -0.002092 -0.011488 0.999932 0.002165 -0.000341 0.999998 
0.002126 -0.000343 0.999998 -0.001851 -0.011814 0.999928 -0.002105 -0.011721 0.999929 0.002056 -0.000318 0.999998 
0.000623 -0.000101 1.000000 -0.001984 -0.012627 0.999918 -0.002262 -0.012564 0.999919 0.000546 -0.000085 1.000000 
0.000651 -0.000106 1.000000 -0.002047 -0.012923 0.999914 -0.002332 -0.012858 0.999915 0.000572 -0.000090 1.000000 
0.000601 -0.000098 1.000000 -0.002592 -0.016360 0.999863 -0.002953 -0.016282 0.999863 0.000502 -0.000079 1.000000 
0.000568 -0.000092 1.000000 -0.003453 -0.021798 0.999756 -0.003936 -0.021699 0.999757 0.000435 -0.000068 1.000000 
0.008691 -0.001323 0.999961 -0.003557 -0.024035 0.999705 -0.004058 -0.023752 0.999710 0.008552 -0.001248 0.999963 
0.003542 -0.000627 0.999994 -0.004323 -0.025031 0.999677 -0.004864 -0.024845 0.999679 0.003393 -0.000580 0.999994 
0.002477 -0.000440 0.999997 -0.002692 -0.015540 0.999876 -0.003026 -0.015419 0.999877 0.002384 -0.000409 0.999997 
0.002022 -0.000359 0.999998 -0.002272 -0.013136 0.999911 -0.002555 -0.013035 0.999912 0.001944 -0.000333 0.999998 
0.001838 -0.000326 0.999998 -0.003229 -0.018672 0.999820 -0.003636 -0.018552 0.999821 0.001725 -0.000295 0.999998 
0.002111 -0.000470 0.999998 -0.003548 -0.016260 0.999861 -0.003898 -0.016128 0.999862 0.002015 -0.000436 0.999998 
0.000199 -0.000062 1.000000 0.000054 0.000175 1.000000 0.000059 0.000178 1.000000 0.000201 -0.000061 1.000000 
-0.002282 0.000872 0.999997 0.003808 0.010096 0.999942 0.004011 0.009957 0.999942 -0.002225 0.000835 0.999997 
-0.000579 0.000198 1.000000 0.002715 0.008043 0.999964 0.002889 0.007966 0.999964 -0.000531 0.000178 1.000000 
-0.001380 0.000349 0.999999 0.001734 0.006979 0.999974 0.001880 0.006907 0.999974 -0.001340 0.000330 0.999999 
0.010714 -0.002387 0.999940 0.000239 0.001095 0.999999 0.000321 0.001328 0.999999 0.010735 -0.002323 0.999940 
0.005231 -0.001217 0.999986 -0.000668 -0.002928 0.999995 -0.000703 -0.002796 0.999996 0.005221 -0.001181 0.999986 
0.016082 -0.051280 0.998555 -0.000586 -0.002238 0.999997 -0.112635 0.020438 0.993426 -0.032495 0.013293 0.999384 -0.163426 -0.049265 0.985325 
0.012740 -0.039608 0.999134 -0.000444 -0.001695 0.999998 -0.056254 0.009845 0.998368 0.000592 -0.000242 1.000000 -0.103401 -0.032539 0.994107 
0.010593 -0.031850 0.999437 -0.000509 -0.001993 0.999998 -0.035493 0.005973 0.999352 0.003253 -0.001317 0.999994 -0.066240 -0.021729 0.997567 
0.012661 -0.036588 0.999250 -0.000600 -0.002466 0.999997 -0.012642 0.002029 0.999918 0.015262 -0.006087 0.999865 -0.034487 -0.011812 0.999335 
0.014650 -0.040305 0.999080 -0.000968 -0.004297 0.999990 0.016706 -0.002512 0.999857 0.032913 -0.012850 0.999376 -0.000812 -0.000294 1.000000 
0.017329 -0.047658 0.998713 -0.002999 -0.013627 0.999903 0.038837 -0.005948 0.999228 0.058437 -0.022930 0.998028 -0.000706 -0.000255 1.000000 
-0.000595 -0.000215 1.000000 -0.004616 -0.021521 0.999758 0.082897 -0.032810 0.996018 0.060285 -0.009470 0.998136 0.019387 -0.053318 0.998389 
0.000657 0.000238 1.000000 -0.005304 -0.025111 0.999671 0.099959 -0.039612 0.994203 0.074933 -0.011815 0.997119 0.021112 -0.058046 0.998091 
0.004495 0.001635 0.999989 -0.005520 -0.026326 0.999638 0.109255 -0.043294 0.993071 0.083702 -0.013095 0.996405 0.022569 -0.061776 0.997835 
0.008454 0.003097 0.999959 -0.005735 -0.027528 0.999605 0.115006 -0.045554 0.992320 0.089722 -0.013901 0.995870 0.023845 -0.064856 0.997610 
0.011275 0.004168 0.999928 -0.005937 -0.028780 0.999568 0.118788 -0.046877 0.991812 0.093778 -0.014319 0.995490 0.024928 -0.067242 0.997425 
0.012454 0.004649 0.999912 -0.006144 -0.030214 0.999525 0.120991 -0.047416 0.991520 0.096009 -0.014386 0.995277 0.025775 -0.068877 0.997292 
0.011630 0.004384 0.999923 -0.006347 -0.031719 0.999477 0.121423 -0.047150 0.991480 0.096034 -0.014078 0.995278 0.026386 -0.069822 0.997210 
0.008422 0.003205 0.999959 -0.006541 -0.033291 0.999424 0.120357 -0.046201 0.991655 0.093917 -0.013420 0.995490 0.026741 -0.070035 0.997186 
0.003791 0.001458 0.999992 -0.006741 -0.035010 0.999364 0.117416 -0.044507 0.992085 0.089846 -0.012481 0.995877 0.026809 -0.069415 0.997228 
0.000359 0.000140 1.000000 -0.006877 -0.036397 0.999314 0.111172 -0.041614 0.992930 0.083648 -0.011289 0.996431 0.026600 -0.068098 0.997324 
0.000299 0.000116 1.000000 -0.007093 -0.037390 0.999276 0.101421 -0.037944 0.994120 0.076046 -0.010231 0.997052 0.026078 -0.066708 0.997432 
0.000119 0.000046 1.000000 -0.007939 -0.041353 0.999113 0.090937 -0.034577 0.995256 0.069148 -0.009559 0.997561 0.025110 -0.064172 0.997623 
0.000065 0.000025 1.000000 -0.008826 -0.045261 0.998936 0.079441 -0.030842 0.996362 0.061680 -0.008818 0.998057 0.023803 -0.060830 0.997864 
0.000007 0.000003 1.000000 -0.009793 -0.049422 0.998730 0.066603 -0.026476 0.997428 0.053391 -0.007926 0.998542 0.022170 -0.056656 0.998148 
-0.000020 -0.000008 1.000000 -0.010810 -0.053667 0.998500 0.052043 -0.021207 0.998420 0.043838 -0.006769 0.999016 0.020294 -0.051861 0.998448 
-0.000053 -0.000021 1.000000 -0.011738 -0.057391 0.998283 0.035781 -0.014928 0.999248 0.032850 -0.005263 0.999446 0.018116 -0.046294 0.998764 
-0.000220 -0.000085 1.000000 -0.012586 -0.060589 0.998083 0.018027 -0.007702 0.999808 0.020577 -0.003421 0.999782 0.015560 -0.039800 0.999087 
-0.007613 -0.002936 0.999967 -0.012554 -0.059493 0.998150 0.005515 -0.002382 0.999982 0.008217 -0.001397 0.999965 0.012735 -0.032818 0.999380 
-0.022131 -0.008487 0.999719 -0.011761 -0.056105 0.998356 -0.000153 0.000066 1.000000 -0.003112 0.000531 0.999995 0.011025 -0.028537 0.999532 
-0.036939 -0.014195 0.999217 -0.011128 -0.054575 0.998448 -0.000156 0.000067 1.000000 -0.009962 0.001703 0.999949 0.010380 -0.026778 0.999588 
-0.051634 -0.020078 0.998464 -0.011119 -0.056540 0.998338 -0.000165 0.000071 1.000000 -0.015955 0.002718 0.999869 0.009987 -0.025435 0.999627 
-0.064249 -0.025147 0.997617 -0.011272 -0.058456 0.998226 -0.000765 0.000334 1.000000 0.009882 -0.024980 0.999639 -0.014814 0.002502 0.999887 -0.027295 0.004770 0.999616 
-0.072521 -0.028505 0.996959 -0.011702 -0.061160 0.998059 -0.004405 0.001956 0.999988 0.007365 -0.018556 0.999801 -0.023380 0.003927 0.999719 -0.028293 0.005227 0.999586 
-0.077513 -0.030336 0.996530 -0.012005 -0.062265 0.997987 -0.009330 0.004220 0.999948 0.005132 -0.013001 0.999902 -0.031733 0.005395 0.999482 -0.029897 0.005784 0.999536 
-0.081169 -0.031619 0.996199 -0.012130 -0.062314 0.997983 -0.014127 0.006455 0.999879 0.003893 -0.009915 0.999943 -0.038661 0.006661 0.999230 -0.033229 0.006552 0.999426 
-0.083497 -0.032634 0.995974 -0.012168 -0.062576 0.997966 -0.017410 0.007957 0.999817 0.003502 -0.008892 0.999954 -0.043573 0.007513 0.999022 -0.035834 0.007013 0.999333 
-0.085180 -0.033436 0.995804 -0.012118 -0.062831 0.997951 -0.019118 0.008688 0.999779 0.003576 -0.009040 0.999953 -0.046184 0.007899 0.998902 -0.037873 0.007288 0.999256 
-0.086473 -0.034089 0.995671 -0.012064 -0.063197 0.997928 -0.019540 0.008796 0.999770 0.004061 -0.010217 0.999940 -0.046794 0.007914 0.998873 -0.039636 0.007455 0.999186 
-0.086366 -0.034242 0.995675 -0.012062 -0.063993 0.997877 -0.018300 0.008158 0.999799 0.004920 -0.012302 0.999912 -0.045607 0.007603 0.998931 -0.039369 0.007240 0.999199 
-0.084801 -0.033821 0.995824 -0.012137 -0.065201 0.997798 -0.015420 0.006818 0.999858 0.006089 -0.015125 0.999867 -0.042522 0.006983 0.999071 -0.037042 0.006693 0.999291 
-0.081783 -0.032769 0.996111 -0.012290 -0.066657 0.997700 -0.010878 0.004782 0.999929 0.007572 -0.018705 0.999796 -0.037520 0.006085 0.999277 -0.032712 0.005845 0.999448 
-0.077314 -0.031101 0.996522 -0.012494 -0.068296 0.997587 -0.004574 0.002001 0.999988 0.009491 -0.023331 0.999683 -0.030722 0.004925 0.999516 -0.026338 0.004660 0.999642 
-0.066879 -0.027079 0.997394 -0.012769 -0.069901 0.997472 -0.000267 0.000116 1.000000 0.011345 -0.027706 0.999552 -0.022779 0.003634 0.999734 -0.018787 0.003283 0.999818 
-0.056748 -0.023060 0.998122 -0.013289 -0.071980 0.997318 -0.000186 0.000081 1.000000 0.012911 -0.031425 0.999423 -0.016864 0.002716 0.999854 -0.015751 0.002719 0.999872 
-0.046598 -0.018867 0.998736 -0.014056 -0.074818 0.997098 -0.000161 0.000070 1.000000 0.014594 -0.035664 0.999257 -0.011810 0.001936 0.999928 -0.011879 0.002023 0.999927 
-0.036570 -0.014670 0.999223 -0.014674 -0.076138 0.996989 -0.000070 0.000030 1.000000 -0.007467 0.001257 0.999971 0.015664 -0.038664 0.999130 
-0.025874 -0.010279 0.999612 -0.015062 -0.076097 0.996987 -0.000049 0.000021 1.000000 -0.002873 0.000486 0.999996 0.016221 -0.040479 0.999049 
-0.015927 -0.006273 0.999853 -0.015641 -0.076986 0.996909 0.000646 -0.000284 1.000000 0.002064 -0.000355 0.999998 0.016945 -0.042702 0.998944 
-0.007706 -0.002998 0.999966 -0.015890 -0.076112 0.996973 0.003313 -0.001466 0.999993 0.007333 -0.001285 0.999972 0.017640 -0.045056 0.998829 
-0.000603 -0.000231 1.000000 -0.015832 -0.073949 0.997136 0.007117 -0.003172 0.999970 0.012701 -0.002266 0.999917 0.018269 -0.047310 0.998713 
-0.000121 -0.000046 1.000000 -0.015987 -0.072751 0.997222 0.010668 -0.004780 0.999932 0.015371 -0.002784 0.999878 0.018436 -0.048370 0.998659 
-0.000143 -0.000054 1.000000 -0.015367 -0.069147 0.997488 0.014262 -0.006368 0.999878 0.017221 -0.003124 0.999847 0.018508 -0.049055 0.998625 
-0.000158 -0.000059 1.000000 -0.014565 -0.065667 0.997735 0.017407 -0.007724 0.999819 0.019105 -0.003442 0.999812 0.018214 -0.048382 0.998663 
-0.000168 -0.000063 1.000000 -0.013667 -0.061870 0.997991 0.019361 -0.008540 0.999776 0.020186 -0.003605 0.999790 0.017571 -0.046673 0.998756 
-0.000177 -0.000066 1.000000 -0.012785 -0.058037 0.998233 0.019823 -0.008714 0.999766 0.020283 -0.003604 0.999788 0.016551 -0.043965 0.998896 
-0.000185 -0.000069 1.000000 -0.011882 -0.054036 0.998468 0.018667 -0.008193 0.999792 0.019252 -0.003414 0.999809 0.015155 -0.040258 0.999074 
-0.000194 -0.000072 1.000000 -0.010947 -0.049808 0.998699 0.016024 -0.007033 0.999847 0.017190 -0.003049 0.999848 0.013378 -0.035537 0.999279 
-0.000209 -0.000078 1.000000 -0.009952 -0.045332 0.998922 0.013068 -0.005737 0.999898 0.015085 -0.002677 0.999883 0.011226 -0.029819 0.999492 
-0.000229 -0.000086 1.000000 -0.008769 -0.040199 0.999153 0.009290 -0.004072 0.999949 0.012352 -0.002187 0.999921 0.008727 -0.023181 0.999693 
-0.000251 -0.000094 1.000000 -0.007280 -0.033650 0.999407 0.005070 -0.002219 0.999985 0.008897 -0.001571 0.999959 0.006157 -0.016350 0.999847 
-0.000366 -0.000137 1.000000 -0.005573 -0.026015 0.999646 0.000391 -0.000171 1.000000 0.004994 -0.000879 0.999987 0.003221 -0.008541 0.999958 
-0.001989 -0.000749 0.999998 -0.003509 -0.016418 0.999859 0.000035 -0.000015 1.000000 0.003174 -0.000558 0.999995 0.000751 -0.001983 0.999998 
-0.003759 -0.001412 0.999992 -0.001565 -0.007325 0.999972 -0.000114 0.000050 1.000000 0.000193 -0.000034 1.000000 0.000054 -0.000143 1.000000 
-0.005685 -0.002129 0.999982 -0.000001 -0.000005 1.000000 -0.000116 0.000051 1.000000 -0.002691 0.000475 0.999996 -0.000060 0.000160 1.000000 
-0.008712 -0.003257 0.999957 0.000155 0.000730 1.000000 -0.000649 0.000284 1.000000 -0.004426 0.000783 0.999990 -0.000479 0.001275 0.999999 
-0.008942 -0.003362 0.999954 0.000152 0.000723 1.000000 -0.002160 0.000946 0.999997 -0.004514 0.000798 0.999989 -0.002140 0.005663 0.999982 
-0.006358 -0.002424 0.999977 0.000208 0.001013 0.999999 -0.003802 0.001663 0.999991 -0.003257 0.000571 0.999995 -0.004149 0.010829 0.999933 
-0.002396 -0.000926 0.999997 0.000420 0.002090 0.999998 -0.005014 0.002187 0.999985 -0.001361 0.000236 0.999999 -0.006004 0.015452 0.999863 
0.000067 0.000026 1.000000 0.001192 0.006006 0.999981 -0.006041 0.002631 0.999978 -0.001123 0.000193 0.999999 -0.007442 0.019003 0.999792 
0.000003 0.000001 1.000000 0.001930 0.009733 0.999951 -0.005863 0.002553 0.999980 -0.001024 0.000176 0.999999 -0.008784 0.022429 0.999710 
-0.000044 -0.000017 1.000000 0.002780 0.014016 0.999898 -0.005241 0.002283 0.999984 -0.000931 0.000160 1.000000 -0.009818 0.025070 0.999637 
-0.000077 -0.000030 1.000000 0.003557 0.017955 0.999832 -0.004523 0.001970 0.999988 -0.000820 0.000141 1.000000 -0.010631 0.027148 0.999575 
-0.000100 -0.000039 1.000000 0.004307 0.021741 0.999754 -0.003924 0.001709 0.999991 -0.000740 0.000128 1.000000 -0.011477 0.029306 0.999505 
-0.000114 -0.000045 1.000000 0.004980 0.025138 0.999672 -0.003451 0.001503 0.999993 -0.000665 0.000115 1.000000 -0.012306 0.031425 0.999430 
-0.000123 -0.000048 1.000000 0.005566 0.028092 0.999590 -0.003081 0.001342 0.999994 -0.000596 0.000103 1.000000 -0.013077 0.033392 0.999357 
-0.000127 -0.000049 1.000000 0.006067 0.030619 0.999513 -0.002803 0.001221 0.999995 -0.000533 0.000092 1.000000 -0.013782 0.035194 0.999285 
-0.000127 -0.000050 1.000000 0.006459 0.032597 0.999448 -0.002697 0.001175 0.999996 -0.000480 0.000083 1.000000 -0.014462 0.036930 0.999213 
-0.000126 -0.000049 1.000000 0.006740 0.033985 0.999400 -0.002680 0.001168 0.999996 -0.000413 0.000071 1.000000 -0.015039 0.038406 0.999149 
-0.000123 -0.000048 1.000000 0.006959 0.035087 0.999360 -0.002660 0.001159 0.999996 -0.000375 0.000065 1.000000 -0.015472 0.039510 0.999099 
-0.000119 -0.000046 1.000000 0.007109 0.035845 0.999332 -0.002619 0.001141 0.999996 -0.000341 0.000059 1.000000 -0.015747 0.040212 0.999067 
-0.000115 -0.000045 1.000000 0.007139 0.035971 0.999327 -0.002618 0.001141 0.999996 -0.000284 0.000049 1.000000 -0.015863 0.040510 0.999053 
-0.000121 -0.000047 1.000000 0.007115 0.035827 0.999333 -0.002594 0.001130 0.999996 -0.000255 0.000044 1.000000 -0.015825 0.040412 0.999058 
-0.000130 -0.000051 1.000000 0.007012 0.035306 0.999352 -0.002588 0.001128 0.999996 -0.000233 0.000040 1.000000 -0.015662 0.039996 0.999077 
-0.000138 -0.000054 1.000000 0.006833 0.034408 0.999384 -0.002599 0.001133 0.999996 -0.000213 0.000037 1.000000 -0.015373 0.039259 0.999111 
-0.000144 -0.000056 1.000000 0.006580 0.033133 0.999429 -0.002622 0.001143 0.999996 -0.000195 0.000034 1.000000 -0.014957 0.038196 0.999158 
-0.000150 -0.000058 1.000000 0.006255 0.031493 0.999484 -0.002659 0.001159 0.999996 -0.000178 0.000031 1.000000 -0.014420 0.036824 0.999218 
-0.000156 -0.000061 1.000000 0.005859 0.029500 0.999548 -0.002711 0.001182 0.999996 -0.000163 0.000028 1.000000 -0.013767 0.035157 0.999287 
-0.000162 -0.000063 1.000000 0.005395 0.027165 0.999616 -0.002777 0.001210 0.999995 -0.000149 0.000026 1.000000 -0.013002 0.033205 0.999364 
-0.000168 -0.000065 1.000000 0.004865 0.024496 0.999688 -0.002857 0.001245 0.999995 -0.000136 0.000023 1.000000 -0.012128 0.030973 0.999447 
-0.000175 -0.000068 1.000000 0.004269 0.021498 0.999760 -0.002950 0.001285 0.999995 -0.000125 0.000022 1.000000 -0.011147 0.028467 0.999533 
-0.000157 -0.000061 1.000000 0.003610 0.018177 0.999828 -0.003064 0.001335 0.999994 -0.000111 0.000019 1.000000 -0.010058 0.025687 0.999619 
-0.000139 -0.000054 1.000000 0.002886 0.014534 0.999890 -0.003190 0.001390 0.999994 -0.000098 0.000017 1.000000 -0.008863 0.022635 0.999705 
-0.000119 -0.000046 1.000000 0.002100 0.010573 0.999942 -0.003329 0.001450 0.999993 -0.000087 0.000015 1.000000 -0.007562 0.019310 0.999785 
-0.000099 -0.000038 1.000000 0.001252 0.006304 0.999979 -0.003474 0.001514 0.999993 -0.000077 0.000013 1.000000 -0.006151 0.015709 0.999858 
-0.000080 -0.000031 1.000000 0.000365 0.001839 0.999998 -0.003561 0.001551 0.999992 -0.000050 0.000009 1.000000 -0.004628 0.011819 0.999919 
-0.000048 -0.000019 1.000000 0.000009 0.000046 1.000000 -0.002539 0.001106 0.999996 0.000093 -0.000016 1.000000 -0.002995 0.007649 0.999966 
-0.001226 -0.000477 0.999999 -0.000057 -0.000286 1.000000 -0.001255 0.000547 0.999999 -0.000096 0.000017 1.000000 -0.001912 0.004887 0.999986 
-0.001043 -0.000406 0.999999 -0.000279 -0.001403 0.999999 -0.001034 0.000451 0.999999 -0.000151 0.000026 1.000000 -0.001072 0.002740 0.999996 
-0.000928 -0.000361 1.000000 -0.000486 -0.002446 0.999997 -0.000917 0.000400 0.999999 0.000193 -0.000033 1.000000 -0.000935 0.002390 0.999997 
-0.000821 -0.000320 1.000000 -0.000912 -0.004593 0.999989 -0.000812 0.000354 1.000000 0.000847 -0.000146 1.000000 -0.000813 0.002077 0.999998 
-0.002270 -0.000883 0.999997 -0.001269 -0.006394 0.999979 0.000618 -0.000269 1.000000 0.001176 -0.000202 0.999999 0.000137 -0.000351 1.000000 
-0.003789 -0.001472 0.999992 -0.001683 -0.008476 0.999963 0.001626 -0.000706 0.999998 0.001352 -0.000232 0.999999 0.000874 -0.002239 0.999997 
-0.003519 -0.001367 0.999993 -0.002089 -0.010525 0.999942 0.001520 -0.000660 0.999999 0.002002 -0.000344 0.999998 0.000830 -0.002126 0.999997 
-0.003159 -0.001227 0.999994 -0.002530 -0.012744 0.999916 0.001385 -0.000601 0.999999 0.002729 -0.000469 0.999996 0.000771 -0.001974 0.999998 
-0.002880 -0.001119 0.999995 -0.002844 -0.014328 0.999893 0.001234 -0.000536 0.999999 0.003224 -0.000554 0.999995 0.000714 -0.001827 0.999998 
-0.002630 -0.001022 0.999996 -0.003063 -0.015430 0.999876 0.001104 -0.000480 0.999999 0.003579 -0.000615 0.999993 0.000665 -0.001703 0.999998 
-0.002767 -0.001075 0.999996 -0.003187 -0.016055 0.999866 0.001218 -0.000529 0.999999 0.003703 -0.000636 0.999993 0.000777 -0.001989 0.999998 
-0.002525 -0.000981 0.999996 -0.003204 -0.016140 0.999865 0.001101 -0.000478 0.999999 0.003785 -0.000650 0.999993 0.000718 -0.001839 0.999998 
-0.002288 -0.000889 0.999997 -0.003133 -0.015782 0.999871 0.000988 -0.000429 0.999999 0.003753 -0.000644 0.999993 0.000647 -0.001657 0.999998 
-0.002055 -0.000798 0.999998 -0.003008 -0.015154 0.999881 0.000886 -0.000385 1.000000 0.003650 -0.000627 0.999993 0.000577 -0.001478 0.999999 
-0.005605 -0.002174 0.999982 -0.002809 -0.014140 0.999896 0.001976 -0.000857 0.999998 0.003357 -0.000577 0.999994 -0.000356 0.000913 1.000000 
-0.004835 -0.001875 0.999987 -0.002562 -0.012898 0.999914 0.001797 -0.000780 0.999998 0.003177 -0.000546 0.999995 -0.000312 0.000800 1.000000 
-0.004834 -0.001874 0.999987 -0.002290 -0.011528 0.999931 0.002089 -0.000906 0.999997 0.002782 -0.000478 0.999996 0.000023 -0.000058 1.000000 
-0.006628 -0.002568 0.999975 -0.002007 -0.010107 0.999947 0.003214 -0.001392 0.999994 0.001965 -0.000337 0.999998 0.000722 -0.001854 0.999998 
-0.005752 -0.002229 0.999981 -0.001643 -0.008272 0.999964 0.002863 -0.001240 0.999995 0.001637 -0.000280 0.999999 0.000614 -0.001577 0.999999 
-0.004986 -0.001932 0.999986 -0.001240 -0.006245 0.999980 0.002581 -0.001118 0.999996 0.001299 -0.000222 0.999999 0.000459 -0.001178 0.999999 
-0.004452 -0.001725 0.999989 -0.000842 -0.004240 0.999991 0.002269 -0.000983 0.999997 0.000824 -0.000141 1.000000 0.000315 -0.000808 1.000000 
-0.004023 -0.001559 0.999991 -0.000451 -0.002270 0.999997 0.002151 -0.000931 0.999997 0.000435 -0.000075 1.000000 0.000223 -0.000573 1.000000 
-0.003654 -0.001415 0.999992 -0.000192 -0.000964 1.000000 0.002012 -0.000871 0.999998 0.000172 -0.000030 1.000000 0.000154 -0.000396 1.000000 
-0.004960 -0.001920 0.999986 -0.000045 -0.000228 1.000000 0.002214 -0.000959 0.999997 0.000066 -0.000011 1.000000 -0.000541 0.001390 0.999999 
-0.004478 -0.001734 0.999988 -0.000037 -0.000187 1.000000 0.001967 -0.000851 0.999998 0.000069 -0.000012 1.000000 -0.000544 0.001398 0.999999 
-0.004053 -0.001569 0.999991 -0.000032 -0.000159 1.000000 0.001724 -0.000746 0.999998 0.000080 -0.000014 1.000000 -0.000580 0.001491 0.999999 
-0.003319 -0.001285 0.999994 -0.000026 -0.000131 1.000000 0.001338 -0.000579 0.999999 0.000253 -0.000043 1.000000 -0.000799 0.002054 0.999998 
-0.002999 -0.001161 0.999995 -0.000021 -0.000106 1.000000 0.001152 -0.000499 0.999999 0.000245 -0.000042 1.000000 -0.000812 0.002086 0.999997 
-0.002726 -0.001056 0.999996 -0.000016 -0.000078 1.000000 0.000999 -0.000433 0.999999 0.000233 -0.000040 1.000000 -0.000810 0.002080 0.999998 
-0.002484 -0.000962 0.999996 -0.000010 -0.000053 1.000000 0.000864 -0.000374 1.000000 0.000220 -0.000038 1.000000 -0.000807 0.002074 0.999998 
-0.002273 -0.000880 0.999997 0.000127 0.000637 1.000000 0.000823 -0.000356 1.000000 0.000102 -0.000017 1.000000 -0.000824 0.002118 0.999997 
-0.002078 -0.000805 0.999998 0.000102 0.000514 1.000000 0.000778 -0.000337 1.000000 0.000174 -0.000030 1.000000 -0.000805 0.002069 0.999998 
-0.001891 -0.000732 0.999998 0.000182 0.000917 1.000000 0.000416 -0.000180 1.000000 -0.000196 0.000034 1.000000 -0.000762 0.001958 0.999998 
-0.001727 -0.000669 0.999998 0.000160 0.000805 1.000000 0.000367 -0.000159 1.000000 -0.000169 0.000029 1.000000 -0.000713 0.001831 0.999998 
-0.004014 -0.001553 0.999991 0.000131 0.000658 1.000000 0.001265 -0.000547 0.999999 -0.000163 0.000028 1.000000 -0.001050 0.002700 0.999996 
-0.003635 -0.001406 0.999992 0.000103 0.000518 1.000000 0.001119 -0.000484 0.999999 -0.000124 0.000021 1.000000 -0.000981 0.002524 0.999996 
-0.003295 -0.001274 0.999994 0.000082 0.000413 1.000000 0.000986 -0.000427 0.999999 -0.000092 0.000016 1.000000 -0.000926 0.002381 0.999997 
-0.002985 -0.001154 0.999995 0.000065 0.000326 1.000000 0.000863 -0.000373 1.000000 -0.000065 0.000011 1.000000 -0.000879 0.002261 0.999997 
-0.002705 -0.001046 0.999996 0.000050 0.000253 1.000000 0.000751 -0.000325 1.000000 -0.000040 0.000007 1.000000 -0.000840 0.002161 0.999997 
-0.003082 -0.001192 0.999995 0.000095 0.000475 1.000000 0.000258 -0.000112 1.000000 -0.000231 0.000040 1.000000 -0.001447 0.003723 0.999992 
-0.002584 -0.001000 0.999996 0.000072 0.000360 1.000000 0.000161 -0.000070 1.000000 -0.000086 0.000015 1.000000 -0.001401 0.003603 0.999993 
-0.002360 -0.000913 0.999997 0.000044 0.000219 1.000000 0.000123 -0.000053 1.000000 -0.000051 0.000009 1.000000 -0.001302 0.003350 0.999994 
-0.002533 -0.000980 0.999996 0.000016 0.000081 1.000000 0.000167 -0.000072 1.000000 -0.000018 0.000003 1.000000 -0.001348 0.003468 0.999993 
-0.002313 -0.000894 0.999997 0.000002 0.000010 1.000000 0.000128 -0.000055 1.000000 0.000001 -0.000000 1.000000 -0.001257 0.003235 0.999994 
-0.002113 -0.000817 0.999997 -0.000008 -0.000039 1.000000 0.000093 -0.000040 1.000000 0.000016 -0.000003 1.000000 -0.001177 0.003028 0.999995 
-0.001935 -0.000748 0.999998 -0.000014 -0.000068 1.000000 0.000065 -0.000028 1.000000 0.000028 -0.000005 1.000000 -0.001106 0.002844 0.999995 
-0.003946 -0.001525 0.999991 -0.000018 -0.000088 1.000000 0.000749 -0.000324 1.000000 -0.000043 0.000007 1.000000 -0.001460 0.003761 0.999992 
-0.003239 -0.001251 0.999994 0.000113 0.000566 1.000000 0.000586 -0.000254 1.000000 -0.000031 0.000005 1.000000 -0.001468 0.003780 0.999992 
-0.002951 -0.001140 0.999995 0.000098 0.000490 1.000000 0.000515 -0.000223 1.000000 -0.000014 0.000002 1.000000 -0.001368 0.003523 0.999993 
-0.003825 -0.001477 0.999992 0.000081 0.000405 1.000000 0.000684 -0.000296 1.000000 -0.000003 0.000001 1.000000 -0.001690 0.004352 0.999989 
-0.003477 -0.001343 0.999993 0.000065 0.000327 1.000000 0.000600 -0.000260 1.000000 0.000012 -0.000002 1.000000 -0.001565 0.004030 0.999991 
-0.003176 -0.001227 0.999994 0.000052 0.000261 1.000000 0.000521 -0.000225 1.000000 0.000026 -0.000005 1.000000 -0.001465 0.003774 0.999992 
-0.002688 -0.001038 0.999996 0.000041 0.000206 1.000000 0.000393 -0.000170 1.000000 0.000133 -0.000023 1.000000 -0.001431 0.003686 0.999992 
-0.002459 -0.000950 0.999997 0.000030 0.000153 1.000000 0.000331 -0.000143 1.000000 0.000133 -0.000023 1.000000 -0.001343 0.003458 0.999993 
-0.002262 -0.000874 0.999997 0.000021 0.000105 1.000000 0.000280 -0.000121 1.000000 0.000131 -0.000023 1.000000 -0.001261 0.003246 0.999994 
-0.001840 -0.000711 0.999998 0.000013 0.000068 1.000000 0.000175 -0.000076 1.000000 0.000219 -0.000038 1.000000 -0.001223 0.003149 0.999994 
-0.001859 -0.000718 0.999998 0.000007 0.000033 1.000000 0.000195 -0.000084 1.000000 0.000263 -0.000045 1.000000 -0.001256 0.003236 0.999994 
-0.001716 -0.000663 0.999998 -0.000000 -0.000001 1.000000 0.000153 -0.000066 1.000000 0.000249 -0.000043 1.000000 -0.001186 0.003055 0.999995 
-0.002713 -0.001047 0.999996 -0.000005 -0.000024 1.000000 0.000340 -0.000147 1.000000 0.000229 -0.000039 1.000000 -0.001543 0.003976 0.999991 
-0.004533 -0.001749 0.999988 -0.000167 -0.000841 1.000000 0.000752 -0.000325 1.000000 0.000556 -0.000096 1.000000 -0.002306 0.005945 0.999980 
-0.004126 -0.001592 0.999990 -0.000158 -0.000792 1.000000 0.000658 -0.000285 1.000000 0.000513 -0.000088 1.000000 -0.002127 0.005484 0.999983 
-0.003761 -0.001451 0.999992 -0.000145 -0.000728 1.000000 0.000566 -0.000245 1.000000 0.000468 -0.000080 1.000000 -0.001975 0.005092 0.999985 
-0.003418 -0.001319 0.999993 -0.000133 -0.000667 1.000000 0.000490 -0.000212 1.000000 0.000429 -0.000074 1.000000 -0.001825 0.004704 0.999987 
-0.003116 -0.001202 0.999994 -0.000124 -0.000625 1.000000 0.000418 -0.000181 1.000000 0.000397 -0.000068 1.000000 -0.001696 0.004372 0.999989 
-0.002848 -0.001099 0.999995 -0.000116 -0.000584 1.000000 0.000349 -0.000151 1.000000 0.000368 -0.000063 1.000000 -0.001589 0.004098 0.999990 
-0.002615 -0.001009 0.999996 -0.000108 -0.000543 1.000000 0.000277 -0.000120 1.000000 0.000340 -0.000058 1.000000 -0.001508 0.003887 0.999991 
-0.002397 -0.000925 0.999997 -0.000069 -0.000346 1.000000 -0.000218 0.000094 1.000000 -0.000103 0.000018 1.000000 -0.001424 0.003670 0.999992 
-0.002837 -0.001095 0.999995 -0.000065 -0.000325 1.000000 -0.000072 0.000031 1.000000 -0.000084 0.000014 1.000000 -0.001559 0.004019 0.999991 
-0.003244 -0.001251 0.999994 -0.000060 -0.000302 1.000000 0.000058 -0.000025 1.000000 -0.000068 0.000012 1.000000 -0.001688 0.004354 0.999989 
-0.002961 -0.001142 0.999995 -0.000056 -0.000283 1.000000 0.000035 -0.000015 1.000000 -0.000052 0.000009 1.000000 -0.001571 0.004051 0.999991 
-0.002703 -0.001043 0.999996 -0.000054 -0.000273 1.000000 0.000012 -0.000005 1.000000 -0.000037 0.000006 1.000000 -0.001465 0.003779 0.999992 
-0.002472 -0.000954 0.999996 -0.000053 -0.000268 1.000000 -0.000015 0.000006 1.000000 -0.000022 0.000004 1.000000 -0.001376 0.003549 0.999993 
-0.002270 -0.000876 0.999997 0.000023 0.000116 1.000000 -0.000140 0.000061 1.000000 -0.000198 0.000034 1.000000 -0.001307 0.003369 0.999993 
-0.002068 -0.000798 0.999998 0.000009 0.000045 1.000000 -0.000148 0.000064 1.000000 -0.000157 0.000027 1.000000 -0.001221 0.003148 0.999994 
-0.001898 -0.000732 0.999998 -0.000005 -0.000023 1.000000 -0.000164 0.000071 1.000000 -0.000124 0.000021 1.000000 -0.001155 0.002979 0.999995 
-0.001741 -0.000672 0.999998 -0.000011 -0.000056 1.000000 -0.000179 0.000077 1.000000 -0.000098 0.000017 1.000000 -0.001098 0.002832 0.999995 
-0.001607 -0.000620 0.999999 -0.000015 -0.000075 1.000000 -0.000192 0.000083 1.000000 -0.000075 0.000013 1.000000 -0.001055 0.002721 0.999996 
-0.001481 -0.000571 0.999999 -0.000019 -0.000093 1.000000 -0.000203 0.000088 1.000000 -0.000056 0.000010 1.000000 -0.001009 0.002603 0.999996 
