0.000287 -0.001524 0.999999 0.000237 0.000044 1.000000 0.000228 0.000043 1.000000 0.000252 -0.001524 0.999999 
0.000356 -0.001895 0.999998 -0.000543 -0.000100 1.000000 -0.000554 -0.000105 1.000000 0.000316 -0.001914 0.999998 
0.000405 -0.002155 0.999998 0.000366 0.000067 1.000000 0.000353 0.000067 1.000000 0.000356 -0.002155 0.999998 
0.000485 -0.002578 0.999997 0.002212 0.000406 0.999997 0.002194 0.000416 0.999998 0.000419 -0.002539 0.999997 
0.001320 -0.007025 0.999974 0.004941 0.000906 0.999987 0.004892 0.000928 0.999988 0.001144 -0.006941 0.999975 
0.000970 -0.005164 0.999986 0.007252 0.001330 0.999973 0.007212 0.001368 0.999973 0.000828 -0.005021 0.999987 
0.000858 -0.004568 0.999989 0.006515 0.001195 0.999978 0.006479 0.001229 0.999978 0.000732 -0.004440 0.999990 
0.000726 -0.003866 0.999992 0.005769 0.001058 0.999983 0.005739 0.001089 0.999983 0.000619 -0.003752 0.999993 
0.000554 -0.002951 0.999995 0.004391 0.000805 0.999990 0.004368 0.000828 0.999990 0.000472 -0.002863 0.999996 
0.000150 -0.000801 1.000000 0.000581 0.000107 1.000000 0.000576 0.000109 1.000000 0.000130 -0.000791 1.000000 
-0.000371 0.001974 0.999998 -0.000287 -0.000053 1.000000 -0.000275 -0.000052 1.000000 -0.000326 0.001975 0.999998 
-0.000340 0.001808 0.999998 -0.000280 -0.000051 1.000000 -0.000269 -0.000051 1.000000 -0.000298 0.001809 0.999998 
-0.000198 0.001054 0.999999 -0.000290 -0.000053 1.000000 -0.000283 -0.000054 1.000000 -0.000173 0.001052 0.999999 
-0.000176 0.000951 1.000000 -0.000360 -0.000065 1.000000 -0.000354 -0.000066 1.000000 -0.000154 0.000946 1.000000 
-0.000189 0.001018 0.999999 -0.001973 -0.000357 0.999998 -0.001965 -0.000368 0.999998 -0.000159 0.000978 1.000000 
-0.000002 0.000010 1.000000 -0.002436 -0.000442 0.999997 -0.002433 -0.000457 0.999997 0.000007 -0.000045 1.000000 
-0.000205 0.001101 0.999999 -0.002308 -0.000419 0.999997 -0.002299 -0.000432 0.999997 -0.000172 0.001053 0.999999 
-0.000192 0.001029 0.999999 -0.002098 -0.000381 0.999998 -0.002090 -0.000393 0.999998 -0.000161 0.000986 1.000000 
-0.000689 0.004420 0.999990 -0.003543 -0.000536 0.999994 -0.003513 -0.000554 0.999994 -0.000579 0.004354 0.999990 
-0.000826 0.005237 0.999986 -0.014039 -0.002153 0.999899 -0.013994 -0.002234 0.999900 -0.000667 0.004940 0.999988 
-0.000658 0.003872 0.999992 -0.013271 -0.002197 0.999910 -0.013234 -0.002274 0.999910 -0.000528 0.003588 0.999993 
0.030625 0.039170 0.998763 0.007324 -0.000513 0.999973 0.000062 -0.000429 1.000000 -0.040055 0.031041 0.998715 0.047500 0.010710 0.998814 
0.003635 0.004742 0.999982 -0.002634 0.000168 0.999997 0.000255 -0.001780 0.999998 -0.016258 0.012415 0.999791 0.007805 0.001805 0.999968 
0.001660 0.002158 0.999996 -0.008388 0.000591 0.999965 -0.000085 0.000653 1.000000 -0.014744 0.011300 0.999827 -0.000261 -0.000058 1.000000 
0.001433 0.001861 0.999997 -0.030658 0.002260 0.999527 -0.000312 0.002649 0.999996 -0.017326 0.013294 0.999762 -0.020020 -0.004122 0.999791 
0.001292 0.001678 0.999998 -0.057823 0.004458 0.998317 -0.000231 0.002230 0.999997 -0.018694 0.014344 0.999722 -0.044562 -0.008426 0.998971 
0.001153 0.001497 0.999998 -0.000426 0.004358 0.999990 -0.073976 0.006479 0.997239 -0.017995 0.013808 0.999743 -0.060925 -0.010506 0.998087 
0.001022 0.001326 0.999999 -0.000832 0.008605 0.999963 -0.075105 0.007763 0.997145 -0.016119 0.012368 0.999794 -0.064442 -0.010197 0.997869 
0.000896 0.001164 0.999999 -0.001004 0.010282 0.999947 -0.069864 0.008077 0.997524 -0.013838 0.010618 0.999848 -0.061234 -0.009225 0.998081 
0.000783 0.001017 0.999999 -0.000621 0.006223 0.999980 -0.065025 0.007672 0.997854 -0.011051 0.008480 0.999903 -0.056604 -0.008594 0.998360 
0.000476 0.000618 1.000000 0.000116 -0.001148 0.999999 -0.061463 0.006946 0.998085 -0.007779 0.005970 0.999952 -0.052410 -0.008256 0.998592 
0.000002 0.000003 1.000000 0.001040 -0.010052 0.999949 -0.057706 0.006074 0.998315 -0.004004 0.003073 0.999987 -0.047866 -0.007898 0.998823 
-0.000005 -0.000006 1.000000 0.001896 -0.018009 0.999836 -0.052089 0.005178 0.998629 -0.002047 0.001571 0.999997 -0.040984 -0.006990 0.999135 
0.000016 0.000021 1.000000 0.002263 -0.020846 0.999780 -0.046236 0.004514 0.998920 -0.000161 0.000124 1.000000 -0.035461 -0.006110 0.999352 
-0.000202 -0.000263 1.000000 0.002626 -0.023458 0.999721 -0.039848 0.003828 0.999198 0.000524 -0.000402 1.000000 -0.029275 -0.005090 0.999558 
-0.000166 -0.000216 1.000000 0.003028 -0.026254 0.999651 -0.032321 0.003050 0.999473 0.005506 -0.004224 0.999976 -0.023447 -0.004119 0.999717 
-0.000115 -0.000149 1.000000 0.003511 -0.029700 0.999553 -0.023685 0.002200 0.999717 0.013498 -0.010355 0.999855 -0.017581 -0.003115 0.999841 
-0.000113 -0.000147 1.000000 0.003970 -0.032866 0.999452 -0.014640 0.001340 0.999892 0.021600 -0.016539 0.999630 -0.011540 -0.002062 0.999931 
-0.000060 -0.000078 1.000000 0.004531 -0.036203 0.999334 -0.005583 0.000501 0.999984 0.029205 -0.022242 0.999326 -0.005208 -0.000946 0.999986 
-0.000009 -0.000012 1.000000 0.004975 -0.038406 0.999250 0.002254 -0.000198 0.999997 0.036125 -0.027332 0.998973 -0.000072 -0.000013 1.000000 
-0.001127 -0.001486 0.999998 0.004961 -0.038291 0.999254 0.005009 -0.000445 0.999987 0.040141 -0.030323 0.998734 -0.000051 -0.000009 1.000000 
-0.003599 -0.004751 0.999982 0.005509 -0.042525 0.999080 0.006640 -0.000598 0.999978 0.042037 -0.031711 0.998613 -0.000029 -0.000005 1.000000 
-0.006030 -0.007960 0.999950 0.006059 -0.046769 0.998887 0.008190 -0.000747 0.999966 0.043763 -0.032992 0.998497 -0.000017 -0.000003 1.000000 
-0.008242 -0.010881 0.999907 0.006595 -0.050911 0.998681 0.010160 -0.000951 0.999948 0.046758 -0.035229 0.998285 0.000012 0.000002 1.000000 
-0.010955 -0.014452 0.999836 0.007092 -0.054746 0.998475 0.013446 -0.001339 0.999909 0.051475 -0.038782 0.997921 0.000041 0.000008 1.000000 
-0.014000 -0.018446 0.999732 0.007538 -0.058199 0.998277 0.017370 -0.001858 0.999847 0.056677 -0.042712 0.997479 0.000071 0.000013 1.000000 
-0.028414 -0.037369 0.998897 0.006792 -0.052437 0.998601 0.044431 -0.004106 0.999004 0.014290 -0.010807 0.999839 0.027042 0.005402 0.999620 
-0.042418 -0.057941 0.997418 0.090558 -0.004928 0.995879 0.005223 -0.041339 0.999132 0.009875 -0.007189 0.999925 0.053715 0.012612 0.998477 
-0.052568 -0.080667 0.995354 0.148256 0.003931 0.988941 0.002574 -0.023778 0.999714 0.017219 -0.011129 0.999790 0.086033 0.027021 0.995926 
0.054480 -0.033247 0.997961 -0.040771 -0.065808 0.996999 0.000007 -0.000083 1.000000 0.116675 0.052382 0.991788 0.000077 0.000008 1.000000 0.400288 0.089190 0.912039 
0.008470 -0.004572 0.999954 0.000086 0.000008 1.000000 0.000057 -0.000707 1.000000 0.149022 0.099780 0.983787 -0.005213 -0.009613 0.999940 0.327000 0.219439 0.919194 
0.003504 0.000320 0.999994 0.000891 -0.000461 0.999999 -0.002880 -0.005547 0.999980 0.267115 0.329707 0.905507 0.000302 -0.004117 0.999991 0.160829 0.144767 0.976308 
0.003025 0.000360 0.999995 -0.057456 0.026205 0.998004 0.013258 0.028782 0.999498 0.171122 0.335186 0.926481 0.000880 -0.008726 0.999962 0.154111 0.179213 0.971665 
0.002830 0.000395 0.999996 0.079038 0.186828 0.979208 -0.078788 0.034005 0.996311 0.002603 -0.021454 0.999766 0.140123 0.182453 0.973178 
0.002683 0.000375 0.999996 0.067122 0.171056 0.982972 -0.094557 0.040779 0.994684 0.004344 -0.035809 0.999349 0.129666 0.179177 0.975234 
0.002534 0.000354 0.999997 0.059030 0.155057 0.986140 -0.100899 0.044031 0.993922 0.005669 -0.046732 0.998891 0.120769 0.170585 0.977914 
0.002533 0.000438 0.999997 0.035790 0.099038 0.994440 -0.277889 0.091442 0.956251 0.008197 -0.053088 0.998556 0.117804 0.167742 0.978767 
0.002425 0.000438 0.999997 -0.344097 0.100618 0.933527 0.020945 0.064807 0.997678 -0.001339 -0.002752 0.999995 0.010810 -0.066704 0.997714 0.097142 0.123697 0.987554 
0.001666 0.000297 0.999999 -0.092668 0.033744 0.995125 0.009588 0.025965 0.999617 -0.026911 -0.038091 0.998912 0.012391 -0.077781 0.996893 0.029361 0.031786 0.999063 
0.001555 0.000276 0.999999 0.007076 -0.002691 0.999971 -0.000058 -0.000152 1.000000 -0.029059 -0.039307 0.998805 0.013464 -0.084729 0.996313 0.000282 0.000297 1.000000 
-0.000852 -0.000145 1.000000 0.018318 -0.007038 0.999807 0.000070 0.000181 1.000000 -0.024965 -0.034341 0.999098 0.013244 -0.087054 0.996116 -0.000277 -0.000292 1.000000 
-0.006409 -0.001029 0.999979 0.017823 -0.006969 0.999817 0.000101 0.000256 1.000000 -0.026700 -0.036797 0.998966 0.013045 -0.091357 0.995733 -0.002127 -0.002226 0.999995 
-0.010300 -0.001534 0.999946 0.014479 -0.005798 0.999878 0.000070 0.000173 1.000000 -0.029489 -0.040817 0.998731 0.012589 -0.095649 0.995335 -0.003475 -0.003609 0.999987 
-0.012161 -0.001667 0.999925 0.011453 -0.004698 0.999923 0.000104 0.000252 1.000000 -0.032153 -0.044825 0.998477 0.012021 -0.100195 0.994895 -0.004112 -0.004242 0.999983 
-0.012591 -0.001569 0.999919 0.009710 -0.004074 0.999945 0.000158 0.000375 1.000000 -0.034539 -0.048754 0.998213 0.011434 -0.106147 0.994285 -0.004270 -0.004392 0.999981 
-0.012158 -0.001427 0.999925 0.009300 -0.003943 0.999949 0.000151 0.000354 1.000000 -0.036069 -0.051518 0.998020 0.011221 -0.111606 0.993689 -0.004145 -0.004271 0.999982 
-0.011433 -0.001325 0.999934 0.009012 -0.003844 0.999952 0.000123 0.000286 1.000000 -0.037157 -0.053704 0.997865 0.011458 -0.115817 0.993204 -0.003918 -0.004056 0.999984 
-0.010186 -0.001160 0.999947 0.008624 -0.003707 0.999956 0.000084 0.000193 1.000000 -0.038026 -0.055566 0.997731 0.011551 -0.119272 0.992794 -0.003519 -0.003656 0.999987 
-0.007346 -0.000819 0.999973 0.009905 -0.004292 0.999942 0.000072 0.000166 1.000000 -0.037969 -0.055662 0.997727 0.011354 -0.120689 0.992625 -0.002619 -0.002718 0.999993 
-0.003668 -0.000403 0.999993 0.012465 -0.005423 0.999908 0.000063 0.000143 1.000000 -0.037200 -0.054555 0.997818 0.011177 -0.121303 0.992553 -0.001402 -0.001453 0.999998 
0.000301 0.000033 1.000000 0.015810 -0.006884 0.999851 0.000058 0.000132 1.000000 -0.036008 -0.052811 0.997955 0.011108 -0.121467 0.992533 -0.000089 -0.000093 1.000000 
0.000399 0.000043 1.000000 0.019453 -0.008471 0.999775 0.000056 0.000129 1.000000 -0.034778 -0.051034 0.998091 0.011032 -0.121923 0.992478 -0.000074 -0.000077 1.000000 
0.000504 0.000054 1.000000 0.023097 -0.010057 0.999683 0.000062 0.000141 1.000000 -0.033482 -0.049163 0.998229 0.010918 -0.122199 0.992446 -0.000052 -0.000054 1.000000 
0.000623 0.000066 1.000000 0.027425 -0.011942 0.999553 0.000074 0.000168 1.000000 -0.031818 -0.046765 0.998399 0.010702 -0.122224 0.992445 -0.000022 -0.000023 1.000000 
0.000752 0.000078 1.000000 0.032285 -0.014058 0.999380 0.000086 0.000197 1.000000 -0.029906 -0.044003 0.998584 0.010452 -0.122105 0.992462 0.000014 0.000015 1.000000 
0.000781 0.000081 1.000000 0.037159 -0.016181 0.999178 0.000099 0.000227 1.000000 -0.027931 -0.041124 0.998764 0.010374 -0.121614 0.992523 0.000020 0.000021 1.000000 
0.004812 0.000499 0.999988 0.041461 -0.018049 0.998977 0.000115 0.000262 1.000000 -0.026184 -0.038690 0.998908 0.010259 -0.121044 0.992594 0.001310 0.001361 0.999998 
0.006819 0.000699 0.999977 0.045598 -0.019849 0.998763 0.000130 0.000298 1.000000 -0.024573 -0.036395 0.999035 0.010075 -0.120661 0.992643 0.001916 0.001993 0.999996 
0.006294 0.000638 0.999980 0.049699 -0.021634 0.998530 0.000145 0.000333 1.000000 -0.023046 -0.034164 0.999150 0.009952 -0.120749 0.992633 0.001751 0.001821 0.999997 
0.008768 0.000882 0.999961 0.052543 -0.022863 0.998357 0.000176 0.000403 1.000000 -0.021996 -0.032731 0.999222 0.009847 -0.121085 0.992593 0.002611 0.002720 0.999993 
0.008063 0.000810 0.999967 0.055557 -0.024093 0.998165 0.000244 0.000561 1.000000 -0.020947 -0.031197 0.999294 0.009855 -0.121309 0.992566 0.002429 0.002534 0.999994 
0.007430 0.000739 0.999972 0.057562 -0.024960 0.998030 0.000241 0.000552 1.000000 -0.020439 -0.030459 0.999327 0.009808 -0.122092 0.992470 0.002218 0.002314 0.999995 
0.007089 0.000701 0.999975 0.058706 -0.025456 0.997951 0.000236 0.000541 1.000000 -0.020450 -0.030484 0.999326 0.009808 -0.123074 0.992349 0.002024 0.002111 0.999996 
0.007243 0.000713 0.999974 0.059260 -0.025696 0.997912 0.000228 0.000524 1.000000 -0.020976 -0.031269 0.999291 0.009856 -0.124215 0.992206 0.001846 0.001926 0.999996 
0.006855 0.000672 0.999976 0.059408 -0.025760 0.997901 0.000220 0.000505 1.000000 -0.021379 -0.031871 0.999263 0.009906 -0.125489 0.992046 0.001683 0.001756 0.999997 
0.006094 0.000594 0.999981 0.059358 -0.025738 0.997905 0.000211 0.000483 1.000000 -0.021655 -0.032286 0.999244 0.009952 -0.126834 0.991874 0.001533 0.001599 0.999998 
0.010169 0.001010 0.999948 0.059041 -0.025601 0.997927 0.000201 0.000460 1.000000 -0.023313 -0.034901 0.999119 0.010594 -0.132914 0.991071 0.003147 0.003294 0.999990 
0.009672 0.000954 0.999953 0.058614 -0.025421 0.997957 0.000191 0.000439 1.000000 -0.022419 -0.033575 0.999185 0.010230 -0.129374 0.991543 0.002881 0.003015 0.999991 
0.008851 0.000870 0.999960 0.058103 -0.025199 0.997993 0.000179 0.000411 1.000000 -0.023025 -0.034481 0.999140 0.010302 -0.130711 0.991367 0.002610 0.002730 0.999993 
0.008129 0.000796 0.999967 0.057206 -0.024810 0.998054 0.000166 0.000380 1.000000 -0.023755 -0.035573 0.999085 0.010366 -0.131965 0.991200 0.002362 0.002471 0.999994 
0.007474 0.000730 0.999972 0.056039 -0.024303 0.998133 0.000151 0.000347 1.000000 -0.024539 -0.036742 0.999023 0.010426 -0.133080 0.991050 0.002137 0.002235 0.999995 
0.006879 0.000670 0.999976 0.054849 -0.023788 0.998211 0.000146 0.000335 1.000000 -0.025272 -0.037836 0.998964 0.010477 -0.133999 0.990926 0.001935 0.002024 0.999996 
0.006350 0.000617 0.999980 0.053731 -0.023303 0.998284 0.000143 0.000328 1.000000 -0.025914 -0.038792 0.998911 0.010519 -0.134692 0.990832 0.001753 0.001834 0.999997 
0.005865 0.000570 0.999983 0.052749 -0.022877 0.998346 0.000140 0.000322 1.000000 -0.026420 -0.039547 0.998868 0.010547 -0.135136 0.990771 0.001587 0.001661 0.999997 
0.005486 0.000533 0.999985 0.051969 -0.022539 0.998394 0.000138 0.000317 1.000000 -0.026800 -0.040115 0.998836 0.010564 -0.135322 0.990745 0.001438 0.001504 0.999998 
0.005177 0.000503 0.999986 0.051444 -0.022311 0.998427 0.000137 0.000313 1.000000 -0.027017 -0.040439 0.998817 0.010570 -0.135247 0.990756 0.001303 0.001363 0.999998 
0.004788 0.000465 0.999988 0.050997 -0.022118 0.998454 0.000136 0.000312 1.000000 -0.027066 -0.040514 0.998812 0.010558 -0.134953 0.990796 0.001183 0.001237 0.999999 
