0.000287 -0.001524 0.999999 0.000237 0.000044 1.000000 0.000228 0.000043 1.000000 0.000252 -0.001524 0.999999 
0.000356 -0.001895 0.999998 -0.000543 -0.000100 1.000000 -0.000554 -0.000105 1.000000 0.000316 -0.001914 0.999998 
0.000405 -0.002155 0.999998 0.000366 0.000067 1.000000 0.000353 0.000067 1.000000 0.000356 -0.002155 0.999998 
0.000485 -0.002578 0.999997 0.002212 0.000406 0.999997 0.002194 0.000416 0.999998 0.000419 -0.002539 0.999997 
0.001320 -0.007025 0.999974 0.004941 0.000906 0.999987 0.004892 0.000928 0.999988 0.001144 -0.006941 0.999975 
0.000970 -0.005164 0.999986 0.007252 0.001330 0.999973 0.007212 0.001368 0.999973 0.000828 -0.005021 0.999987 
0.000858 -0.004568 0.999989 0.006515 0.001195 0.999978 0.006479 0.001229 0.999978 0.000732 -0.004440 0.999990 
0.000726 -0.003866 0.999992 0.005769 0.001058 0.999983 0.005739 0.001089 0.999983 0.000619 -0.003752 0.999993 
0.000554 -0.002951 0.999995 0.004391 0.000805 0.999990 0.004368 0.000828 0.999990 0.000472 -0.002863 0.999996 
0.000150 -0.000801 1.000000 0.000581 0.000107 1.000000 0.000576 0.000109 1.000000 0.000130 -0.000791 1.000000 
-0.000371 0.001974 0.999998 -0.000287 -0.000053 1.000000 -0.000275 -0.000052 1.000000 -0.000326 0.001975 0.999998 
-0.000340 0.001808 0.999998 -0.000280 -0.000051 1.000000 -0.000269 -0.000051 1.000000 -0.000298 0.001809 0.999998 
-0.000198 0.001054 0.999999 -0.000290 -0.000053 1.000000 -0.000283 -0.000054 1.000000 -0.000173 0.001052 0.999999 
-0.000223 0.001233 0.999999 0.000451 0.000079 1.000000 0.000458 0.000084 1.000000 -0.000197 0.001247 0.999999 
-0.000375 0.002073 0.999998 -0.001763 -0.000311 0.999998 -0.001749 -0.000320 0.999998 -0.000323 0.002041 0.999998 
0.000205 -0.001130 0.999999 0.001389 0.000246 0.999999 0.001381 0.000253 0.999999 0.000175 -0.001103 0.999999 
0.000179 -0.000986 0.999999 0.001143 0.000203 0.999999 0.001136 0.000209 0.999999 0.000153 -0.000964 1.000000 
-0.000490 0.002700 0.999996 -0.009155 -0.001621 0.999957 -0.009128 -0.001674 0.999957 -0.000397 0.002505 0.999997 
-0.000444 0.002493 0.999997 -0.016461 -0.002857 0.999860 -0.016428 -0.002955 0.999861 -0.000331 0.002134 0.999998 
-0.000509 0.002844 0.999996 -0.036659 -0.006407 0.999307 -0.036602 -0.006628 0.999308 -0.000318 0.002034 0.999998 
-0.000546 0.002989 0.999995 -0.052273 -0.009317 0.998589 -0.052197 -0.009634 0.998590 -0.000292 0.001831 0.999998 
-0.001794 -0.001056 0.999998 -0.000283 0.001759 0.999998 -0.029727 0.002708 0.999554 -0.005671 0.009598 0.999938 -0.055471 -0.010322 0.998407 0.006731 0.000463 0.999977 
-0.000053 -0.000031 1.000000 -0.000296 0.001839 0.999998 -0.029458 0.002686 0.999562 -0.002193 0.003704 0.999991 -0.053746 -0.009998 0.998505 0.003962 0.000273 0.999992 
0.000071 0.000042 1.000000 -0.000270 0.001681 0.999999 -0.030422 0.002788 0.999533 -0.001433 0.002418 0.999996 -0.055045 -0.010201 0.998432 0.003146 0.000216 0.999995 
0.000020 0.000012 1.000000 -0.000118 0.000749 1.000000 -0.033274 0.003090 0.999441 -0.000986 0.001665 0.999998 -0.059378 -0.010824 0.998177 0.002573 0.000176 0.999997 
-0.000031 -0.000018 1.000000 0.000112 -0.000724 1.000000 -0.036226 0.003409 0.999338 -0.000460 0.000777 1.000000 -0.063790 -0.011412 0.997898 0.002014 0.000137 0.999998 
-0.000074 -0.000044 1.000000 0.000320 -0.002093 0.999998 -0.037413 0.003540 0.999294 -0.000321 0.000542 1.000000 -0.064946 -0.011536 0.997822 0.001750 0.000119 0.999998 
0.000252 0.000149 1.000000 0.000462 -0.003042 0.999995 -0.037091 0.003527 0.999306 -0.000156 0.000263 1.000000 -0.063498 -0.011200 0.997919 0.001607 0.000109 0.999999 
-0.000788 -0.000464 1.000000 0.000515 -0.003403 0.999994 -0.034646 0.003310 0.999394 0.000594 -0.001005 0.999999 -0.059875 -0.010524 0.998150 0.000618 0.000042 1.000000 
-0.000661 -0.000389 1.000000 0.000509 -0.003363 0.999994 -0.031706 0.003025 0.999493 0.000599 -0.001014 0.999999 -0.054655 -0.009606 0.998459 0.000573 0.000039 1.000000 
-0.000658 -0.000386 1.000000 0.000680 -0.004486 0.999990 -0.027701 0.002630 0.999613 0.000763 -0.001294 0.999999 -0.048107 -0.008473 0.998806 0.001203 0.000081 0.999999 
-0.000574 -0.000337 1.000000 0.000614 -0.004035 0.999992 -0.021809 0.002061 0.999760 0.002342 -0.003971 0.999989 -0.039987 -0.007068 0.999175 0.001098 0.000074 0.999999 
-0.000384 -0.000226 1.000000 0.000685 -0.004448 0.999990 -0.015096 0.001410 0.999885 0.004451 -0.007550 0.999962 -0.031096 -0.005553 0.999501 0.001482 0.000101 0.999999 
-0.000270 -0.000158 1.000000 0.000990 -0.006306 0.999980 -0.008407 0.000769 0.999964 0.006552 -0.011114 0.999917 -0.022564 -0.004098 0.999737 0.002710 0.000185 0.999996 
0.001123 0.000660 0.999999 0.003220 -0.020210 0.999791 -0.003303 0.000290 0.999995 0.008760 -0.014835 0.999852 -0.018847 -0.003462 0.999816 0.012042 0.000866 0.999927 
0.003861 0.002272 0.999990 0.003586 -0.022423 0.999742 0.001788 -0.000155 0.999998 0.011125 -0.018832 0.999761 -0.011276 -0.002080 0.999934 0.014065 0.001026 0.999901 
0.003609 0.002125 0.999991 0.003582 -0.022430 0.999742 0.002865 -0.000250 0.999996 0.012648 -0.021399 0.999691 -0.011628 -0.002142 0.999930 0.014180 0.001054 0.999899 
0.002650 0.001560 0.999995 0.003757 -0.023414 0.999719 0.005377 -0.000470 0.999985 0.013264 -0.022449 0.999660 -0.006359 -0.001177 0.999979 0.012600 0.000951 0.999920 
0.003017 0.001776 0.999994 0.003976 -0.024687 0.999687 0.007472 -0.000654 0.999972 0.013777 -0.023321 0.999633 -0.001685 -0.000313 0.999999 0.012225 0.000940 0.999925 
0.003882 0.002285 0.999990 0.003605 -0.022381 0.999743 0.008200 -0.000723 0.999966 0.014276 -0.024161 0.999606 -0.001494 -0.000278 0.999999 0.012205 0.000950 0.999925 
0.004562 0.002686 0.999986 0.003274 -0.020330 0.999788 0.009024 -0.000805 0.999959 0.014871 -0.025163 0.999573 -0.001320 -0.000245 0.999999 0.012172 0.000949 0.999925 
0.005355 0.003155 0.999981 0.002980 -0.018505 0.999824 0.010859 -0.000989 0.999941 0.015886 -0.026865 0.999513 -0.001139 -0.000212 0.999999 0.013210 0.001009 0.999912 
0.007263 0.004282 0.999964 0.002722 -0.016901 0.999853 0.013353 -0.001229 0.999910 0.017008 -0.028753 0.999442 -0.000957 -0.000178 1.000000 0.016065 0.001208 0.999870 
0.009097 0.005368 0.999944 0.002852 -0.017709 0.999839 0.015088 -0.001380 0.999885 0.017790 -0.030054 0.999390 -0.000787 -0.000146 1.000000 0.019416 0.001471 0.999810 
0.010380 0.006127 0.999927 0.002580 -0.016037 0.999868 0.017389 -0.001603 0.999848 0.018306 -0.030915 0.999354 0.001155 0.000215 0.999999 0.020656 0.001547 0.999785 
0.010970 0.006478 0.999919 0.002347 -0.014588 0.999891 0.018118 -0.001675 0.999834 0.018534 -0.031291 0.999338 0.001053 0.000196 0.999999 0.021259 0.001583 0.999773 
0.010936 0.006458 0.999919 0.002139 -0.013292 0.999909 0.018161 -0.001690 0.999834 0.018480 -0.031199 0.999342 0.000953 0.000177 1.000000 0.020779 0.001531 0.999783 
0.010347 0.006108 0.999928 0.001951 -0.012126 0.999925 0.017566 -0.001651 0.999844 0.018181 -0.030704 0.999363 0.000859 0.000159 1.000000 0.019287 0.001398 0.999813 
0.009335 0.005507 0.999941 0.001780 -0.011060 0.999937 0.016365 -0.001555 0.999865 0.017608 -0.029756 0.999402 0.000772 0.000143 1.000000 0.016950 0.001206 0.999856 
0.007957 0.004688 0.999957 0.001616 -0.010044 0.999948 0.014507 -0.001390 0.999894 0.016728 -0.028300 0.999459 0.000693 0.000129 1.000000 0.013755 0.000965 0.999905 
0.006129 0.003605 0.999975 0.001467 -0.009117 0.999957 0.012091 -0.001169 0.999926 0.015650 -0.026516 0.999526 0.000620 0.000115 1.000000 0.009674 0.000668 0.999953 
0.003700 0.002171 0.999991 0.001335 -0.008298 0.999965 0.010402 -0.001012 0.999945 0.014467 -0.024557 0.999594 0.000551 0.000102 1.000000 0.006133 0.000418 0.999981 
0.001530 0.000896 0.999998 0.001607 -0.010009 0.999949 0.009584 -0.000932 0.999954 0.013229 -0.022495 0.999659 0.001088 0.000202 0.999999 0.004776 0.000325 0.999989 
0.000125 0.000073 1.000000 0.001570 -0.009783 0.999951 0.008808 -0.000858 0.999961 0.011884 -0.020231 0.999725 0.001708 0.000317 0.999998 0.003242 0.000220 0.999995 
0.000453 0.000265 1.000000 0.001419 -0.008840 0.999960 0.007495 -0.000730 0.999972 0.010448 -0.017786 0.999787 0.001520 0.000282 0.999999 0.002945 0.000199 0.999996 
0.000676 0.000396 1.000000 0.001466 -0.009140 0.999957 0.005316 -0.000517 0.999986 0.008613 -0.014660 0.999855 -0.000700 -0.000130 1.000000 0.004042 0.000274 0.999992 
0.000582 0.000341 1.000000 0.001330 -0.008294 0.999965 0.004202 -0.000409 0.999991 0.006997 -0.011910 0.999905 -0.000633 -0.000117 1.000000 0.003644 0.000247 0.999993 
0.000498 0.000292 1.000000 0.001205 -0.007514 0.999971 0.003175 -0.000309 0.999995 0.005512 -0.009383 0.999941 -0.000576 -0.000107 1.000000 0.003280 0.000223 0.999995 
0.000344 0.000201 1.000000 0.001211 -0.007552 0.999971 0.001990 -0.000193 0.999998 0.004149 -0.007063 0.999966 -0.001753 -0.000325 0.999998 0.003897 0.000265 0.999992 
0.000296 0.000173 1.000000 0.001097 -0.006841 0.999976 0.001433 -0.000139 0.999999 0.003277 -0.005579 0.999979 -0.001592 -0.000295 0.999999 0.003519 0.000239 0.999994 
0.000255 0.000149 1.000000 0.000993 -0.006189 0.999980 0.000969 -0.000094 1.000000 0.002535 -0.004316 0.999987 -0.001444 -0.000267 0.999999 0.003177 0.000216 0.999995 
0.000222 0.000130 1.000000 0.000897 -0.005591 0.999984 0.000541 -0.000053 1.000000 0.001848 -0.003146 0.999993 -0.001305 -0.000242 0.999999 0.002868 0.000195 0.999996 
0.000165 0.000096 1.000000 0.000809 -0.005043 0.999987 0.000168 -0.000016 1.000000 0.001215 -0.002068 0.999997 -0.001176 -0.000218 0.999999 0.002589 0.000176 0.999997 
0.000059 0.000035 1.000000 0.000729 -0.004544 0.999989 -0.000039 0.000004 1.000000 0.000755 -0.001285 0.999999 -0.001060 -0.000196 0.999999 0.002341 0.000159 0.999997 
0.000054 0.000031 1.000000 0.000598 -0.003730 0.999993 -0.000099 0.000010 1.000000 0.000572 -0.000974 0.999999 -0.001256 -0.000233 0.999999 0.002188 0.000148 0.999998 
0.000061 0.000036 1.000000 0.000537 -0.003349 0.999994 -0.000117 0.000011 1.000000 0.000457 -0.000778 1.000000 -0.001129 -0.000209 0.999999 0.001997 0.000135 0.999998 
0.001582 0.000925 0.999998 0.000434 -0.002704 0.999996 -0.000652 0.000063 1.000000 0.000820 -0.001396 0.999999 -0.001404 -0.000260 0.999999 0.002205 0.000149 0.999998 
0.001505 0.000880 0.999998 0.000388 -0.002414 0.999997 -0.000595 0.000058 1.000000 0.000787 -0.001340 0.999999 -0.001265 -0.000234 0.999999 0.001989 0.000135 0.999998 
0.001372 0.000802 0.999999 0.000345 -0.002150 0.999998 -0.000516 0.000050 1.000000 0.000721 -0.001228 0.999999 -0.001139 -0.000211 0.999999 0.001807 0.000122 0.999998 
0.001290 0.000754 0.999999 0.000307 -0.001914 0.999998 -0.000451 0.000044 1.000000 0.000676 -0.001151 0.999999 -0.001027 -0.000190 0.999999 0.001657 0.000112 0.999999 
0.001188 0.000695 0.999999 0.000273 -0.001700 0.999999 -0.000391 0.000038 1.000000 0.000619 -0.001055 0.999999 -0.000933 -0.000173 1.000000 0.001520 0.000103 0.999999 
0.001115 0.000652 0.999999 0.000247 -0.001537 0.999999 -0.000345 0.000034 1.000000 0.000565 -0.000963 0.999999 -0.000850 -0.000158 1.000000 0.001421 0.000096 0.999999 
0.001149 0.000672 0.999999 0.000225 -0.001404 0.999999 -0.000306 0.000030 1.000000 0.000519 -0.000884 0.999999 -0.000774 -0.000144 1.000000 0.001421 0.000096 0.999999 
0.001219 0.000713 0.999999 0.000053 -0.000332 1.000000 -0.000303 0.000029 1.000000 0.000482 -0.000822 1.000000 -0.002445 -0.000453 0.999997 0.002290 0.000154 0.999997 
0.000844 0.000493 1.000000 0.000022 -0.000140 1.000000 -0.000227 0.000022 1.000000 0.000463 -0.000789 1.000000 -0.002249 -0.000416 0.999997 0.001825 0.000123 0.999998 
0.000905 0.000529 0.999999 0.000021 -0.000134 1.000000 -0.000173 0.000017 1.000000 0.000474 -0.000807 1.000000 -0.002046 -0.000379 0.999998 0.001777 0.000120 0.999998 
0.001007 0.000588 0.999999 0.000022 -0.000137 1.000000 -0.000121 0.000012 1.000000 0.000491 -0.000836 1.000000 -0.001859 -0.000344 0.999998 0.001773 0.000119 0.999998 
0.001102 0.000644 0.999999 0.000317 -0.001975 0.999998 -0.000370 0.000036 1.000000 0.000520 -0.000887 0.999999 -0.001701 -0.000315 0.999999 0.002297 0.000156 0.999997 
0.000982 0.000574 0.999999 0.000239 -0.001488 0.999999 -0.000421 0.000041 1.000000 0.000517 -0.000880 0.999999 -0.003231 -0.000598 0.999995 0.003076 0.000208 0.999995 
0.001105 0.000646 0.999999 0.000217 -0.001356 0.999999 -0.000360 0.000035 1.000000 0.000497 -0.000848 1.000000 -0.002925 -0.000542 0.999996 0.002979 0.000202 0.999996 
0.001253 0.000732 0.999999 0.000197 -0.001228 0.999999 -0.000305 0.000030 1.000000 0.000462 -0.000787 1.000000 -0.002640 -0.000489 0.999996 0.002930 0.000198 0.999996 
0.001423 0.000831 0.999999 0.000177 -0.001101 0.999999 -0.000199 0.000019 1.000000 0.000545 -0.000928 0.999999 -0.002379 -0.000440 0.999997 0.002867 0.000194 0.999996 
0.002183 0.001276 0.999997 0.000155 -0.000969 1.000000 -0.000368 0.000036 1.000000 0.000754 -0.001286 0.999999 -0.002141 -0.000396 0.999998 0.002871 0.000194 0.999996 
0.002340 0.001367 0.999996 0.000136 -0.000849 1.000000 -0.000286 0.000028 1.000000 0.000719 -0.001225 0.999999 -0.001924 -0.000356 0.999998 0.002921 0.000198 0.999996 
0.002498 0.001460 0.999996 0.000121 -0.000755 1.000000 -0.000223 0.000022 1.000000 0.000701 -0.001195 0.999999 -0.001740 -0.000322 0.999998 0.002969 0.000201 0.999996 
0.002636 0.001540 0.999995 0.000105 -0.000657 1.000000 -0.000155 0.000015 1.000000 0.000674 -0.001148 0.999999 -0.001566 -0.000290 0.999999 0.003019 0.000204 0.999995 
0.002752 0.001608 0.999995 0.000092 -0.000576 1.000000 -0.000102 0.000010 1.000000 0.000652 -0.001111 0.999999 -0.001420 -0.000263 0.999999 0.003058 0.000207 0.999995 
0.002848 0.001664 0.999995 0.000082 -0.000511 1.000000 -0.000055 0.000005 1.000000 0.000634 -0.001080 0.999999 -0.001291 -0.000239 0.999999 0.003088 0.000209 0.999995 
0.002965 0.001732 0.999994 0.000073 -0.000453 1.000000 -0.000021 0.000002 1.000000 0.000639 -0.001089 0.999999 -0.001174 -0.000217 0.999999 0.003110 0.000210 0.999995 
0.003031 0.001771 0.999994 0.000064 -0.000399 1.000000 0.000016 -0.000002 1.000000 0.000622 -0.001060 0.999999 -0.001070 -0.000198 0.999999 0.003125 0.000211 0.999995 
0.003080 0.001800 0.999994 0.000058 -0.000360 1.000000 0.000049 -0.000005 1.000000 0.000609 -0.001038 0.999999 -0.000980 -0.000181 1.000000 0.003133 0.000212 0.999995 
0.003105 0.001814 0.999994 0.000038 -0.000238 1.000000 0.000058 -0.000006 1.000000 0.000595 -0.001014 0.999999 -0.001065 -0.000197 0.999999 0.003185 0.000215 0.999995 
0.003125 0.001826 0.999993 0.000034 -0.000210 1.000000 0.000086 -0.000008 1.000000 0.000582 -0.000992 0.999999 -0.000975 -0.000181 1.000000 0.003168 0.000214 0.999995 
0.003286 0.001920 0.999993 0.000031 -0.000194 1.000000 0.000068 -0.000007 1.000000 0.000656 -0.001118 0.999999 -0.000894 -0.000165 1.000000 0.003144 0.000213 0.999995 
0.003313 0.001936 0.999993 0.000028 -0.000177 1.000000 0.000103 -0.000010 1.000000 0.000651 -0.001110 0.999999 -0.000821 -0.000152 1.000000 0.003152 0.000213 0.999995 
0.003339 0.001951 0.999993 0.000026 -0.000162 1.000000 0.000134 -0.000013 1.000000 0.000648 -0.001105 0.999999 -0.000755 -0.000140 1.000000 0.003160 0.000214 0.999995 
0.003370 0.001969 0.999992 0.000003 -0.000017 1.000000 0.000242 -0.000023 1.000000 0.000645 -0.001099 0.999999 -0.000572 -0.000106 1.000000 0.003114 0.000210 0.999995 
0.003393 0.001982 0.999992 0.000003 -0.000016 1.000000 0.000266 -0.000026 1.000000 0.000648 -0.001105 0.999999 -0.000530 -0.000098 1.000000 0.003127 0.000211 0.999995 
0.003408 0.001991 0.999992 0.000003 -0.000019 1.000000 0.000286 -0.000028 1.000000 0.000651 -0.001110 0.999999 -0.000491 -0.000091 1.000000 0.003134 0.000212 0.999995 
0.003593 0.002099 0.999991 0.000022 -0.000139 1.000000 0.000535 -0.000052 1.000000 0.000774 -0.001320 0.999999 0.000148 0.000027 1.000000 0.003057 0.000206 0.999995 
0.003542 0.002069 0.999992 0.000289 -0.001803 0.999998 -0.000040 0.000004 1.000000 0.000771 -0.001314 0.999999 -0.001077 -0.000199 0.999999 0.004057 0.000276 0.999992 
0.003534 0.002065 0.999992 0.000263 -0.001641 0.999999 0.000001 -0.000000 1.000000 0.000751 -0.001281 0.999999 -0.000981 -0.000182 1.000000 0.003967 0.000269 0.999992 
0.003613 0.002111 0.999991 0.000240 -0.001499 0.999999 0.000021 -0.000002 1.000000 0.000731 -0.001246 0.999999 -0.000896 -0.000166 1.000000 0.003945 0.000268 0.999992 
0.003689 0.002155 0.999991 0.000156 -0.000970 1.000000 0.000519 -0.000050 1.000000 0.000680 -0.001159 0.999999 0.000118 0.000022 1.000000 0.003647 0.000247 0.999993 
0.003715 0.002170 0.999991 0.000113 -0.000706 1.000000 0.000424 -0.000041 1.000000 0.000642 -0.001094 0.999999 -0.000330 -0.000061 1.000000 0.003804 0.000258 0.999993 
0.003832 0.002239 0.999990 0.000102 -0.000636 1.000000 0.000380 -0.000037 1.000000 0.000662 -0.001128 0.999999 -0.000311 -0.000058 1.000000 0.003782 0.000256 0.999993 
0.003828 0.002236 0.999990 0.000023 -0.000145 1.000000 0.000212 -0.000020 1.000000 0.000633 -0.001080 0.999999 -0.001321 -0.000245 0.999999 0.004133 0.000280 0.999991 
0.003842 0.002244 0.999990 0.000021 -0.000133 1.000000 0.000229 -0.000022 1.000000 0.000626 -0.001067 0.999999 -0.001207 -0.000224 0.999999 0.004080 0.000276 0.999992 
0.003975 0.002322 0.999989 0.000020 -0.000126 1.000000 0.000208 -0.000020 1.000000 0.000686 -0.001169 0.999999 -0.001106 -0.000205 0.999999 0.004031 0.000273 0.999992 
0.004013 0.002344 0.999989 -0.000006 0.000037 1.000000 0.000421 -0.000041 1.000000 0.000685 -0.001168 0.999999 -0.000647 -0.000120 1.000000 0.003901 0.000264 0.999992 
0.004043 0.002362 0.999989 -0.000005 0.000032 1.000000 0.000435 -0.000042 1.000000 0.000690 -0.001177 0.999999 -0.000593 -0.000110 1.000000 0.003899 0.000264 0.999992 
0.004061 0.002372 0.999989 -0.000003 0.000022 1.000000 0.000443 -0.000043 1.000000 0.000698 -0.001190 0.999999 -0.000547 -0.000101 1.000000 0.003888 0.000263 0.999992 
0.004081 0.002384 0.999989 -0.000003 0.000019 1.000000 0.000452 -0.000044 1.000000 0.000701 -0.001196 0.999999 -0.000506 -0.000094 1.000000 0.003883 0.000263 0.999992 
0.004072 0.002378 0.999989 0.000133 -0.000832 1.000000 0.000052 -0.000005 1.000000 0.000698 -0.001190 0.999999 -0.001876 -0.000347 0.999998 0.004850 0.000329 0.999988 
0.004110 0.002401 0.999989 0.000092 -0.000575 1.000000 0.000241 -0.000023 1.000000 0.000673 -0.001147 0.999999 -0.001756 -0.000325 0.999998 0.004930 0.000335 0.999988 
0.004982 0.002911 0.999983 0.000026 -0.000162 1.000000 0.000108 -0.000010 1.000000 0.000779 -0.001328 0.999999 -0.002438 -0.000450 0.999997 0.005749 0.000391 0.999983 
0.005072 0.002963 0.999983 0.000024 -0.000153 1.000000 0.000155 -0.000015 1.000000 0.000786 -0.001341 0.999999 -0.002219 -0.000410 0.999997 0.005706 0.000388 0.999984 
0.005180 0.003026 0.999982 0.000023 -0.000147 1.000000 0.000203 -0.000020 1.000000 0.000799 -0.001362 0.999999 -0.002018 -0.000373 0.999998 0.005692 0.000386 0.999984 
0.005282 0.003085 0.999981 0.000022 -0.000135 1.000000 0.000248 -0.000024 1.000000 0.000808 -0.001378 0.999999 -0.001837 -0.000339 0.999998 0.005683 0.000386 0.999984 
0.005374 0.003139 0.999981 0.000019 -0.000120 1.000000 0.000286 -0.000028 1.000000 0.000814 -0.001388 0.999999 -0.001675 -0.000309 0.999999 0.005674 0.000385 0.999984 
0.005455 0.003186 0.999980 0.000017 -0.000107 1.000000 0.000320 -0.000031 1.000000 0.000819 -0.001396 0.999999 -0.001530 -0.000283 0.999999 0.005666 0.000385 0.999984 
0.005496 0.003210 0.999980 0.000192 -0.001202 0.999999 0.000045 -0.000004 1.000000 0.000829 -0.001414 0.999999 -0.003124 -0.000577 0.999995 0.007113 0.000485 0.999975 
0.005491 0.003208 0.999980 0.000172 -0.001077 0.999999 0.000071 -0.000007 1.000000 0.000829 -0.001413 0.999999 -0.002946 -0.000544 0.999996 0.006943 0.000473 0.999976 
0.005565 0.003250 0.999979 0.000233 -0.001456 0.999999 0.000575 -0.000055 1.000000 0.000804 -0.001371 0.999999 -0.001437 -0.000266 0.999999 0.006692 0.000457 0.999978 
0.005747 0.003357 0.999978 0.000213 -0.001331 0.999999 0.000513 -0.000049 1.000000 0.000814 -0.001388 0.999999 -0.001311 -0.000242 0.999999 0.006603 0.000451 0.999978 
0.005837 0.003409 0.999977 0.000193 -0.001208 0.999999 0.000489 -0.000047 1.000000 0.000762 -0.001299 0.999999 -0.001197 -0.000221 0.999999 0.006555 0.000447 0.999978 
0.005929 0.003463 0.999976 0.000175 -0.001095 0.999999 0.000466 -0.000045 1.000000 0.000722 -0.001232 0.999999 -0.001095 -0.000202 0.999999 0.006510 0.000444 0.999979 
0.005991 0.003499 0.999976 0.000029 -0.000179 1.000000 0.000202 -0.000019 1.000000 0.000723 -0.001234 0.999999 -0.002677 -0.000494 0.999996 0.007000 0.000477 0.999975 
0.006028 0.003521 0.999976 0.000024 -0.000153 1.000000 0.000230 -0.000022 1.000000 0.000711 -0.001212 0.999999 -0.002432 -0.000449 0.999997 0.006878 0.000468 0.999976 
0.006144 0.003589 0.999975 0.000023 -0.000141 1.000000 0.000283 -0.000027 1.000000 0.000839 -0.001430 0.999999 -0.002213 -0.000409 0.999997 0.006748 0.000459 0.999977 
0.006194 0.003618 0.999974 0.000021 -0.000129 1.000000 0.000315 -0.000030 1.000000 0.000839 -0.001431 0.999999 -0.002012 -0.000372 0.999998 0.006670 0.000453 0.999978 
0.006247 0.003649 0.999974 0.000019 -0.000118 1.000000 0.000348 -0.000034 1.000000 0.000841 -0.001434 0.999999 -0.001828 -0.000337 0.999998 0.006609 0.000449 0.999978 
0.006302 0.003681 0.999973 0.000017 -0.000106 1.000000 0.000377 -0.000036 1.000000 0.000839 -0.001431 0.999999 -0.001665 -0.000307 0.999999 0.006564 0.000446 0.999978 
0.006355 0.003712 0.999973 0.000015 -0.000095 1.000000 0.000403 -0.000039 1.000000 0.000839 -0.001430 0.999999 -0.001517 -0.000280 0.999999 0.006524 0.000443 0.999979 
0.006404 0.003740 0.999973 0.000015 -0.000093 1.000000 0.000427 -0.000041 1.000000 0.000840 -0.001433 0.999999 -0.001383 -0.000255 0.999999 0.006491 0.000441 0.999979 
0.006458 0.003771 0.999972 0.000014 -0.000085 1.000000 0.000448 -0.000043 1.000000 0.000838 -0.001430 0.999999 -0.001262 -0.000233 0.999999 0.006469 0.000439 0.999979 
0.006542 0.003820 0.999971 0.000012 -0.000076 1.000000 0.000467 -0.000045 1.000000 0.000837 -0.001428 0.999999 -0.001152 -0.000213 0.999999 0.006479 0.000440 0.999979 
0.006637 0.003875 0.999970 0.000011 -0.000067 1.000000 0.000484 -0.000047 1.000000 0.000835 -0.001424 0.999999 -0.001053 -0.000195 0.999999 0.006504 0.000441 0.999979 
0.006726 0.003927 0.999970 0.000009 -0.000057 1.000000 0.000501 -0.000048 1.000000 0.000834 -0.001423 0.999999 -0.000965 -0.000178 1.000000 0.006533 0.000443 0.999979 
0.006751 0.003942 0.999969 -0.000159 0.000992 0.999999 0.000530 -0.000051 1.000000 0.000840 -0.001433 0.999999 -0.001744 -0.000322 0.999998 0.006672 0.000451 0.999978 
0.006699 0.003911 0.999970 0.000298 -0.001862 0.999998 0.000017 -0.000002 1.000000 0.000858 -0.001464 0.999999 -0.002917 -0.000539 0.999996 0.008266 0.000564 0.999966 
0.006694 0.003909 0.999970 0.000269 -0.001681 0.999999 0.000082 -0.000008 1.000000 0.000848 -0.001447 0.999999 -0.002634 -0.000487 0.999996 0.008045 0.000550 0.999967 
0.006712 0.003920 0.999970 0.000242 -0.001512 0.999999 0.000119 -0.000011 1.000000 0.000804 -0.001371 0.999999 -0.002378 -0.000439 0.999997 0.007870 0.000538 0.999969 
0.006756 0.003945 0.999969 0.000218 -0.001361 0.999999 0.000134 -0.000013 1.000000 0.000736 -0.001255 0.999999 -0.002146 -0.000397 0.999998 0.007740 0.000529 0.999970 
0.006778 0.003958 0.999969 0.000348 -0.002175 0.999998 0.000063 -0.000006 1.000000 0.000665 -0.001135 0.999999 -0.002228 -0.000412 0.999997 0.008201 0.000562 0.999966 
0.006837 0.003993 0.999969 0.000313 -0.001959 0.999998 0.000072 -0.000007 1.000000 0.000594 -0.001012 0.999999 -0.002013 -0.000372 0.999998 0.008062 0.000553 0.999967 
0.006934 0.004050 0.999968 0.000282 -0.001761 0.999998 0.000076 -0.000007 1.000000 0.000516 -0.000880 0.999999 -0.001813 -0.000335 0.999998 0.007976 0.000547 0.999968 
0.006949 0.004059 0.999968 0.000602 -0.003761 0.999993 -0.000866 0.000083 1.000000 0.000470 -0.000801 1.000000 -0.004358 -0.000805 0.999990 0.009786 0.000677 0.999952 
0.007023 0.004103 0.999967 0.000540 -0.003374 0.999994 -0.000748 0.000071 1.000000 0.000404 -0.000690 1.000000 -0.003900 -0.000720 0.999992 0.009520 0.000659 0.999954 
0.007140 0.004171 0.999966 0.000646 -0.004041 0.999992 -0.000324 0.000031 1.000000 0.000370 -0.000631 1.000000 -0.002402 -0.000444 0.999997 0.009365 0.000650 0.999956 
0.007312 0.004271 0.999964 0.000680 -0.004249 0.999991 -0.000216 0.000021 1.000000 0.000341 -0.000581 1.000000 -0.001928 -0.000356 0.999998 0.009418 0.000655 0.999955 
0.007552 0.004411 0.999962 0.000472 -0.002953 0.999996 -0.000192 0.000018 1.000000 0.000347 -0.000592 1.000000 -0.003040 -0.000561 0.999995 0.009873 0.000684 0.999951 
0.007677 0.004484 0.999960 0.000552 -0.003457 0.999994 0.000137 -0.000013 1.000000 0.000339 -0.000578 1.000000 -0.001847 -0.000341 0.999998 0.009735 0.000676 0.999952 
0.007833 0.004576 0.999959 0.000498 -0.003116 0.999995 0.000156 -0.000015 1.000000 0.000327 -0.000557 1.000000 -0.001678 -0.000309 0.999999 0.009610 0.000668 0.999954 
0.008054 0.004705 0.999956 0.000450 -0.002815 0.999996 0.000170 -0.000016 1.000000 0.000311 -0.000530 1.000000 -0.001525 -0.000281 0.999999 0.009572 0.000665 0.999954 
0.008221 0.004802 0.999955 0.000160 -0.001002 0.999999 0.000141 -0.000013 1.000000 0.000287 -0.000490 1.000000 -0.002730 -0.000503 0.999996 0.009743 0.000674 0.999952 
0.008351 0.004878 0.999953 0.000131 -0.000821 1.000000 0.000446 -0.000043 1.000000 0.000262 -0.000447 1.000000 -0.001964 -0.000362 0.999998 0.009588 0.000663 0.999954 
0.008595 0.005021 0.999950 0.000119 -0.000744 1.000000 0.000426 -0.000041 1.000000 0.000246 -0.000420 1.000000 -0.001789 -0.000330 0.999998 0.009620 0.000665 0.999954 
0.008861 0.005176 0.999947 0.000107 -0.000672 1.000000 0.000413 -0.000039 1.000000 0.000238 -0.000405 1.000000 -0.001631 -0.000301 0.999999 0.009687 0.000669 0.999953 
0.009132 0.005334 0.999944 0.000097 -0.000609 1.000000 0.000401 -0.000038 1.000000 0.000231 -0.000394 1.000000 -0.001488 -0.000275 0.999999 0.009777 0.000676 0.999952 
0.009559 0.005584 0.999939 0.000088 -0.000551 1.000000 0.000340 -0.000032 1.000000 0.000363 -0.000619 1.000000 -0.001363 -0.000251 0.999999 0.009822 0.000678 0.999952 
0.009833 0.005745 0.999935 0.000079 -0.000496 1.000000 0.000303 -0.000029 1.000000 0.000416 -0.000709 1.000000 -0.001245 -0.000230 0.999999 0.009846 0.000680 0.999951 
0.009975 0.005827 0.999933 0.000117 -0.000734 1.000000 0.000621 -0.000059 1.000000 0.000410 -0.000699 1.000000 -0.000405 -0.000075 1.000000 0.009848 0.000681 0.999951 
0.010067 0.005881 0.999932 0.000107 -0.000668 1.000000 0.000588 -0.000056 1.000000 0.000387 -0.000660 1.000000 -0.000377 -0.000069 1.000000 0.009856 0.000682 0.999951 
0.010230 0.005976 0.999930 0.000096 -0.000604 1.000000 0.000534 -0.000051 1.000000 0.000414 -0.000706 1.000000 -0.000353 -0.000065 1.000000 0.009855 0.000681 0.999951 
0.010318 0.006029 0.999929 -0.000025 0.000154 1.000000 0.001074 -0.000103 0.999999 0.000507 -0.000864 0.999999 -0.000133 -0.000025 1.000000 0.009983 0.000688 0.999950 
0.010304 0.006020 0.999929 -0.000022 0.000140 1.000000 0.001014 -0.000097 0.999999 0.000505 -0.000861 1.000000 -0.000131 -0.000024 1.000000 0.009901 0.000682 0.999951 
0.010276 0.006004 0.999929 -0.000019 0.000118 1.000000 0.000962 -0.000092 1.000000 0.000508 -0.000867 0.999999 -0.000128 -0.000024 1.000000 0.009817 0.000676 0.999952 
0.010253 0.005990 0.999929 -0.000016 0.000103 1.000000 0.000915 -0.000087 1.000000 0.000509 -0.000867 0.999999 -0.000125 -0.000023 1.000000 0.009740 0.000671 0.999952 
0.010238 0.005982 0.999930 -0.000014 0.000089 1.000000 0.000872 -0.000083 1.000000 0.000510 -0.000869 0.999999 -0.000125 -0.000023 1.000000 0.009678 0.000667 0.999953 
0.011165 0.006525 0.999916 0.000007 -0.000044 1.000000 0.000488 -0.000047 1.000000 0.000632 -0.001077 0.999999 -0.000818 -0.000151 1.000000 0.010485 0.000724 0.999945 
0.011166 0.006526 0.999916 -0.000048 0.000304 1.000000 0.000157 -0.000015 1.000000 0.000911 -0.001553 0.999998 -0.003258 -0.000600 0.999995 0.011502 0.000793 0.999934 
0.011203 0.006548 0.999916 -0.000043 0.000268 1.000000 0.000230 -0.000022 1.000000 0.000937 -0.001597 0.999998 -0.002958 -0.000545 0.999995 0.011389 0.000785 0.999935 
0.011296 0.006602 0.999914 -0.000037 0.000233 1.000000 0.000302 -0.000029 1.000000 0.000973 -0.001659 0.999998 -0.002688 -0.000495 0.999996 0.011336 0.000782 0.999935 
0.011533 0.006741 0.999911 -0.000379 0.002386 0.999997 0.000621 -0.000060 1.000000 0.001257 -0.002142 0.999997 -0.004160 -0.000765 0.999991 0.011748 0.000803 0.999931 
0.011548 0.006747 0.999911 -0.000316 0.001990 0.999998 0.000652 -0.000063 1.000000 0.001310 -0.002233 0.999997 -0.003861 -0.000709 0.999992 0.011710 0.000801 0.999931 
0.011730 0.006853 0.999908 -0.000285 0.001789 0.999998 0.001427 -0.000137 0.999999 0.001615 -0.002753 0.999995 -0.002275 -0.000418 0.999997 0.011435 0.000782 0.999934 
0.011768 0.006876 0.999907 -0.000187 0.001173 0.999999 0.001240 -0.000119 0.999999 0.001706 -0.002909 0.999994 -0.002743 -0.000504 0.999996 0.011804 0.000808 0.999930 
0.011848 0.006923 0.999906 -0.000167 0.001053 0.999999 0.001305 -0.000125 0.999999 0.001782 -0.003038 0.999994 -0.002489 -0.000457 0.999997 0.011748 0.000804 0.999931 
0.011919 0.006963 0.999905 -0.000361 0.002271 0.999997 0.001806 -0.000174 0.999998 0.001849 -0.003152 0.999993 -0.002271 -0.000417 0.999997 0.011614 0.000792 0.999932 
0.011962 0.006988 0.999904 -0.000328 0.002064 0.999998 0.001842 -0.000177 0.999998 0.001938 -0.003304 0.999993 -0.002061 -0.000379 0.999998 0.011551 0.000787 0.999933 
0.011953 0.006983 0.999904 -0.000157 0.000988 0.999999 0.001402 -0.000135 0.999999 0.002025 -0.003454 0.999992 -0.003202 -0.000588 0.999995 0.012305 0.000841 0.999924 
0.011998 0.007009 0.999903 -0.000137 0.000861 1.000000 0.001476 -0.000142 0.999999 0.002100 -0.003581 0.999991 -0.002887 -0.000530 0.999996 0.012186 0.000833 0.999925 
0.012079 0.007057 0.999902 -0.000120 0.000759 1.000000 0.001541 -0.000148 0.999999 0.002166 -0.003693 0.999991 -0.002612 -0.000479 0.999996 0.012114 0.000829 0.999926 
0.012176 0.007113 0.999901 -0.000155 0.000975 1.000000 0.001509 -0.000145 0.999999 0.002233 -0.003807 0.999990 -0.003089 -0.000567 0.999995 0.012355 0.000845 0.999923 
0.012330 0.007203 0.999898 -0.000136 0.000857 1.000000 0.001592 -0.000153 0.999999 0.002305 -0.003931 0.999990 -0.002787 -0.000512 0.999996 0.012350 0.000844 0.999923 
0.012568 0.007342 0.999894 -0.000119 0.000747 1.000000 0.001677 -0.000161 0.999999 0.002376 -0.004052 0.999989 -0.002511 -0.000461 0.999997 0.012439 0.000850 0.999922 
0.012827 0.007494 0.999890 -0.000150 0.000944 1.000000 0.002233 -0.000215 0.999997 0.002440 -0.004160 0.999988 -0.001354 -0.000249 0.999999 0.012323 0.000841 0.999924 
0.012817 0.007488 0.999890 -0.000223 0.001401 0.999999 0.002035 -0.000196 0.999998 0.002510 -0.004280 0.999988 -0.003066 -0.000563 0.999995 0.013086 0.000893 0.999914 
0.012897 0.007535 0.999888 -0.000149 0.000941 1.000000 0.001951 -0.000188 0.999998 0.002600 -0.004434 0.999987 -0.003209 -0.000589 0.999995 0.013298 0.000909 0.999911 
0.013032 0.007615 0.999886 -0.000131 0.000825 1.000000 0.002024 -0.000195 0.999998 0.002672 -0.004555 0.999986 -0.002891 -0.000531 0.999996 0.013252 0.000906 0.999912 
0.013133 0.007673 0.999884 -0.000479 0.003017 0.999995 0.002919 -0.000281 0.999996 0.002730 -0.004655 0.999985 -0.002653 -0.000487 0.999996 0.013162 0.000894 0.999913 
0.013182 0.007701 0.999883 -0.000431 0.002713 0.999996 0.002911 -0.000281 0.999996 0.002807 -0.004786 0.999985 -0.002395 -0.000440 0.999997 0.013068 0.000887 0.999914 
0.013240 0.007735 0.999882 -0.000388 0.002446 0.999997 0.002912 -0.000281 0.999996 0.002890 -0.004928 0.999984 -0.002167 -0.000398 0.999998 0.012996 0.000882 0.999915 
0.013383 0.007818 0.999880 -0.000350 0.002201 0.999998 0.002925 -0.000282 0.999996 0.002982 -0.005084 0.999983 -0.001962 -0.000360 0.999998 0.013012 0.000883 0.999915 
0.013539 0.007909 0.999877 -0.000142 0.000892 1.000000 0.002568 -0.000247 0.999997 0.003083 -0.005257 0.999981 -0.002576 -0.000472 0.999997 0.013710 0.000933 0.999906 
0.013735 0.008023 0.999873 -0.000273 0.001719 0.999998 0.003276 -0.000316 0.999995 0.003156 -0.005382 0.999981 -0.001194 -0.000219 0.999999 0.013241 0.000899 0.999912 
0.013907 0.008124 0.999870 -0.000247 0.001557 0.999999 0.003264 -0.000315 0.999995 0.003234 -0.005514 0.999980 -0.001087 -0.000199 0.999999 0.013299 0.000903 0.999911 
0.014067 0.008218 0.999867 -0.000223 0.001406 0.999999 0.003259 -0.000314 0.999995 0.003311 -0.005647 0.999979 -0.000989 -0.000182 0.999999 0.013358 0.000907 0.999910 
0.014217 0.008306 0.999864 -0.000201 0.001267 0.999999 0.003254 -0.000314 0.999995 0.003383 -0.005768 0.999978 -0.000902 -0.000166 1.000000 0.013416 0.000911 0.999910 
