-0.001002 0.001943 0.999998 -0.002346 -0.001198 0.999997 -0.002327 -0.001206 0.999997 -0.000933 0.001911 0.999998 
-0.000907 0.001758 0.999998 -0.002113 -0.001079 0.999997 -0.002096 -0.001086 0.999997 -0.000844 0.001730 0.999998 
0.000514 -0.000997 0.999999 -0.003086 -0.001574 0.999994 -0.003083 -0.001596 0.999994 0.000525 -0.001078 0.999999 
0.000627 -0.001217 0.999999 -0.002781 -0.001418 0.999995 -0.002780 -0.001439 0.999995 0.000630 -0.001293 0.999999 
0.000653 -0.001268 0.999999 -0.001570 -0.000800 0.999998 -0.001572 -0.000814 0.999998 0.000642 -0.001317 0.999999 
0.000582 -0.001129 0.999999 -0.001421 -0.000724 0.999999 -0.001423 -0.000737 0.999999 0.000572 -0.001174 0.999999 
0.000309 -0.000599 1.000000 -0.001611 -0.000822 0.999998 -0.001610 -0.000834 0.999998 0.000313 -0.000642 1.000000 
-0.000249 0.000483 1.000000 -0.002263 -0.001154 0.999997 -0.002253 -0.001167 0.999997 -0.000213 0.000438 1.000000 
-0.000242 0.000468 1.000000 -0.002047 -0.001044 0.999997 -0.002037 -0.001055 0.999997 -0.000209 0.000428 1.000000 
-0.000244 0.000472 1.000000 -0.001858 -0.000948 0.999998 -0.001850 -0.000958 0.999998 -0.000213 0.000436 1.000000 
-0.000787 0.001526 0.999999 -0.002279 -0.001163 0.999997 -0.002263 -0.001172 0.999997 -0.000728 0.001492 0.999999 
-0.000798 0.001547 0.999998 -0.002099 -0.001071 0.999997 -0.002083 -0.001079 0.999997 -0.000740 0.001517 0.999999 
-0.002352 0.004723 0.999986 -0.002183 -0.001075 0.999997 -0.002147 -0.001074 0.999997 -0.002223 0.004724 0.999986 
-0.002454 0.004972 0.999985 -0.002053 -0.001002 0.999997 -0.002017 -0.001000 0.999997 -0.002321 0.004979 0.999985 
-0.002308 0.004687 0.999986 -0.001944 -0.000947 0.999998 -0.001909 -0.000944 0.999998 -0.002182 0.004692 0.999987 
-0.002187 0.004443 0.999988 -0.003102 -0.001510 0.999994 -0.003065 -0.001516 0.999994 -0.002055 0.004420 0.999988 
-0.001957 0.003975 0.999990 -0.001951 -0.000950 0.999998 -0.001921 -0.000950 0.999998 -0.001847 0.003974 0.999990 
-0.002538 0.005406 0.999982 -0.003636 -0.001688 0.999992 -0.003592 -0.001694 0.999992 -0.002380 0.005379 0.999983 
-0.005396 0.011345 0.999921 -0.014782 -0.006956 0.999867 -0.014670 -0.007013 0.999868 -0.004992 0.011129 0.999926 
-0.008714 0.019025 0.999781 -0.017084 -0.007744 0.999824 -0.016920 -0.007794 0.999826 -0.008121 0.018827 0.999790 
-0.004981 0.011520 0.999921 -0.001788 -0.000764 0.999998 -0.001713 -0.000744 0.999998 -0.004706 0.011586 0.999922 
0.003340 0.002302 0.999992 -0.004267 0.006167 0.999972 -0.001994 0.005157 0.999985 -0.000109 0.000017 1.000000 -0.000804 -0.000333 1.000000 0.004823 -0.000446 0.999988 
0.001437 0.000996 0.999998 0.000818 -0.001175 0.999999 -0.000651 0.001685 0.999998 -0.000482 0.000076 1.000000 -0.000306 -0.000127 1.000000 -0.000580 0.000053 1.000000 
0.000677 0.000469 1.000000 -0.000004 0.000005 1.000000 -0.001402 0.003676 0.999992 -0.000932 0.000150 1.000000 -0.000950 -0.000389 0.999999 -0.001660 0.000154 0.999999 
0.000612 0.000425 1.000000 -0.000052 0.000074 1.000000 -0.002217 0.005887 0.999980 -0.003085 0.000503 0.999995 -0.003979 -0.001609 0.999991 -0.002904 0.000272 0.999996 
0.000931 0.000644 0.999999 -0.000433 0.000624 1.000000 -0.002447 0.006539 0.999976 -0.006341 0.001042 0.999979 -0.008107 -0.003258 0.999962 -0.003023 0.000285 0.999995 
-0.000612 -0.000422 1.000000 -0.001882 0.002715 0.999995 -0.002278 0.006101 0.999979 -0.008972 0.001477 0.999959 -0.011611 -0.004659 0.999922 -0.003158 0.000298 0.999995 
-0.000513 -0.000354 1.000000 -0.002257 0.003262 0.999992 -0.001808 0.004849 0.999987 -0.011070 0.001823 0.999937 -0.013921 -0.005576 0.999888 -0.002604 0.000246 0.999997 
-0.001327 -0.000913 0.999999 -0.001248 0.001807 0.999998 -0.001140 0.003058 0.999995 -0.011290 0.001862 0.999935 -0.015186 -0.006081 0.999866 -0.002504 0.000238 0.999997 
-0.001085 -0.000746 0.999999 -0.000981 0.001422 0.999999 -0.000674 0.001806 0.999998 -0.011614 0.001911 0.999931 -0.015548 -0.006238 0.999860 -0.001899 0.000180 0.999998 
-0.000914 -0.000628 0.999999 -0.000331 0.000481 1.000000 0.000019 -0.000051 1.000000 -0.011317 0.001855 0.999934 -0.015021 -0.006044 0.999869 -0.001387 0.000132 0.999999 
0.000373 0.000256 1.000000 0.000187 -0.000272 1.000000 -0.000007 0.000019 1.000000 -0.010654 0.001745 0.999942 -0.013468 -0.005419 0.999895 -0.001181 0.000112 0.999999 
0.000297 0.000204 1.000000 0.000290 -0.000421 1.000000 0.000005 -0.000014 1.000000 -0.008998 0.001473 0.999958 -0.011419 -0.004595 0.999924 -0.001081 0.000102 0.999999 
0.000217 0.000149 1.000000 0.000914 -0.001327 0.999999 0.000033 -0.000089 1.000000 -0.006951 0.001138 0.999975 -0.009338 -0.003758 0.999949 -0.000986 0.000093 1.000000 
0.000158 0.000108 1.000000 0.002188 -0.003177 0.999993 0.000052 -0.000139 1.000000 -0.004549 0.000744 0.999989 -0.007425 -0.002988 0.999968 -0.000897 0.000085 1.000000 
0.000125 0.000086 1.000000 0.003623 -0.005260 0.999980 0.000050 -0.000132 1.000000 -0.002060 0.000337 0.999998 -0.005554 -0.002235 0.999982 -0.000818 0.000077 1.000000 
0.000103 0.000071 1.000000 0.005009 -0.007273 0.999961 0.000047 -0.000125 1.000000 0.000402 -0.000066 1.000000 -0.003658 -0.001472 0.999992 -0.000740 0.000070 1.000000 
0.000093 0.000064 1.000000 0.006380 -0.009263 0.999937 0.000399 -0.001064 0.999999 0.002853 -0.000466 0.999996 -0.001898 -0.000764 0.999998 -0.000016 0.000001 1.000000 
0.000067 0.000046 1.000000 0.007738 -0.011234 0.999907 0.001101 -0.002938 0.999995 0.004053 -0.000660 0.999992 -0.002042 -0.000822 0.999998 0.001333 -0.000125 0.999999 
-0.000021 -0.000015 1.000000 0.008897 -0.012934 0.999877 0.001004 -0.002678 0.999996 0.005173 -0.000841 0.999986 -0.001824 -0.000734 0.999998 0.001218 -0.000114 0.999999 
-0.000211 -0.000144 1.000000 0.009996 -0.014536 0.999844 0.002179 -0.005812 0.999981 0.005021 -0.000812 0.999987 -0.003901 -0.001571 0.999991 0.003348 -0.000310 0.999994 
-0.000405 -0.000278 1.000000 0.010900 -0.015848 0.999815 0.001914 -0.005104 0.999985 0.006296 -0.001019 0.999980 -0.003328 -0.001340 0.999994 0.003010 -0.000279 0.999995 
-0.000561 -0.000385 1.000000 0.011651 -0.016938 0.999789 0.001739 -0.004636 0.999988 0.007220 -0.001168 0.999973 -0.002974 -0.001198 0.999995 0.002741 -0.000254 0.999996 
-0.000601 -0.000412 1.000000 0.012319 -0.017908 0.999764 0.002007 -0.005355 0.999984 0.007525 -0.001216 0.999971 -0.003459 -0.001392 0.999993 0.003276 -0.000303 0.999995 
-0.000546 -0.000374 1.000000 0.012863 -0.018697 0.999742 0.001986 -0.005299 0.999984 0.008316 -0.001343 0.999965 -0.002594 -0.001044 0.999996 0.003020 -0.000279 0.999995 
-0.000456 -0.000313 1.000000 0.013155 -0.019125 0.999731 0.002172 -0.005796 0.999981 0.008413 -0.001358 0.999964 -0.002818 -0.001134 0.999995 0.003422 -0.000316 0.999994 
-0.000304 -0.000208 1.000000 0.013118 -0.019074 0.999732 0.002777 -0.007414 0.999969 0.008264 -0.001332 0.999965 -0.002674 -0.001076 0.999996 0.004178 -0.000384 0.999991 
-0.000256 -0.000175 1.000000 0.012931 -0.018802 0.999740 0.002533 -0.006761 0.999974 0.008245 -0.001329 0.999965 -0.002431 -0.000978 0.999997 0.003807 -0.000350 0.999993 
-0.000257 -0.000176 1.000000 0.012617 -0.018344 0.999752 0.002832 -0.007559 0.999967 0.007573 -0.001217 0.999971 -0.003616 -0.001455 0.999992 0.004732 -0.000432 0.999989 
-0.000213 -0.000146 1.000000 0.012194 -0.017730 0.999768 0.002572 -0.006865 0.999973 0.007415 -0.001192 0.999972 -0.003282 -0.001321 0.999994 0.004300 -0.000393 0.999991 
-0.000216 -0.000148 1.000000 0.011741 -0.017071 0.999785 0.002345 -0.006259 0.999978 0.007346 -0.001181 0.999972 -0.002785 -0.001121 0.999995 0.003864 -0.000353 0.999992 
-0.000225 -0.000154 1.000000 0.011259 -0.016370 0.999803 0.002844 -0.007593 0.999967 0.006400 -0.001026 0.999979 -0.004214 -0.001695 0.999990 0.005105 -0.000464 0.999987 
-0.000177 -0.000121 1.000000 0.010762 -0.015647 0.999820 0.003432 -0.009161 0.999952 0.005771 -0.000921 0.999983 -0.003817 -0.001535 0.999992 0.005352 -0.000482 0.999986 
-0.000142 -0.000097 1.000000 0.010242 -0.014891 0.999837 0.003034 -0.008099 0.999963 0.005272 -0.000843 0.999986 -0.004772 -0.001919 0.999987 0.005496 -0.000496 0.999985 
-0.000148 -0.000101 1.000000 0.009799 -0.014248 0.999850 0.002557 -0.006824 0.999973 0.005005 -0.000800 0.999987 -0.005249 -0.002112 0.999984 0.005284 -0.000478 0.999986 
-0.000113 -0.000078 1.000000 0.009320 -0.013551 0.999865 0.002299 -0.006136 0.999979 0.004872 -0.000779 0.999988 -0.004743 -0.001908 0.999987 0.004780 -0.000432 0.999988 
-0.000084 -0.000057 1.000000 0.008867 -0.012892 0.999878 0.002067 -0.005516 0.999983 0.004737 -0.000757 0.999988 -0.004287 -0.001725 0.999989 0.004324 -0.000391 0.999991 
-0.000058 -0.000040 1.000000 0.008437 -0.012267 0.999889 0.001857 -0.004957 0.999986 0.004596 -0.000735 0.999989 -0.003877 -0.001560 0.999991 0.003911 -0.000353 0.999992 
-0.000032 -0.000022 1.000000 0.008032 -0.011678 0.999900 0.001667 -0.004449 0.999989 0.004450 -0.000711 0.999990 -0.003516 -0.001415 0.999993 0.003538 -0.000320 0.999994 
-0.000012 -0.000009 1.000000 0.007646 -0.011117 0.999909 0.001494 -0.003988 0.999991 0.004314 -0.000690 0.999990 -0.003187 -0.001282 0.999994 0.003207 -0.000290 0.999995 
0.000011 0.000007 1.000000 0.007265 -0.010564 0.999918 0.001334 -0.003561 0.999993 0.004166 -0.000666 0.999991 -0.002887 -0.001161 0.999995 0.002904 -0.000262 0.999996 
0.000029 0.000020 1.000000 0.006892 -0.010020 0.999926 0.001189 -0.003175 0.999994 0.004012 -0.000641 0.999992 -0.002617 -0.001053 0.999996 0.002631 -0.000238 0.999997 
-0.000032 -0.000022 1.000000 0.006481 -0.009422 0.999935 0.001483 -0.003960 0.999991 0.003105 -0.000495 0.999995 -0.004530 -0.001822 0.999988 0.003920 -0.000353 0.999992 
-0.000007 -0.000005 1.000000 0.006125 -0.008905 0.999942 0.001319 -0.003520 0.999993 0.003022 -0.000482 0.999995 -0.004088 -0.001644 0.999990 0.003546 -0.000319 0.999994 
0.000017 0.000011 1.000000 0.005786 -0.008412 0.999948 0.001172 -0.003128 0.999994 0.002934 -0.000468 0.999996 -0.003684 -0.001482 0.999992 0.003208 -0.000288 0.999995 
0.000049 0.000034 1.000000 0.005461 -0.007940 0.999954 0.001039 -0.002773 0.999996 0.002832 -0.000452 0.999996 -0.003319 -0.001335 0.999994 0.002903 -0.000261 0.999996 
0.000047 0.000032 1.000000 0.005152 -0.007491 0.999959 0.000916 -0.002444 0.999997 0.002749 -0.000438 0.999996 -0.002991 -0.001203 0.999995 0.002618 -0.000235 0.999997 
0.000001 0.000001 1.000000 0.004854 -0.007058 0.999963 0.001143 -0.003051 0.999995 0.002138 -0.000341 0.999998 -0.003975 -0.001599 0.999991 0.003281 -0.000294 0.999995 
0.000038 0.000026 1.000000 0.004590 -0.006673 0.999967 0.001003 -0.002678 0.999996 0.002100 -0.000334 0.999998 -0.003577 -0.001439 0.999993 0.002965 -0.000266 0.999996 
0.000039 0.000027 1.000000 0.004345 -0.006318 0.999971 0.000880 -0.002349 0.999997 0.002077 -0.000331 0.999998 -0.003221 -0.001296 0.999994 0.002673 -0.000239 0.999996 
0.000071 0.000049 1.000000 0.004072 -0.005921 0.999974 0.000532 -0.001422 0.999999 0.002242 -0.000357 0.999997 -0.004024 -0.001618 0.999991 0.003340 -0.000299 0.999994 
0.000062 0.000043 1.000000 0.003877 -0.005637 0.999977 0.000458 -0.001222 0.999999 0.002202 -0.000350 0.999998 -0.003629 -0.001459 0.999992 0.003011 -0.000269 0.999995 
0.000055 0.000037 1.000000 0.003698 -0.005377 0.999979 0.000392 -0.001046 0.999999 0.002164 -0.000344 0.999998 -0.003273 -0.001316 0.999994 0.002716 -0.000243 0.999996 
0.000048 0.000033 1.000000 0.003536 -0.005142 0.999981 0.000328 -0.000875 1.000000 0.002134 -0.000340 0.999998 -0.002947 -0.001185 0.999995 0.002446 -0.000219 0.999997 
0.000043 0.000029 1.000000 0.003392 -0.004932 0.999982 0.000275 -0.000736 1.000000 0.002102 -0.000334 0.999998 -0.002656 -0.001068 0.999996 0.002206 -0.000197 0.999998 
0.000042 0.000029 1.000000 0.003271 -0.004756 0.999983 0.000223 -0.000594 1.000000 0.002084 -0.000332 0.999998 -0.002391 -0.000962 0.999997 0.001989 -0.000178 0.999998 
0.000041 0.000028 1.000000 0.003169 -0.004608 0.999984 0.000178 -0.000476 1.000000 0.002071 -0.000329 0.999998 -0.002153 -0.000866 0.999997 0.001794 -0.000160 0.999998 
0.000041 0.000028 1.000000 0.003078 -0.004475 0.999985 0.000135 -0.000362 1.000000 0.002053 -0.000327 0.999998 -0.001949 -0.000784 0.999998 0.001618 -0.000145 0.999999 
0.000040 0.000027 1.000000 0.002995 -0.004355 0.999986 0.000101 -0.000269 1.000000 0.002033 -0.000323 0.999998 -0.001768 -0.000711 0.999998 0.001461 -0.000131 0.999999 
0.000038 0.000026 1.000000 0.002919 -0.004244 0.999987 0.000064 -0.000170 1.000000 0.002020 -0.000321 0.999998 -0.001604 -0.000645 0.999999 0.001316 -0.000118 0.999999 
0.000040 0.000027 1.000000 0.002855 -0.004151 0.999987 0.000040 -0.000106 1.000000 0.001991 -0.000317 0.999998 -0.001472 -0.000592 0.999999 0.001193 -0.000107 0.999999 
0.000020 0.000014 1.000000 0.002784 -0.004047 0.999988 0.000602 -0.001610 0.999999 0.001372 -0.000218 0.999999 -0.003171 -0.001274 0.999994 0.002769 -0.000246 0.999996 
0.000026 0.000018 1.000000 0.002672 -0.003884 0.999989 0.000529 -0.001415 0.999999 0.001372 -0.000218 0.999999 -0.002863 -0.001150 0.999995 0.002506 -0.000223 0.999997 
0.000027 0.000019 1.000000 0.002555 -0.003714 0.999990 0.000458 -0.001225 0.999999 0.001369 -0.000217 0.999999 -0.002582 -0.001037 0.999996 0.002264 -0.000201 0.999997 
0.000001 0.000001 1.000000 0.002444 -0.003554 0.999991 0.000016 -0.000042 1.000000 0.001651 -0.000262 0.999999 -0.003562 -0.001430 0.999993 0.002881 -0.000256 0.999996 
0.000023 0.000016 1.000000 0.002375 -0.003453 0.999991 0.000003 -0.000007 1.000000 0.001604 -0.000255 0.999999 -0.003239 -0.001301 0.999994 0.002610 -0.000232 0.999997 
0.000023 0.000016 1.000000 0.002326 -0.003382 0.999992 -0.000011 0.000028 1.000000 0.001583 -0.000251 0.999999 -0.002951 -0.001185 0.999995 0.002362 -0.000210 0.999997 
0.000025 0.000017 1.000000 0.002295 -0.003336 0.999992 -0.000019 0.000050 1.000000 0.001572 -0.000249 0.999999 -0.002686 -0.001079 0.999996 0.002140 -0.000190 0.999998 
0.000028 0.000019 1.000000 0.002275 -0.003307 0.999992 -0.000027 0.000073 1.000000 0.001568 -0.000249 0.999999 -0.002449 -0.000983 0.999997 0.001938 -0.000172 0.999998 
-0.000004 -0.000003 1.000000 0.002248 -0.003269 0.999992 -0.000100 0.000266 1.000000 0.001481 -0.000235 0.999999 -0.002899 -0.001164 0.999995 0.002108 -0.000187 0.999998 
0.000022 0.000015 1.000000 0.002245 -0.003265 0.999992 -0.000088 0.000235 1.000000 0.001534 -0.000243 0.999999 -0.003568 -0.001433 0.999993 0.002794 -0.000248 0.999996 
0.000023 0.000016 1.000000 0.002249 -0.003270 0.999992 -0.000081 0.000215 1.000000 0.001552 -0.000246 0.999999 -0.003233 -0.001298 0.999994 0.002535 -0.000225 0.999997 
0.000024 0.000017 1.000000 0.002261 -0.003287 0.999992 -0.000073 0.000194 1.000000 0.001572 -0.000249 0.999999 -0.002931 -0.001177 0.999995 0.002303 -0.000204 0.999997 
0.000022 0.000015 1.000000 0.002273 -0.003305 0.999992 0.000364 -0.000972 0.999999 0.001139 -0.000180 0.999999 -0.004111 -0.001651 0.999990 0.003413 -0.000301 0.999994 
0.000024 0.000016 1.000000 0.002254 -0.003277 0.999992 0.000320 -0.000857 1.000000 0.001193 -0.000189 0.999999 -0.003717 -0.001493 0.999992 0.003096 -0.000273 0.999995 
0.000024 0.000017 1.000000 0.002181 -0.003171 0.999993 0.000273 -0.000731 1.000000 0.001209 -0.000191 0.999999 -0.003354 -0.001347 0.999993 0.002801 -0.000247 0.999996 
0.000027 0.000018 1.000000 0.002101 -0.003054 0.999993 0.000226 -0.000605 1.000000 0.001216 -0.000192 0.999999 -0.003025 -0.001215 0.999995 0.002533 -0.000223 0.999997 
0.000030 0.000020 1.000000 0.002021 -0.002938 0.999994 0.000181 -0.000483 1.000000 0.001219 -0.000193 0.999999 -0.002730 -0.001096 0.999996 0.002290 -0.000202 0.999997 
0.000006 0.000004 1.000000 0.001942 -0.002824 0.999994 0.000628 -0.001680 0.999998 0.000560 -0.000088 1.000000 -0.004607 -0.001851 0.999988 0.003804 -0.000334 0.999993 
0.000021 0.000014 1.000000 0.001829 -0.002659 0.999995 0.000555 -0.001483 0.999999 0.000570 -0.000090 1.000000 -0.004164 -0.001673 0.999990 0.003446 -0.000302 0.999994 
0.000000 0.000000 1.000000 0.001705 -0.002479 0.999995 0.000588 -0.001571 0.999999 0.000545 -0.000086 1.000000 -0.003962 -0.001592 0.999991 0.003381 -0.000296 0.999994 
0.000017 0.000012 1.000000 0.001580 -0.002297 0.999996 0.000512 -0.001367 0.999999 0.000535 -0.000084 1.000000 -0.003579 -0.001438 0.999993 0.003059 -0.000268 0.999995 
0.000021 0.000014 1.000000 0.001472 -0.002140 0.999997 0.000425 -0.001135 0.999999 0.000552 -0.000087 1.000000 -0.003223 -0.001295 0.999994 0.002747 -0.000241 0.999996 
0.000025 0.000017 1.000000 0.001371 -0.001994 0.999997 0.000363 -0.000970 0.999999 0.000551 -0.000087 1.000000 -0.002912 -0.001170 0.999995 0.002485 -0.000218 0.999997 
-0.000025 -0.000017 1.000000 0.001285 -0.001869 0.999997 -0.000157 0.000419 1.000000 0.000624 -0.000099 1.000000 -0.003500 -0.001406 0.999993 0.002353 -0.000207 0.999997 
0.000085 0.000058 1.000000 0.001242 -0.001806 0.999998 -0.000006 0.000016 1.000000 0.000706 -0.000111 1.000000 -0.003170 -0.001273 0.999994 0.002533 -0.000222 0.999997 
0.000033 0.000023 1.000000 0.001231 -0.001790 0.999998 0.000489 -0.001306 0.999999 0.000130 -0.000020 1.000000 -0.005037 -0.002024 0.999985 0.004117 -0.000359 0.999991 
0.000035 0.000024 1.000000 0.001197 -0.001741 0.999998 0.000371 -0.000991 0.999999 0.000268 -0.000042 1.000000 -0.004489 -0.001805 0.999988 0.003675 -0.000321 0.999993 
0.000038 0.000026 1.000000 0.001126 -0.001637 0.999998 0.000318 -0.000848 1.000000 0.000295 -0.000046 1.000000 -0.004059 -0.001632 0.999990 0.003328 -0.000291 0.999994 
0.000043 0.000029 1.000000 0.001044 -0.001518 0.999998 0.000265 -0.000707 1.000000 0.000311 -0.000049 1.000000 -0.003668 -0.001475 0.999992 0.003013 -0.000263 0.999995 
0.000177 0.000121 1.000000 0.001013 -0.001472 0.999998 -0.000407 0.001088 0.999999 0.000363 -0.000057 1.000000 -0.004532 -0.001821 0.999988 0.003000 -0.000263 0.999995 
0.000170 0.000117 1.000000 0.000997 -0.001450 0.999998 -0.000383 0.001024 0.999999 0.000488 -0.000077 1.000000 -0.003980 -0.001600 0.999991 0.002720 -0.000238 0.999996 
0.000164 0.000112 1.000000 0.001007 -0.001464 0.999998 -0.000361 0.000964 0.999999 0.000516 -0.000081 1.000000 -0.003624 -0.001457 0.999992 0.002466 -0.000216 0.999997 
0.000158 0.000108 1.000000 0.001022 -0.001486 0.999998 -0.000340 0.000908 1.000000 0.000546 -0.000086 1.000000 -0.003304 -0.001328 0.999994 0.002238 -0.000196 0.999997 
0.000110 0.000076 1.000000 0.001046 -0.001521 0.999998 -0.000451 0.001204 0.999999 0.000781 -0.000123 1.000000 -0.002718 -0.001093 0.999996 0.001791 -0.000157 0.999998 
0.000105 0.000072 1.000000 0.001085 -0.001578 0.999998 -0.000417 0.001114 0.999999 0.000808 -0.000127 1.000000 -0.002480 -0.000997 0.999996 0.001628 -0.000143 0.999999 
0.000097 0.000066 1.000000 0.001125 -0.001635 0.999998 -0.000385 0.001029 0.999999 0.000836 -0.000132 1.000000 -0.002265 -0.000910 0.999997 0.001479 -0.000130 0.999999 
0.000090 0.000062 1.000000 0.001165 -0.001694 0.999998 -0.000355 0.000948 0.999999 0.000864 -0.000136 1.000000 -0.002069 -0.000832 0.999998 0.001345 -0.000118 0.999999 
0.000082 0.000056 1.000000 0.001200 -0.001744 0.999998 -0.000328 0.000877 1.000000 0.000889 -0.000140 1.000000 -0.001892 -0.000761 0.999998 0.001223 -0.000107 0.999999 
0.000074 0.000051 1.000000 0.001234 -0.001794 0.999998 -0.000302 0.000808 1.000000 0.000914 -0.000144 1.000000 -0.001731 -0.000696 0.999998 0.001114 -0.000098 0.999999 
0.000067 0.000046 1.000000 0.001258 -0.001829 0.999998 -0.000283 0.000756 1.000000 0.000933 -0.000147 1.000000 -0.001587 -0.000638 0.999999 0.001012 -0.000089 0.999999 
0.000061 0.000042 1.000000 0.001282 -0.001864 0.999997 -0.000264 0.000705 1.000000 0.000950 -0.000150 1.000000 -0.001456 -0.000585 0.999999 0.000921 -0.000081 1.000000 
0.000012 0.000008 1.000000 0.001307 -0.001901 0.999997 -0.000335 0.000894 1.000000 0.000868 -0.000137 1.000000 -0.001898 -0.000763 0.999998 0.001027 -0.000090 0.999999 
0.000014 0.000010 1.000000 0.001330 -0.001934 0.999997 -0.000004 0.000012 1.000000 0.000622 -0.000098 1.000000 -0.002665 -0.001072 0.999996 0.001850 -0.000162 0.999998 
0.000023 0.000016 1.000000 0.001329 -0.001933 0.999997 -0.000012 0.000032 1.000000 0.000871 -0.000137 1.000000 -0.002128 -0.000856 0.999997 0.001689 -0.000148 0.999999 
0.000168 0.000115 1.000000 0.001365 -0.001985 0.999997 0.000270 -0.000721 1.000000 0.000404 -0.000063 1.000000 -0.002990 -0.001202 0.999995 0.002378 -0.000207 0.999997 
0.000170 0.000117 1.000000 0.001334 -0.001940 0.999997 0.000231 -0.000617 1.000000 0.000504 -0.000079 1.000000 -0.002680 -0.001078 0.999996 0.002209 -0.000193 0.999998 
0.000185 0.000126 1.000000 0.001275 -0.001853 0.999997 -0.000550 0.001469 0.999999 0.000610 -0.000096 1.000000 -0.003934 -0.001581 0.999991 0.002347 -0.000205 0.999997 
0.000128 0.000088 1.000000 0.001255 -0.001825 0.999998 0.000220 -0.000587 1.000000 0.000319 -0.000050 1.000000 -0.004335 -0.001743 0.999989 0.003419 -0.000297 0.999994 
0.000133 0.000091 1.000000 0.001219 -0.001773 0.999998 0.000183 -0.000489 1.000000 0.000512 -0.000080 1.000000 -0.003725 -0.001498 0.999992 0.003113 -0.000271 0.999995 
0.000084 0.000057 1.000000 0.001174 -0.001707 0.999998 -0.000170 0.000454 1.000000 0.000480 -0.000075 1.000000 -0.004945 -0.001988 0.999986 0.003602 -0.000313 0.999993 
0.000240 0.000164 1.000000 0.001252 -0.001820 0.999998 -0.000692 0.001850 0.999998 0.000425 -0.000067 1.000000 -0.007244 -0.002909 0.999970 0.004827 -0.000420 0.999988 
0.000231 0.000158 1.000000 0.001302 -0.001893 0.999997 -0.000157 0.000419 1.000000 0.000727 -0.000114 1.000000 -0.006550 -0.002631 0.999975 0.005323 -0.000461 0.999986 
0.000219 0.000150 1.000000 0.001330 -0.001933 0.999997 -0.000145 0.000388 1.000000 0.000771 -0.000121 1.000000 -0.005938 -0.002386 0.999980 0.004831 -0.000418 0.999988 
0.000216 0.000148 1.000000 0.001323 -0.001924 0.999997 -0.000137 0.000366 1.000000 0.000789 -0.000123 1.000000 -0.005385 -0.002164 0.999983 0.004393 -0.000380 0.999990 
0.000202 0.000138 1.000000 0.001326 -0.001928 0.999997 -0.000131 0.000352 1.000000 0.000812 -0.000127 1.000000 -0.004888 -0.001964 0.999986 0.003986 -0.000345 0.999992 
0.000187 0.000128 1.000000 0.001319 -0.001918 0.999997 -0.000128 0.000342 1.000000 0.000826 -0.000129 1.000000 -0.004441 -0.001784 0.999989 0.003617 -0.000313 0.999993 
0.000169 0.000116 1.000000 0.001308 -0.001902 0.999997 -0.000124 0.000332 1.000000 0.000838 -0.000131 1.000000 -0.004032 -0.001620 0.999991 0.003278 -0.000284 0.999995 
0.000149 0.000102 1.000000 0.001293 -0.001881 0.999997 -0.000044 0.000117 1.000000 0.000842 -0.000132 1.000000 -0.003722 -0.001495 0.999992 0.003127 -0.000270 0.999995 
0.000130 0.000089 1.000000 0.001265 -0.001840 0.999998 -0.000056 0.000148 1.000000 0.000835 -0.000131 1.000000 -0.003395 -0.001364 0.999993 0.002829 -0.000245 0.999996 
0.000076 0.000052 1.000000 0.001264 -0.001838 0.999998 -0.000492 0.001316 0.999999 0.001062 -0.000166 0.999999 -0.003399 -0.001366 0.999993 0.002423 -0.000211 0.999997 
0.000072 0.000050 1.000000 0.001276 -0.001855 0.999997 -0.000023 0.000063 1.000000 0.000666 -0.000104 1.000000 -0.005665 -0.002275 0.999981 0.004550 -0.000392 0.999990 
0.000078 0.000053 1.000000 0.001270 -0.001846 0.999997 -0.000030 0.000080 1.000000 0.000817 -0.000128 1.000000 -0.004967 -0.001995 0.999986 0.004137 -0.000356 0.999991 
0.000073 0.000050 1.000000 0.001242 -0.001806 0.999998 -0.000039 0.000104 1.000000 0.000810 -0.000126 1.000000 -0.004517 -0.001814 0.999988 0.003750 -0.000323 0.999993 
0.000066 0.000045 1.000000 0.001212 -0.001762 0.999998 0.000050 -0.000134 1.000000 0.000735 -0.000115 1.000000 -0.004245 -0.001705 0.999990 0.003575 -0.000308 0.999994 
0.000029 0.000020 1.000000 0.001186 -0.001725 0.999998 -0.000300 0.000802 1.000000 0.000735 -0.000115 1.000000 -0.005412 -0.002173 0.999983 0.004054 -0.000349 0.999992 
0.000030 0.000021 1.000000 0.001186 -0.001725 0.999998 -0.000284 0.000760 1.000000 0.000768 -0.000120 1.000000 -0.004898 -0.001967 0.999986 0.003677 -0.000317 0.999993 
0.000024 0.000016 1.000000 0.001192 -0.001733 0.999998 -0.000269 0.000718 1.000000 0.000786 -0.000123 1.000000 -0.004453 -0.001788 0.999988 0.003328 -0.000287 0.999994 
0.000017 0.000012 1.000000 0.001234 -0.001794 0.999998 -0.000252 0.000675 1.000000 0.000830 -0.000130 1.000000 -0.004047 -0.001625 0.999990 0.003013 -0.000259 0.999995 
-0.000018 -0.000012 1.000000 0.001303 -0.001895 0.999997 -0.000652 0.001746 0.999998 0.000566 -0.000088 1.000000 -0.006363 -0.002554 0.999976 0.003999 -0.000344 0.999992 
0.000013 0.000009 1.000000 0.001339 -0.001948 0.999997 -0.000603 0.001613 0.999999 0.000889 -0.000139 1.000000 -0.005401 -0.002168 0.999983 0.003636 -0.000313 0.999993 
0.000013 0.000009 1.000000 0.001378 -0.002003 0.999997 -0.000556 0.001488 0.999999 0.000929 -0.000145 1.000000 -0.004908 -0.001970 0.999986 0.003295 -0.000284 0.999995 
0.000013 0.000009 1.000000 0.001458 -0.002120 0.999997 -0.000513 0.001372 0.999999 0.000998 -0.000156 0.999999 -0.004459 -0.001790 0.999988 0.002985 -0.000257 0.999996 
0.000217 0.000149 1.000000 0.001651 -0.002401 0.999996 -0.001025 0.002743 0.999996 0.001060 -0.000166 0.999999 -0.005019 -0.002015 0.999985 0.002819 -0.000244 0.999996 
0.000195 0.000133 1.000000 0.001672 -0.002431 0.999996 -0.000931 0.002494 0.999996 0.001092 -0.000171 0.999999 -0.004743 -0.001903 0.999987 0.002716 -0.000234 0.999996 
0.000181 0.000124 1.000000 0.001682 -0.002446 0.999996 -0.000853 0.002285 0.999997 0.001115 -0.000174 0.999999 -0.004312 -0.001730 0.999989 0.002466 -0.000213 0.999997 
0.000162 0.000111 1.000000 0.001717 -0.002496 0.999995 -0.000783 0.002096 0.999997 0.001155 -0.000181 0.999999 -0.003923 -0.001574 0.999991 0.002235 -0.000193 0.999997 
0.000146 0.000100 1.000000 0.001760 -0.002560 0.999995 -0.000714 0.001911 0.999998 0.001200 -0.000188 0.999999 -0.003566 -0.001430 0.999993 0.002028 -0.000175 0.999998 
0.000133 0.000091 1.000000 0.001803 -0.002622 0.999995 -0.000656 0.001757 0.999998 0.001242 -0.000194 0.999999 -0.003247 -0.001303 0.999994 0.001838 -0.000159 0.999998 
0.000120 0.000082 1.000000 0.001843 -0.002680 0.999995 -0.000607 0.001625 0.999998 0.001280 -0.000200 0.999999 -0.002965 -0.001190 0.999995 0.001666 -0.000144 0.999999 
0.000073 0.000050 1.000000 0.001871 -0.002721 0.999995 0.000027 -0.000072 1.000000 0.000506 -0.000079 1.000000 -0.005455 -0.002189 0.999983 0.003704 -0.000317 0.999993 
0.000117 0.000080 1.000000 0.001856 -0.002698 0.999995 0.000015 -0.000041 1.000000 0.000784 -0.000122 1.000000 -0.004665 -0.001872 0.999987 0.003405 -0.000292 0.999994 
0.000113 0.000077 1.000000 0.001828 -0.002658 0.999995 -0.000402 0.001075 0.999999 0.001192 -0.000186 0.999999 -0.004003 -0.001607 0.999991 0.002751 -0.000237 0.999996 
0.000156 0.000107 1.000000 0.001835 -0.002669 0.999995 -0.000363 0.000971 0.999999 0.000899 -0.000140 1.000000 -0.005471 -0.002195 0.999983 0.003743 -0.000321 0.999993 
0.000221 0.000151 1.000000 0.001867 -0.002715 0.999995 -0.000340 0.000909 1.000000 0.001227 -0.000191 0.999999 -0.004602 -0.001846 0.999988 0.003464 -0.000297 0.999994 
0.000234 0.000160 1.000000 0.001907 -0.002773 0.999994 -0.000314 0.000840 1.000000 0.001288 -0.000201 0.999999 -0.004155 -0.001667 0.999990 0.003169 -0.000272 0.999995 
0.000199 0.000136 1.000000 0.001938 -0.002818 0.999994 -0.000136 0.000363 1.000000 0.001314 -0.000205 0.999999 -0.003824 -0.001534 0.999992 0.003115 -0.000267 0.999995 
0.000304 0.000208 1.000000 0.002111 -0.003071 0.999993 0.000549 -0.001469 0.999999 0.000672 -0.000105 1.000000 -0.004685 -0.001880 0.999987 0.004006 -0.000342 0.999992 
0.000324 0.000222 1.000000 0.002085 -0.003033 0.999993 0.000430 -0.001150 0.999999 0.000798 -0.000124 1.000000 -0.004297 -0.001724 0.999989 0.003698 -0.000316 0.999993 
0.000336 0.000230 1.000000 0.001996 -0.002904 0.999994 0.000380 -0.001016 0.999999 0.000827 -0.000129 1.000000 -0.003898 -0.001564 0.999991 0.003411 -0.000291 0.999994 
0.000256 0.000175 1.000000 0.001938 -0.002819 0.999994 -0.000083 0.000223 1.000000 0.000559 -0.000087 1.000000 -0.005808 -0.002330 0.999980 0.004023 -0.000344 0.999992 
0.000296 0.000203 1.000000 0.001909 -0.002778 0.999994 -0.000092 0.000247 1.000000 0.000756 -0.000118 1.000000 -0.005090 -0.002042 0.999985 0.003700 -0.000316 0.999993 
0.000248 0.000170 1.000000 0.001907 -0.002774 0.999994 -0.000701 0.001879 0.999998 0.001023 -0.000160 0.999999 -0.005678 -0.002277 0.999981 0.003600 -0.000309 0.999993 
0.000289 0.000198 1.000000 0.001917 -0.002789 0.999994 -0.000647 0.001734 0.999998 0.001268 -0.000198 0.999999 -0.004892 -0.001962 0.999986 0.003334 -0.000287 0.999994 
0.000291 0.000199 1.000000 0.001922 -0.002798 0.999994 -0.000599 0.001604 0.999999 0.001314 -0.000205 0.999999 -0.004455 -0.001787 0.999988 0.003082 -0.000265 0.999995 
0.000163 0.000111 1.000000 0.001976 -0.002876 0.999994 -0.000015 0.000040 1.000000 0.000753 -0.000117 1.000000 -0.006514 -0.002613 0.999975 0.004833 -0.000413 0.999988 
0.000336 0.000230 1.000000 0.002181 -0.003175 0.999993 -0.000460 0.001232 0.999999 0.001355 -0.000211 0.999999 -0.006022 -0.002416 0.999979 0.004481 -0.000384 0.999990 
0.000404 0.000277 1.000000 0.002235 -0.003254 0.999992 -0.000425 0.001137 0.999999 0.001419 -0.000221 0.999999 -0.005469 -0.002194 0.999983 0.004153 -0.000356 0.999991 
0.000462 0.000316 1.000000 0.002284 -0.003325 0.999992 -0.000393 0.001051 0.999999 0.001473 -0.000229 0.999999 -0.004972 -0.001995 0.999986 0.003852 -0.000330 0.999993 
0.000440 0.000301 1.000000 0.002324 -0.003384 0.999992 -0.000113 0.000302 1.000000 0.001324 -0.000206 0.999999 -0.005252 -0.002107 0.999984 0.004256 -0.000364 0.999991 
0.000505 0.000345 1.000000 0.002333 -0.003398 0.999992 -0.000111 0.000298 1.000000 0.001537 -0.000239 0.999999 -0.004535 -0.001819 0.999988 0.003959 -0.000339 0.999992 
0.000562 0.000384 1.000000 0.002336 -0.003403 0.999991 -0.000108 0.000289 1.000000 0.001554 -0.000242 0.999999 -0.004127 -0.001655 0.999990 0.003688 -0.000316 0.999993 
0.000716 0.000490 1.000000 0.002476 -0.003608 0.999990 0.000011 -0.000030 1.000000 0.001514 -0.000235 0.999999 -0.003794 -0.001522 0.999992 0.003548 -0.000304 0.999994 
0.000720 0.000492 1.000000 0.002447 -0.003565 0.999991 0.000107 -0.000286 1.000000 0.001446 -0.000225 0.999999 -0.003603 -0.001445 0.999992 0.003471 -0.000298 0.999994 
0.000753 0.000515 1.000000 0.002405 -0.003504 0.999991 0.000082 -0.000218 1.000000 0.001466 -0.000228 0.999999 -0.003264 -0.001309 0.999994 0.003239 -0.000278 0.999995 
0.000782 0.000535 1.000000 0.002365 -0.003446 0.999991 0.000057 -0.000154 1.000000 0.001484 -0.000231 0.999999 -0.002957 -0.001186 0.999995 0.003027 -0.000260 0.999995 
0.000781 0.000534 1.000000 0.002308 -0.003364 0.999992 0.000035 -0.000094 1.000000 0.001503 -0.000234 0.999999 -0.002688 -0.001078 0.999996 0.002838 -0.000244 0.999996 
0.000750 0.000513 1.000000 0.002385 -0.003474 0.999991 -0.000670 0.001795 0.999998 0.001188 -0.000185 0.999999 -0.005331 -0.002138 0.999984 0.003593 -0.000309 0.999993 
0.000734 0.000502 1.000000 0.002367 -0.003447 0.999991 -0.000487 0.001305 0.999999 0.001252 -0.000195 0.999999 -0.005044 -0.002023 0.999985 0.003692 -0.000317 0.999993 
0.000715 0.000489 1.000000 0.002315 -0.003373 0.999992 -0.000451 0.001209 0.999999 0.001400 -0.000218 0.999999 -0.004455 -0.001787 0.999988 0.003449 -0.000296 0.999994 
0.000695 0.000475 1.000000 0.002281 -0.003323 0.999992 -0.000421 0.001128 0.999999 0.001513 -0.000236 0.999999 -0.003966 -0.001591 0.999991 0.003224 -0.000277 0.999995 
0.000733 0.000501 1.000000 0.002318 -0.003378 0.999992 -0.000393 0.001052 0.999999 0.001577 -0.000246 0.999999 -0.003586 -0.001438 0.999993 0.003020 -0.000260 0.999995 
0.000767 0.000524 1.000000 0.002362 -0.003442 0.999991 -0.000367 0.000983 0.999999 0.001619 -0.000252 0.999999 -0.003273 -0.001313 0.999994 0.002834 -0.000244 0.999996 
0.000908 0.000621 0.999999 0.002519 -0.003672 0.999990 -0.000206 0.000552 1.000000 0.001551 -0.000242 0.999999 -0.003302 -0.001324 0.999994 0.003003 -0.000258 0.999995 
0.000797 0.000545 1.000000 0.002541 -0.003703 0.999990 -0.001186 0.003179 0.999994 0.001387 -0.000217 0.999999 -0.006316 -0.002531 0.999977 0.003832 -0.000331 0.999993 
0.000787 0.000538 1.000000 0.002526 -0.003680 0.999990 -0.001082 0.002899 0.999995 0.001692 -0.000264 0.999999 -0.005420 -0.002172 0.999983 0.003594 -0.000310 0.999993 
0.000804 0.000550 1.000000 0.002564 -0.003737 0.999990 -0.000727 0.001948 0.999998 0.001633 -0.000255 0.999999 -0.004901 -0.001964 0.999986 0.003573 -0.000308 0.999994 
0.000834 0.000570 0.999999 0.002613 -0.003809 0.999989 -0.000687 0.001842 0.999998 0.001792 -0.000280 0.999998 -0.004544 -0.001821 0.999988 0.003502 -0.000302 0.999994 
0.000856 0.000585 0.999999 0.002678 -0.003904 0.999989 -0.000630 0.001689 0.999998 0.001851 -0.000289 0.999998 -0.004136 -0.001658 0.999990 0.003270 -0.000282 0.999995 
0.000833 0.000569 0.999999 0.002799 -0.004081 0.999988 -0.000771 0.002067 0.999998 0.002039 -0.000319 0.999998 -0.003785 -0.001517 0.999992 0.002865 -0.000248 0.999996 
