0.000950 -0.002359 0.999997 -0.000665 -0.000271 1.000000 -0.000652 -0.000261 1.000000 0.000996 -0.002322 0.999997 
0.000762 -0.001893 0.999998 -0.000374 -0.000152 1.000000 -0.000363 -0.000146 1.000000 0.000801 -0.001867 0.999998 
0.000248 -0.000615 1.000000 0.000371 0.000151 1.000000 0.000376 0.000151 1.000000 0.000265 -0.000618 1.000000 
-0.000542 0.001346 0.999999 -0.003412 -0.001392 0.999993 -0.003429 -0.001375 0.999993 -0.000605 0.001409 0.999999 
0.000000 -0.000001 1.000000 0.001038 0.000423 0.999999 0.001041 0.000417 0.999999 0.000010 -0.000024 1.000000 
0.000437 -0.001086 0.999999 0.000000 0.000000 1.000000 0.000007 0.000003 1.000000 0.000461 -0.001076 0.999999 
0.000517 -0.001286 0.999999 0.001862 0.000758 0.999998 0.001874 0.000750 0.999998 0.000563 -0.001315 0.999999 
0.000965 -0.002401 0.999997 0.000407 0.000166 1.000000 0.000423 0.000169 1.000000 0.001022 -0.002387 0.999997 
0.001690 -0.004196 0.999990 -0.001167 -0.000476 0.999999 -0.001144 -0.000458 0.999999 0.001771 -0.004131 0.999990 
0.001861 -0.004623 0.999988 -0.000260 -0.000106 1.000000 -0.000232 -0.000093 1.000000 0.001961 -0.004574 0.999988 
0.001849 -0.004594 0.999988 -0.000186 -0.000076 1.000000 -0.000158 -0.000063 1.000000 0.001949 -0.004547 0.999988 
0.002803 -0.006962 0.999972 -0.000111 -0.000045 1.000000 -0.000069 -0.000027 1.000000 0.002956 -0.006894 0.999972 
0.003945 -0.009800 0.999944 -0.000060 -0.000025 1.000000 -0.000000 -0.000000 1.000000 0.004162 -0.009707 0.999944 
0.003282 -0.008194 0.999961 0.000005 0.000002 1.000000 0.000056 0.000022 1.000000 0.003463 -0.008118 0.999961 
0.002114 -0.005280 0.999984 0.000006 0.000002 1.000000 0.000038 0.000015 1.000000 0.002231 -0.005231 0.999984 
0.002577 -0.006452 0.999976 0.002102 0.000850 0.999997 0.002146 0.000853 0.999997 0.002739 -0.006439 0.999976 
0.002739 -0.006853 0.999973 0.001161 0.000470 0.999999 0.001206 0.000479 0.999999 0.002901 -0.006815 0.999973 
0.004720 -0.011810 0.999919 0.001051 0.000425 0.999999 0.001125 0.000447 0.999999 0.004991 -0.011724 0.999919 
0.004390 -0.011271 0.999927 -0.000283 -0.000112 1.000000 -0.000215 -0.000083 1.000000 0.004637 -0.011162 0.999927 
0.002887 -0.006883 0.999972 -0.000016 -0.000007 1.000000 0.000026 0.000011 1.000000 0.003039 -0.006815 0.999972 
0.002597 -0.006260 0.999977 -0.000018 -0.000008 1.000000 0.000020 0.000008 1.000000 0.002736 -0.006199 0.999977 
0.002399 -0.005814 0.999980 0.000110 0.000046 1.000000 0.000146 0.000060 1.000000 0.002529 -0.005761 0.999980 
0.002265 -0.005489 0.999982 0.000069 0.000029 1.000000 0.000102 0.000042 1.000000 0.002387 -0.005438 0.999982 
0.003927 -0.009320 0.999949 0.000051 0.000022 1.000000 0.000109 0.000046 1.000000 0.004133 -0.009230 0.999949 
0.005621 -0.013119 0.999898 0.000078 0.000034 1.000000 0.000159 0.000068 1.000000 0.005912 -0.012990 0.999898 
0.007430 -0.017326 0.999822 0.000053 0.000023 1.000000 0.000160 0.000068 1.000000 0.007814 -0.017154 0.999822 
0.009279 -0.021630 0.999723 0.000014 0.000006 1.000000 0.000146 0.000062 1.000000 0.009757 -0.021415 0.999723 
0.009911 -0.023256 0.999680 0.000012 0.000005 1.000000 0.000155 0.000066 1.000000 0.010426 -0.023026 0.999680 
0.007932 -0.016746 0.999828 0.001647 0.000789 0.999998 0.001755 0.000827 0.999998 0.008321 -0.016599 0.999828 
0.003842 -0.007460 0.999965 0.000168 0.000087 1.000000 0.000214 0.000110 1.000000 0.004008 -0.007375 0.999965 
0.001138 -0.002206 0.999997 0.000375 0.000195 1.000000 0.000389 0.000200 1.000000 0.001192 -0.002188 0.999997 
0.002627 -0.005091 0.999984 0.000309 0.000161 1.000000 0.000341 0.000175 1.000000 0.002743 -0.005037 0.999984 
0.000877 -0.001764 0.999998 -0.000062 -0.000031 1.000000 -0.000051 -0.000025 1.000000 0.000916 -0.001742 0.999998 
0.001407 -0.002938 0.999995 -0.006080 -0.002944 0.999977 -0.006080 -0.002898 0.999977 0.001404 -0.002771 0.999995 
0.004263 -0.009162 0.999949 -0.007887 -0.003711 0.999962 -0.007853 -0.003637 0.999963 0.004380 -0.008889 0.999951 
0.048420 0.015982 0.998699 0.000147 0.000070 1.000000 0.009525 -0.018946 0.999775 0.002940 0.006325 0.999976 -0.006428 0.019523 0.999789 0.009617 0.019788 0.999758 
0.001127 0.000370 0.999999 -0.000845 -0.000398 1.000000 0.015535 -0.031002 0.999399 0.000694 0.001499 0.999999 -0.002509 0.007689 0.999967 -0.005808 -0.011979 0.999911 
-0.000041 -0.000013 1.000000 -0.010738 -0.005108 0.999929 0.016791 -0.033177 0.999308 -0.002525 -0.005348 0.999983 -0.000986 0.003048 0.999995 -0.006644 -0.013389 0.999888 
-0.002971 -0.000970 0.999995 -0.033882 -0.016862 0.999284 0.011945 -0.022567 0.999674 -0.009208 -0.018417 0.999788 -0.000412 0.001269 0.999999 -0.005736 -0.010755 0.999926 
-0.002404 -0.000788 0.999997 -0.060691 -0.031421 0.997662 0.006999 -0.012726 0.999895 -0.017551 -0.032927 0.999304 -0.000192 0.000589 1.000000 -0.003850 -0.006669 0.999970 
-0.001638 -0.000539 0.999999 -0.075999 -0.040511 0.996285 0.006401 -0.011311 0.999916 -0.022510 -0.041154 0.998899 -0.000059 0.000182 1.000000 -0.003543 -0.005920 0.999976 
-0.001996 -0.000662 0.999998 -0.078823 -0.042771 0.995971 0.007241 -0.012570 0.999895 -0.023631 -0.043086 0.998792 0.000659 -0.002000 0.999998 -0.003755 -0.006227 0.999974 
-0.001095 -0.000366 0.999999 -0.077755 -0.042673 0.996059 0.007735 -0.013278 0.999882 -0.023503 -0.042949 0.998801 0.000739 -0.002226 0.999997 -0.003786 -0.006278 0.999973 
-0.000983 -0.000329 0.999999 -0.076762 -0.042286 0.996152 0.007757 -0.013269 0.999882 -0.023139 -0.042325 0.998836 0.000684 -0.002055 0.999998 -0.003705 -0.006146 0.999974 
-0.000792 -0.000265 1.000000 -0.074641 -0.041068 0.996364 0.006895 -0.011813 0.999906 -0.022532 -0.041170 0.998898 0.000499 -0.001498 0.999999 -0.003422 -0.005672 0.999978 
0.000280 0.000094 1.000000 -0.072104 -0.039576 0.996612 0.005468 -0.009397 0.999941 -0.021907 -0.039952 0.998961 0.000454 -0.001363 0.999999 -0.002656 -0.004399 0.999987 
-0.000810 -0.000272 1.000000 -0.068702 -0.037449 0.996934 0.003627 -0.006280 0.999974 -0.020647 -0.037544 0.999082 -0.000037 0.000111 1.000000 -0.002251 -0.003724 0.999991 
-0.000463 -0.000155 1.000000 -0.064184 -0.034660 0.997336 0.001502 -0.002626 0.999995 -0.019282 -0.034934 0.999204 -0.000836 0.002512 0.999996 -0.001723 -0.002849 0.999994 
-0.000428 -0.000143 1.000000 -0.058358 -0.031184 0.997809 -0.000339 0.000599 1.000000 -0.017738 -0.031999 0.999330 -0.000767 0.002303 0.999997 -0.001082 -0.001786 0.999998 
-0.000393 -0.000132 1.000000 -0.051032 -0.026920 0.998334 -0.001551 0.002777 0.999995 -0.015691 -0.028193 0.999479 -0.000789 0.002370 0.999997 -0.000676 -0.001116 0.999999 
-0.000336 -0.000112 1.000000 -0.041071 -0.021329 0.998929 -0.001314 0.002388 0.999996 -0.012137 -0.021699 0.999691 -0.001741 0.005272 0.999985 -0.000594 -0.000979 0.999999 
-0.000257 -0.000083 1.000000 -0.028077 -0.014193 0.999505 -0.000777 0.001449 0.999999 -0.007437 -0.013175 0.999886 -0.002908 0.009017 0.999955 -0.000537 -0.000880 0.999999 
0.000489 0.000153 1.000000 -0.012511 -0.006111 0.999903 -0.000381 0.000735 1.000000 -0.001963 -0.003435 0.999992 -0.003965 0.012743 0.999911 -0.000277 -0.000451 1.000000 
0.005113 0.001521 0.999986 0.000479 0.000226 1.000000 -0.000030 0.000060 1.000000 0.002818 0.004852 0.999984 -0.004811 0.016274 0.999856 0.001340 0.002146 0.999997 
0.010350 0.003048 0.999942 0.000442 0.000209 1.000000 -0.000028 0.000056 1.000000 0.003276 0.005633 0.999979 -0.005435 0.018561 0.999813 0.003173 0.005068 0.999982 
0.013167 0.003903 0.999906 0.000413 0.000195 1.000000 -0.000035 0.000070 1.000000 0.003385 0.005823 0.999977 -0.005592 0.018966 0.999804 0.004176 0.006677 0.999969 
0.016602 0.004970 0.999850 0.000399 0.000188 1.000000 -0.000050 0.000100 1.000000 0.003141 0.005400 0.999980 -0.005180 0.017394 0.999835 0.005406 0.008646 0.999948 
0.020947 0.006329 0.999761 0.000390 0.000184 1.000000 -0.000039 0.000078 1.000000 0.002716 0.004666 0.999985 -0.004446 0.014791 0.999881 0.006953 0.011121 0.999914 
0.024412 0.007398 0.999675 0.000390 0.000184 1.000000 -0.000022 0.000045 1.000000 0.002248 0.003863 0.999990 -0.003642 0.012082 0.999920 0.008165 0.013071 0.999881 
0.026596 0.008098 0.999613 0.000201 0.000095 1.000000 0.000004 -0.000007 1.000000 0.001541 0.002649 0.999995 -0.002540 0.008386 0.999962 0.008935 0.014323 0.999858 
0.027876 0.008523 0.999575 0.003038 0.001436 0.999994 0.001075 -0.002140 0.999997 0.001743 0.003001 0.999994 -0.001292 0.004250 0.999990 0.008985 0.014433 0.999855 
0.027853 0.008555 0.999575 0.002286 0.001080 0.999997 0.001735 -0.003454 0.999993 0.001181 0.002035 0.999997 -0.000192 0.000630 1.000000 0.009068 0.014582 0.999853 
0.024933 0.007677 0.999660 0.001179 0.000557 0.999999 0.003196 -0.006358 0.999975 0.000979 0.001686 0.999998 0.000072 -0.000235 1.000000 0.007753 0.012468 0.999892 
0.021716 0.006698 0.999742 0.001098 0.000519 0.999999 0.004708 -0.009366 0.999945 0.000819 0.001412 0.999999 0.000417 -0.001361 0.999999 0.006054 0.009736 0.999934 
0.017828 0.005503 0.999826 0.001021 0.000483 0.999999 0.006280 -0.012494 0.999902 0.000680 0.001171 0.999999 0.000667 -0.002173 0.999997 0.004054 0.006519 0.999971 
0.013706 0.004228 0.999897 0.000943 0.000446 0.999999 0.007572 -0.015065 0.999858 0.000609 0.001049 0.999999 0.000554 -0.001807 0.999998 0.001927 0.003098 0.999993 
0.009722 0.002992 0.999948 0.000866 0.000409 1.000000 0.008574 -0.017057 0.999818 0.000544 0.000937 0.999999 0.000447 -0.001461 0.999999 -0.000009 -0.000015 1.000000 
0.005971 0.001833 0.999980 0.000788 0.000373 1.000000 0.009220 -0.018342 0.999789 0.000484 0.000833 1.000000 0.000351 -0.001151 0.999999 -0.001692 -0.002717 0.999995 
0.002505 0.000767 0.999997 0.000708 0.000335 1.000000 0.009431 -0.018763 0.999779 0.000428 0.000737 1.000000 0.000259 -0.000850 1.000000 -0.003070 -0.004929 0.999983 
0.000130 0.000040 1.000000 0.000624 0.000295 1.000000 0.009165 -0.018233 0.999792 0.000389 0.000669 1.000000 0.000113 -0.000373 1.000000 -0.003877 -0.006222 0.999973 
0.000092 0.000028 1.000000 0.000496 0.000235 1.000000 0.008498 -0.016907 0.999821 0.000354 0.000610 1.000000 0.000069 -0.000226 1.000000 -0.003608 -0.005790 0.999977 
0.000958 0.000293 0.999999 0.000343 0.000162 1.000000 0.007753 -0.015429 0.999851 0.000238 0.000410 1.000000 -0.000199 0.000657 1.000000 -0.003244 -0.005207 0.999981 
0.001063 0.000324 0.999999 -0.000052 -0.000025 1.000000 0.006623 -0.013176 0.999891 0.000074 0.000128 1.000000 -0.000062 0.000203 1.000000 -0.002637 -0.004231 0.999988 
0.002533 0.000772 0.999996 -0.000041 -0.000019 1.000000 0.005285 -0.010511 0.999931 -0.000420 -0.000723 1.000000 0.000151 -0.000498 1.000000 -0.001949 -0.003124 0.999993 
0.003294 0.001002 0.999994 -0.000023 -0.000011 1.000000 0.003898 -0.007752 0.999962 -0.000530 -0.000911 0.999999 -0.000286 0.000948 1.000000 -0.001501 -0.002405 0.999996 
0.002212 0.000673 0.999997 0.000009 0.000004 1.000000 0.002667 -0.005302 0.999982 -0.000318 -0.000547 1.000000 -0.000423 0.001400 0.999999 -0.001162 -0.001863 0.999998 
0.004089 0.001242 0.999991 -0.000367 -0.000174 1.000000 0.001751 -0.003481 0.999992 -0.000612 -0.001053 0.999999 -0.000929 0.003080 0.999995 -0.000678 -0.001087 0.999999 
0.003723 0.001130 0.999992 -0.000380 -0.000180 1.000000 0.000890 -0.001770 0.999998 -0.000494 -0.000850 1.000000 -0.001069 0.003543 0.999993 -0.000363 -0.000582 1.000000 
0.003407 0.001035 0.999994 -0.001367 -0.000647 0.999999 0.000203 -0.000404 1.000000 -0.000356 -0.000611 1.000000 -0.001300 0.004308 0.999990 0.000197 0.000315 1.000000 
0.004404 0.001335 0.999989 -0.000296 -0.000140 1.000000 0.000049 -0.000097 1.000000 -0.000180 -0.000309 1.000000 -0.001592 0.005286 0.999985 0.000214 0.000343 1.000000 
0.004050 0.001227 0.999991 0.000440 0.000208 1.000000 0.000339 -0.000674 1.000000 0.000299 0.000514 1.000000 -0.001893 0.006287 0.999978 0.000036 0.000057 1.000000 
0.003599 0.001090 0.999993 0.001838 0.000869 0.999998 0.000572 -0.001137 0.999999 0.000846 0.001456 0.999999 -0.002075 0.006892 0.999974 -0.000220 -0.000353 1.000000 
0.003283 0.000995 0.999994 0.001639 0.000775 0.999998 0.000513 -0.001020 0.999999 0.000876 0.001507 0.999998 -0.002067 0.006867 0.999974 -0.000188 -0.000301 1.000000 
0.003011 0.000912 0.999995 0.001460 0.000690 0.999999 0.000480 -0.000955 0.999999 0.000874 0.001505 0.999998 -0.002019 0.006706 0.999975 -0.000167 -0.000268 1.000000 
0.002655 0.000804 0.999996 -0.000546 -0.000258 1.000000 -0.000128 0.000254 1.000000 0.000521 0.000896 0.999999 -0.001945 0.006461 0.999977 0.000354 0.000567 1.000000 
0.002453 0.000743 0.999997 -0.000521 -0.000246 1.000000 -0.000078 0.000155 1.000000 0.000536 0.000922 0.999999 -0.001882 0.006251 0.999979 0.000318 0.000509 1.000000 
0.002288 0.000693 0.999997 0.000474 0.000224 1.000000 -0.000233 0.000464 1.000000 0.000723 0.001243 0.999999 -0.001821 0.006047 0.999980 0.000237 0.000380 1.000000 
0.002033 0.000616 0.999998 -0.000204 -0.000097 1.000000 0.000149 -0.000297 1.000000 0.000690 0.001188 0.999999 -0.001745 0.005795 0.999982 0.000236 0.000378 1.000000 
0.001902 0.000576 0.999998 -0.000195 -0.000092 1.000000 0.000127 -0.000252 1.000000 0.000688 0.001184 0.999999 -0.001706 0.005666 0.999982 0.000224 0.000359 1.000000 
0.003298 0.000998 0.999994 -0.000704 -0.000333 1.000000 -0.000174 0.000346 1.000000 0.000377 0.000649 1.000000 -0.001867 0.006209 0.999979 0.000538 0.000862 0.999999 
0.002848 0.000862 0.999996 -0.001758 -0.000831 0.999998 0.000138 -0.000275 1.000000 0.000342 0.000589 1.000000 -0.001743 0.005797 0.999982 0.000669 0.001072 0.999999 
0.002392 0.000724 0.999997 -0.000507 -0.000239 1.000000 0.000653 -0.001300 0.999999 0.000725 0.001247 0.999999 -0.001737 0.005776 0.999982 0.000278 0.000445 1.000000 
0.002208 0.000668 0.999997 -0.000722 -0.000341 1.000000 0.001724 -0.003434 0.999993 0.000995 0.001713 0.999998 -0.001643 0.005464 0.999984 0.000182 0.000292 1.000000 
0.001945 0.000589 0.999998 0.000036 0.000017 1.000000 0.001899 -0.003784 0.999991 0.001143 0.001969 0.999997 -0.001548 0.005146 0.999986 -0.000018 -0.000029 1.000000 
0.001803 0.000546 0.999998 0.000555 0.000262 1.000000 0.002013 -0.004012 0.999990 0.001219 0.002101 0.999997 -0.001447 0.004811 0.999987 -0.000143 -0.000229 1.000000 
0.001665 0.000504 0.999998 -0.000011 -0.000005 1.000000 0.002138 -0.004262 0.999989 0.001114 0.001919 0.999998 -0.001348 0.004483 0.999989 -0.000096 -0.000154 1.000000 
0.001551 0.000469 0.999999 0.000003 0.000002 1.000000 0.001974 -0.003935 0.999990 0.001042 0.001795 0.999998 -0.001276 0.004244 0.999990 -0.000096 -0.000154 1.000000 
0.001448 0.000438 0.999999 -0.000004 -0.000002 1.000000 0.001814 -0.003616 0.999992 0.000974 0.001679 0.999998 -0.001217 0.004046 0.999991 -0.000090 -0.000144 1.000000 
0.001365 0.000413 0.999999 0.000033 0.000016 1.000000 0.001639 -0.003268 0.999993 0.000915 0.001577 0.999998 -0.001169 0.003886 0.999992 -0.000085 -0.000136 1.000000 
0.001290 0.000390 0.999999 0.000008 0.000004 1.000000 0.001534 -0.003059 0.999994 0.000876 0.001510 0.999998 -0.001147 0.003815 0.999992 -0.000083 -0.000134 1.000000 
0.001259 0.000381 0.999999 -0.000006 -0.000003 1.000000 0.001428 -0.002848 0.999995 0.000853 0.001470 0.999999 -0.001148 0.003816 0.999992 -0.000067 -0.000107 1.000000 
0.001225 0.000371 0.999999 -0.000135 -0.000064 1.000000 0.001395 -0.002783 0.999995 0.000835 0.001439 0.999999 -0.001150 0.003825 0.999992 -0.000040 -0.000065 1.000000 
0.001196 0.000362 0.999999 -0.000142 -0.000067 1.000000 0.001307 -0.002607 0.999996 0.000823 0.001418 0.999999 -0.001161 0.003860 0.999992 -0.000028 -0.000045 1.000000 
0.001171 0.000354 0.999999 -0.000144 -0.000068 1.000000 0.001219 -0.002432 0.999996 0.000814 0.001403 0.999999 -0.001176 0.003910 0.999992 -0.000016 -0.000026 1.000000 
0.001138 0.000345 0.999999 -0.000149 -0.000070 1.000000 0.001144 -0.002282 0.999997 0.000810 0.001397 0.999999 -0.001195 0.003975 0.999991 -0.000010 -0.000016 1.000000 
0.001107 0.000335 0.999999 -0.000153 -0.000072 1.000000 0.001076 -0.002147 0.999997 0.000811 0.001398 0.999999 -0.001218 0.004050 0.999991 -0.000004 -0.000006 1.000000 
0.001064 0.000322 0.999999 -0.000180 -0.000085 1.000000 0.001028 -0.002051 0.999997 0.000811 0.001397 0.999999 -0.001237 0.004113 0.999991 -0.000000 -0.000000 1.000000 
0.000862 0.000261 1.000000 -0.000020 -0.000010 1.000000 0.001692 -0.003378 0.999993 0.001099 0.001895 0.999998 -0.001169 0.003887 0.999992 -0.000046 -0.000074 1.000000 
0.000823 0.000249 1.000000 -0.000193 -0.000091 1.000000 0.001652 -0.003297 0.999993 0.001056 0.001821 0.999998 -0.001170 0.003890 0.999992 -0.000030 -0.000048 1.000000 
0.000806 0.000244 1.000000 -0.000190 -0.000089 1.000000 0.001526 -0.003045 0.999994 0.001020 0.001758 0.999998 -0.001174 0.003903 0.999992 -0.000024 -0.000039 1.000000 
0.000789 0.000239 1.000000 -0.000185 -0.000087 1.000000 0.001411 -0.002817 0.999995 0.000986 0.001700 0.999998 -0.001178 0.003917 0.999992 -0.000021 -0.000034 1.000000 
0.000771 0.000233 1.000000 -0.000182 -0.000086 1.000000 0.001314 -0.002623 0.999996 0.000958 0.001651 0.999998 -0.001184 0.003937 0.999992 -0.000021 -0.000034 1.000000 
0.000755 0.000228 1.000000 -0.000176 -0.000083 1.000000 0.001219 -0.002434 0.999996 0.000936 0.001614 0.999998 -0.001193 0.003969 0.999991 -0.000016 -0.000027 1.000000 
0.000735 0.000223 1.000000 -0.000171 -0.000080 1.000000 0.001133 -0.002261 0.999997 0.000920 0.001586 0.999998 -0.001208 0.004016 0.999991 -0.000014 -0.000023 1.000000 
0.000710 0.000215 1.000000 -0.000169 -0.000080 1.000000 0.001057 -0.002110 0.999997 0.000910 0.001569 0.999998 -0.001226 0.004078 0.999991 -0.000013 -0.000022 1.000000 
0.002355 0.000711 0.999997 -0.001545 -0.000728 0.999999 0.001240 -0.002476 0.999996 0.000449 0.000774 1.000000 -0.001660 0.005533 0.999983 0.000097 0.000156 1.000000 
0.002314 0.000699 0.999997 -0.000578 -0.000272 1.000000 0.001385 -0.002765 0.999995 0.000699 0.001206 0.999999 -0.001628 0.005425 0.999984 -0.000015 -0.000024 1.000000 
0.002286 0.000690 0.999997 0.000924 0.000435 0.999999 0.001571 -0.003137 0.999994 0.001079 0.001862 0.999998 -0.001609 0.005364 0.999984 -0.000191 -0.000308 1.000000 
0.002119 0.000640 0.999998 0.000813 0.000383 1.000000 0.001472 -0.002939 0.999995 0.001069 0.001845 0.999998 -0.001615 0.005382 0.999984 -0.000178 -0.000286 1.000000 
0.001957 0.000591 0.999998 0.000704 0.000331 1.000000 0.001386 -0.002769 0.999995 0.001072 0.001850 0.999998 -0.001640 0.005465 0.999984 -0.000169 -0.000271 1.000000 
0.001821 0.000550 0.999998 0.000274 0.000129 1.000000 0.001359 -0.002714 0.999995 0.001052 0.001815 0.999998 -0.001671 0.005571 0.999983 -0.000095 -0.000152 1.000000 
0.001739 0.000525 0.999998 -0.000227 -0.000107 1.000000 0.001290 -0.002576 0.999996 0.001052 0.001816 0.999998 -0.001709 0.005695 0.999982 0.000063 0.000101 1.000000 
0.001697 0.000512 0.999998 -0.000220 -0.000104 1.000000 0.001195 -0.002386 0.999996 0.001080 0.001863 0.999998 -0.001762 0.005875 0.999981 0.000083 0.000133 1.000000 
0.001657 0.000500 0.999999 -0.000212 -0.000100 1.000000 0.001105 -0.002206 0.999997 0.001106 0.001909 0.999998 -0.001814 0.006046 0.999980 0.000102 0.000164 1.000000 
0.001555 0.000469 0.999999 -0.000486 -0.000229 1.000000 0.000834 -0.001664 0.999998 0.001054 0.001819 0.999998 -0.001850 0.006167 0.999979 0.000203 0.000327 1.000000 
0.001553 0.000469 0.999999 -0.000446 -0.000210 1.000000 0.000771 -0.001540 0.999999 0.001081 0.001865 0.999998 -0.001889 0.006298 0.999978 0.000220 0.000354 1.000000 
0.001446 0.000436 0.999999 0.000656 0.000309 1.000000 0.001222 -0.002441 0.999996 0.001409 0.002432 0.999996 -0.001895 0.006318 0.999978 -0.000040 -0.000065 1.000000 
0.001331 0.000402 0.999999 0.000565 0.000266 1.000000 0.001146 -0.002290 0.999997 0.001400 0.002418 0.999996 -0.001927 0.006424 0.999978 -0.000045 -0.000072 1.000000 
0.001070 0.000323 0.999999 -0.001025 -0.000482 0.999999 0.000498 -0.000995 0.999999 0.001077 0.001858 0.999998 -0.001905 0.006349 0.999978 0.000374 0.000601 1.000000 
0.001027 0.000310 0.999999 -0.000902 -0.000424 1.000000 0.000423 -0.000845 1.000000 0.001089 0.001878 0.999998 -0.001924 0.006412 0.999978 0.000350 0.000563 1.000000 
0.001045 0.000315 0.999999 -0.000825 -0.000388 1.000000 0.000399 -0.000798 1.000000 0.001105 0.001906 0.999998 -0.001945 0.006485 0.999977 0.000342 0.000551 1.000000 
0.001081 0.000326 0.999999 -0.000755 -0.000355 1.000000 0.000379 -0.000757 1.000000 0.001118 0.001928 0.999998 -0.001960 0.006537 0.999977 0.000343 0.000551 1.000000 
0.001121 0.000338 0.999999 -0.000690 -0.000325 1.000000 0.000361 -0.000721 1.000000 0.001128 0.001946 0.999997 -0.001972 0.006577 0.999976 0.000345 0.000554 1.000000 
0.001038 0.000313 0.999999 -0.000905 -0.000426 0.999999 0.000461 -0.000921 0.999999 0.001128 0.001946 0.999997 -0.001900 0.006336 0.999978 0.000399 0.000642 1.000000 
0.001086 0.000328 0.999999 -0.000827 -0.000389 1.000000 0.000439 -0.000878 1.000000 0.001133 0.001955 0.999997 -0.001911 0.006374 0.999978 0.000396 0.000637 1.000000 
0.001126 0.000340 0.999999 -0.000756 -0.000356 1.000000 0.000417 -0.000834 1.000000 0.001141 0.001968 0.999997 -0.001925 0.006421 0.999978 0.000393 0.000631 1.000000 
0.001037 0.000313 0.999999 -0.000419 -0.000197 1.000000 -0.000550 0.001102 0.999999 0.001083 0.001867 0.999998 -0.001859 0.006202 0.999979 0.000669 0.001076 0.999999 
0.001076 0.000325 0.999999 -0.000390 -0.000183 1.000000 -0.000483 0.000966 0.999999 0.001060 0.001828 0.999998 -0.001824 0.006084 0.999980 0.000640 0.001029 0.999999 
0.001065 0.000321 0.999999 -0.001138 -0.000535 0.999999 0.000113 -0.000227 1.000000 0.001016 0.001751 0.999998 -0.001746 0.005825 0.999982 0.000633 0.001017 0.999999 
0.001113 0.000336 0.999999 -0.001049 -0.000493 0.999999 0.000153 -0.000307 1.000000 0.000998 0.001720 0.999998 -0.001717 0.005729 0.999982 0.000598 0.000962 0.999999 
0.001189 0.000359 0.999999 -0.000959 -0.000451 0.999999 0.000170 -0.000340 1.000000 0.000993 0.001712 0.999998 -0.001707 0.005696 0.999982 0.000586 0.000942 0.999999 
0.001252 0.000377 0.999999 -0.000875 -0.000411 1.000000 0.000175 -0.000351 1.000000 0.000993 0.001712 0.999998 -0.001706 0.005693 0.999982 0.000575 0.000925 0.999999 
0.001263 0.000381 0.999999 -0.000381 -0.000179 1.000000 0.000221 -0.000443 1.000000 0.001082 0.001866 0.999998 -0.001672 0.005582 0.999983 0.000509 0.000818 1.000000 
0.001272 0.000384 0.999999 -0.000355 -0.000167 1.000000 0.000221 -0.000443 1.000000 0.001072 0.001847 0.999998 -0.001672 0.005581 0.999983 0.000490 0.000788 1.000000 
0.001258 0.000379 0.999999 0.000041 0.000019 1.000000 0.000181 -0.000362 1.000000 0.001129 0.001947 0.999997 -0.001640 0.005476 0.999984 0.000452 0.000727 1.000000 
0.001159 0.000349 0.999999 -0.000296 -0.000139 1.000000 0.000412 -0.000825 1.000000 0.001068 0.001842 0.999998 -0.001569 0.005239 0.999985 0.000413 0.000664 1.000000 
0.001148 0.000346 0.999999 -0.000077 -0.000036 1.000000 0.000411 -0.000823 1.000000 0.001095 0.001888 0.999998 -0.001562 0.005215 0.999985 0.000368 0.000591 1.000000 
0.001124 0.000339 0.999999 -0.000085 -0.000040 1.000000 0.000400 -0.000802 1.000000 0.001079 0.001860 0.999998 -0.001566 0.005226 0.999985 0.000346 0.000556 1.000000 
0.001099 0.000331 0.999999 -0.000092 -0.000043 1.000000 0.000390 -0.000781 1.000000 0.001066 0.001838 0.999998 -0.001571 0.005245 0.999985 0.000326 0.000524 1.000000 
0.001011 0.000305 0.999999 -0.000278 -0.000131 1.000000 0.000313 -0.000628 1.000000 0.000997 0.001719 0.999998 -0.001530 0.005109 0.999986 0.000347 0.000558 1.000000 
0.000976 0.000294 0.999999 -0.000257 -0.000121 1.000000 0.000442 -0.000885 1.000000 0.001002 0.001727 0.999998 -0.001517 0.005064 0.999986 0.000283 0.000455 1.000000 
0.000973 0.000293 0.999999 -0.000455 -0.000214 1.000000 0.000411 -0.000824 1.000000 0.000967 0.001667 0.999998 -0.001522 0.005082 0.999986 0.000323 0.000520 1.000000 
0.000980 0.000295 0.999999 -0.000421 -0.000197 1.000000 0.000390 -0.000782 1.000000 0.000966 0.001666 0.999998 -0.001535 0.005125 0.999986 0.000312 0.000502 1.000000 
0.000873 0.000263 1.000000 -0.000429 -0.000201 1.000000 0.000884 -0.001771 0.999998 0.001189 0.002050 0.999997 -0.001475 0.004925 0.999987 0.000353 0.000569 1.000000 
0.000866 0.000261 1.000000 -0.000398 -0.000187 1.000000 0.000827 -0.001657 0.999998 0.001165 0.002009 0.999997 -0.001488 0.004970 0.999987 0.000329 0.000529 1.000000 
0.000849 0.000256 1.000000 -0.000368 -0.000173 1.000000 0.000772 -0.001547 0.999999 0.001151 0.001984 0.999997 -0.001512 0.005049 0.999986 0.000304 0.000489 1.000000 
0.000824 0.000248 1.000000 -0.000342 -0.000160 1.000000 0.000718 -0.001439 0.999999 0.001142 0.001970 0.999997 -0.001541 0.005147 0.999986 0.000280 0.000450 1.000000 
0.000799 0.000241 1.000000 -0.000317 -0.000149 1.000000 0.000668 -0.001339 0.999999 0.001136 0.001960 0.999997 -0.001571 0.005245 0.999985 0.000257 0.000414 1.000000 
0.000775 0.000233 1.000000 -0.000297 -0.000140 1.000000 0.000625 -0.001253 0.999999 0.001130 0.001948 0.999997 -0.001595 0.005328 0.999985 0.000236 0.000380 1.000000 
0.000754 0.000227 1.000000 -0.000278 -0.000130 1.000000 0.000586 -0.001175 0.999999 0.001124 0.001939 0.999997 -0.001618 0.005403 0.999984 0.000217 0.000349 1.000000 
0.000737 0.000222 1.000000 -0.000259 -0.000122 1.000000 0.000550 -0.001102 0.999999 0.001119 0.001930 0.999998 -0.001638 0.005472 0.999984 0.000201 0.000323 1.000000 
0.000720 0.000217 1.000000 -0.000243 -0.000114 1.000000 0.000518 -0.001038 0.999999 0.001115 0.001922 0.999998 -0.001657 0.005533 0.999983 0.000186 0.000299 1.000000 
0.000666 0.000201 1.000000 0.000190 0.000089 1.000000 0.000482 -0.000966 0.999999 0.001202 0.002073 0.999997 -0.001639 0.005476 0.999984 0.000143 0.000230 1.000000 
0.000514 0.000155 1.000000 -0.000916 -0.000430 0.999999 0.000205 -0.000412 1.000000 0.001013 0.001746 0.999998 -0.001589 0.005309 0.999985 0.000432 0.000694 1.000000 
0.000498 0.000150 1.000000 -0.000840 -0.000394 1.000000 0.000206 -0.000412 1.000000 0.001005 0.001732 0.999998 -0.001592 0.005319 0.999985 0.000387 0.000623 1.000000 
0.000537 0.000162 1.000000 -0.000768 -0.000360 1.000000 0.000203 -0.000406 1.000000 0.000999 0.001723 0.999998 -0.001596 0.005332 0.999985 0.000367 0.000590 1.000000 
0.000577 0.000174 1.000000 -0.000702 -0.000329 1.000000 0.000201 -0.000403 1.000000 0.000994 0.001713 0.999998 -0.001598 0.005340 0.999984 0.000349 0.000562 1.000000 
0.000577 0.000174 1.000000 -0.001072 -0.000503 0.999999 0.000281 -0.000563 1.000000 0.000943 0.001626 0.999998 -0.001585 0.005295 0.999985 0.000396 0.000637 1.000000 
0.000624 0.000188 1.000000 -0.000253 -0.000119 1.000000 0.000567 -0.001137 0.999999 0.001150 0.001983 0.999997 -0.001579 0.005276 0.999985 0.000230 0.000370 1.000000 
0.000627 0.000189 1.000000 -0.000238 -0.000112 1.000000 0.000540 -0.001083 0.999999 0.001128 0.001946 0.999997 -0.001578 0.005275 0.999985 0.000214 0.000344 1.000000 
0.000618 0.000186 1.000000 -0.000227 -0.000107 1.000000 0.000519 -0.001040 0.999999 0.001112 0.001918 0.999998 -0.001583 0.005292 0.999985 0.000193 0.000311 1.000000 
0.000610 0.000184 1.000000 -0.000215 -0.000101 1.000000 0.000494 -0.000991 0.999999 0.001100 0.001897 0.999998 -0.001593 0.005324 0.999985 0.000177 0.000284 1.000000 
0.000531 0.000160 1.000000 0.000022 0.000010 1.000000 0.000681 -0.001365 0.999999 0.001183 0.002041 0.999997 -0.001573 0.005257 0.999985 0.000090 0.000145 1.000000 
0.000489 0.000147 1.000000 -0.000006 -0.000003 1.000000 0.000656 -0.001317 0.999999 0.001158 0.001998 0.999997 -0.001574 0.005261 0.999985 0.000067 0.000108 1.000000 
0.000404 0.000122 1.000000 -0.001355 -0.000635 0.999999 0.000903 -0.001810 0.999998 0.001033 0.001782 0.999998 -0.001563 0.005224 0.999985 0.000270 0.000435 1.000000 
0.000402 0.000121 1.000000 -0.001234 -0.000579 0.999999 0.000837 -0.001678 0.999998 0.001030 0.001777 0.999998 -0.001576 0.005267 0.999985 0.000244 0.000393 1.000000 
0.000454 0.000137 1.000000 -0.001127 -0.000529 0.999999 0.000779 -0.001563 0.999998 0.001032 0.001780 0.999998 -0.001598 0.005340 0.999984 0.000236 0.000380 1.000000 
0.000590 0.000178 1.000000 -0.001020 -0.000478 0.999999 0.000702 -0.001409 0.999999 0.001034 0.001783 0.999998 -0.001621 0.005417 0.999984 0.000265 0.000426 1.000000 
0.000778 0.000234 1.000000 -0.000930 -0.000436 0.999999 0.000654 -0.001312 0.999999 0.001039 0.001792 0.999998 -0.001642 0.005490 0.999984 0.000309 0.000497 1.000000 
0.000894 0.000269 1.000000 -0.000680 -0.000319 1.000000 0.000656 -0.001315 0.999999 0.001082 0.001867 0.999998 -0.001656 0.005536 0.999983 0.000298 0.000480 1.000000 
0.000797 0.000240 1.000000 -0.000017 -0.000008 1.000000 0.000787 -0.001580 0.999998 0.001225 0.002114 0.999997 -0.001579 0.005279 0.999985 0.000189 0.000304 1.000000 
0.000751 0.000226 1.000000 -0.000200 -0.000094 1.000000 0.000792 -0.001590 0.999998 0.001178 0.002032 0.999997 -0.001564 0.005232 0.999985 0.000192 0.000309 1.000000 
0.000768 0.000231 1.000000 -0.000327 -0.000153 1.000000 0.000815 -0.001635 0.999998 0.001147 0.001979 0.999997 -0.001558 0.005212 0.999985 0.000201 0.000323 1.000000 
0.000839 0.000252 1.000000 -0.000304 -0.000142 1.000000 0.000757 -0.001519 0.999999 0.001124 0.001939 0.999997 -0.001558 0.005211 0.999985 0.000217 0.000349 1.000000 
0.000920 0.000277 1.000000 -0.000285 -0.000134 1.000000 0.000708 -0.001421 0.999999 0.001105 0.001906 0.999998 -0.001560 0.005219 0.999985 0.000236 0.000380 1.000000 
0.000997 0.000300 0.999999 -0.000266 -0.000125 1.000000 0.000660 -0.001325 0.999999 0.001089 0.001880 0.999998 -0.001566 0.005239 0.999985 0.000255 0.000411 1.000000 
0.001053 0.000317 0.999999 -0.000241 -0.000113 1.000000 0.000599 -0.001203 0.999999 0.001076 0.001857 0.999998 -0.001576 0.005272 0.999985 0.000272 0.000437 1.000000 
0.001109 0.000334 0.999999 0.000031 0.000014 1.000000 0.000513 -0.001031 0.999999 0.001115 0.001924 0.999998 -0.001586 0.005305 0.999985 0.000271 0.000436 1.000000 
0.001048 0.000315 0.999999 -0.000804 -0.000377 1.000000 0.000101 -0.000204 1.000000 0.001033 0.001782 0.999998 -0.001584 0.005298 0.999985 0.000647 0.001042 0.999999 
0.001048 0.000315 0.999999 -0.000738 -0.000346 1.000000 0.000108 -0.000217 1.000000 0.001019 0.001757 0.999998 -0.001579 0.005282 0.999985 0.000607 0.000976 0.999999 
0.001149 0.000346 0.999999 -0.000674 -0.000316 1.000000 0.000116 -0.000232 1.000000 0.001007 0.001737 0.999998 -0.001574 0.005268 0.999985 0.000604 0.000972 0.999999 
0.001265 0.000381 0.999999 -0.000616 -0.000289 1.000000 0.000122 -0.000246 1.000000 0.000997 0.001719 0.999998 -0.001570 0.005254 0.999985 0.000610 0.000982 0.999999 
0.001371 0.000412 0.999999 -0.000563 -0.000264 1.000000 0.000128 -0.000257 1.000000 0.000987 0.001702 0.999998 -0.001567 0.005243 0.999985 0.000616 0.000991 0.999999 
0.001455 0.000437 0.999999 -0.000510 -0.000239 1.000000 0.000116 -0.000232 1.000000 0.000975 0.001681 0.999998 -0.001561 0.005225 0.999985 0.000621 0.000999 0.999999 
0.001519 0.000457 0.999999 -0.000574 -0.000269 1.000000 0.000191 -0.000383 1.000000 0.000963 0.001661 0.999998 -0.001551 0.005191 0.999985 0.000624 0.001004 0.999999 
0.001558 0.000469 0.999999 -0.001084 -0.000508 0.999999 -0.000073 0.000146 1.000000 0.000970 0.001673 0.999998 -0.001537 0.005144 0.999986 0.000963 0.001548 0.999998 
0.001581 0.000475 0.999999 -0.000642 -0.000301 1.000000 0.000016 -0.000033 1.000000 0.001035 0.001784 0.999998 -0.001509 0.005052 0.999986 0.000865 0.001391 0.999999 
0.001645 0.000495 0.999999 -0.000465 -0.000218 1.000000 0.000039 -0.000079 1.000000 0.001038 0.001789 0.999998 -0.001491 0.004993 0.999986 0.000829 0.001333 0.999999 
0.001698 0.000510 0.999998 -0.000404 -0.000189 1.000000 0.000062 -0.000125 1.000000 0.001021 0.001760 0.999998 -0.001481 0.004958 0.999987 0.000802 0.001290 0.999999 
0.001764 0.000530 0.999998 -0.000358 -0.000168 1.000000 0.000085 -0.000171 1.000000 0.001004 0.001732 0.999998 -0.001472 0.004928 0.999987 0.000785 0.001263 0.999999 
