0.000739 0.000093 1.000000 0.000296 -0.002261 0.999997 0.000281 -0.002258 0.999997 0.000687 0.000102 1.000000 
0.002054 0.000259 0.999998 0.000628 -0.004812 0.999988 0.000597 -0.004803 0.999988 0.001940 0.000289 0.999998 
0.004300 0.000544 0.999991 0.000246 -0.001883 0.999998 0.000232 -0.001858 0.999998 0.004244 0.000633 0.999991 
0.003825 0.000484 0.999993 0.000220 -0.001682 0.999999 0.000207 -0.001660 0.999999 0.003775 0.000564 0.999993 
0.003467 0.000439 0.999994 0.000197 -0.001505 0.999999 0.000185 -0.001485 0.999999 0.003422 0.000511 0.999994 
0.003143 0.000398 0.999995 0.000180 -0.001377 0.999999 0.000170 -0.001359 0.999999 0.003102 0.000463 0.999995 
0.005923 0.000752 0.999982 0.000152 -0.001159 0.999999 0.000141 -0.001123 0.999999 0.005879 0.000880 0.999982 
0.003837 0.000489 0.999993 -0.000370 0.002807 0.999996 -0.000356 0.002833 0.999996 0.003887 0.000584 0.999992 
0.008401 0.001065 0.999964 0.000181 -0.001378 0.999999 0.000166 -0.001327 0.999999 0.008343 0.001247 0.999964 
0.006288 0.000796 0.999980 0.000382 -0.002916 0.999996 0.000359 -0.002879 0.999996 0.006203 0.000926 0.999980 
0.012500 0.001582 0.999921 -0.000071 0.000546 1.000000 -0.000078 0.000623 1.000000 0.012472 0.001862 0.999920 
0.014591 0.001850 0.999892 -0.000256 0.001948 0.999998 -0.000255 0.002039 0.999998 0.014587 0.002182 0.999891 
0.013732 0.001742 0.999904 -0.000134 0.001023 0.999999 -0.000139 0.001108 0.999999 0.013710 0.002051 0.999904 
0.012793 0.001623 0.999917 -0.000004 0.000034 1.000000 -0.000014 0.000112 1.000000 0.012752 0.001908 0.999917 
0.011665 0.001480 0.999931 -0.000006 0.000048 1.000000 -0.000015 0.000120 1.000000 0.011628 0.001739 0.999931 
0.010704 0.001358 0.999942 -0.000009 0.000072 1.000000 -0.000017 0.000137 1.000000 0.010671 0.001596 0.999942 
0.012064 0.001528 0.999926 0.000226 -0.001727 0.999998 0.000207 -0.001655 0.999999 0.011987 0.001791 0.999927 
0.011288 0.001430 0.999935 0.000199 -0.001517 0.999999 0.000181 -0.001449 0.999999 0.011218 0.001676 0.999936 
0.016969 0.002149 0.999854 -0.000437 0.003334 0.999994 -0.000430 0.003441 0.999994 0.016989 0.002538 0.999852 
0.018604 0.002358 0.999824 -0.000367 0.002798 0.999996 -0.000364 0.002914 0.999996 0.018606 0.002781 0.999823 
0.018792 0.002381 0.999821 -0.000221 0.001684 0.999999 -0.000225 0.001801 0.999998 0.018768 0.002804 0.999820 
0.024300 0.003070 0.999700 -0.000474 0.003624 0.999993 -0.000471 0.003775 0.999993 0.024303 0.003623 0.999698 
0.025786 0.003248 0.999662 0.000014 -0.000109 1.000000 -0.000006 0.000049 1.000000 0.025700 0.003821 0.999662 
0.029517 0.003716 0.999557 -0.000069 0.000531 1.000000 -0.000088 0.000712 1.000000 0.029434 0.004375 0.999557 
0.032034 0.004032 0.999479 0.000141 -0.001082 0.999999 0.000110 -0.000887 1.000000 0.031908 0.004742 0.999480 
0.029882 0.003758 0.999546 0.000215 -0.001654 0.999999 0.000183 -0.001473 0.999999 0.029749 0.004418 0.999548 
0.035809 0.004492 0.999349 0.000219 -0.001686 0.999999 0.000181 -0.001468 0.999999 0.035657 0.005284 0.999350 
0.034696 0.004349 0.999388 0.000286 -0.002208 0.999998 0.000247 -0.001997 0.999998 0.034536 0.005114 0.999390 
0.031988 0.004011 0.999480 0.000213 -0.001638 0.999999 0.000178 -0.001443 0.999999 0.031850 0.004718 0.999482 
0.030817 0.003862 0.999518 0.000419 -0.003231 0.999995 0.000376 -0.003045 0.999995 0.030647 0.004537 0.999520 
0.031402 0.003949 0.999499 0.000055 -0.000423 1.000000 0.000029 -0.000231 1.000000 0.031292 0.004646 0.999499 
0.035387 0.004434 0.999364 0.000146 -0.001122 0.999999 0.000112 -0.000907 1.000000 0.035249 0.005218 0.999365 
0.032743 0.004105 0.999455 0.000210 -0.001619 0.999999 0.000175 -0.001420 0.999999 0.032602 0.004829 0.999457 
0.030700 0.003853 0.999521 0.000101 -0.000779 1.000000 0.000073 -0.000592 1.000000 0.030585 0.004533 0.999522 
0.027950 0.003507 0.999603 0.000093 -0.000719 1.000000 0.000068 -0.000548 1.000000 0.027845 0.004127 0.999604 
0.028891 0.003637 0.999576 -0.000210 0.001614 0.999999 -0.000222 0.001792 0.999998 0.028834 0.004285 0.999575 
0.026340 0.003316 0.999648 -0.000198 0.001519 0.999999 -0.000209 0.001682 0.999999 0.026289 0.003907 0.999647 
0.028709 0.003605 0.999581 0.000510 -0.003923 0.999992 0.000464 -0.003750 0.999993 0.028529 0.004231 0.999584 
0.026053 0.003271 0.999655 0.000464 -0.003569 0.999994 0.000422 -0.003412 0.999994 0.025890 0.003839 0.999657 
0.023660 0.002971 0.999716 0.000423 -0.003253 0.999995 0.000385 -0.003111 0.999995 0.023512 0.003486 0.999717 
0.021502 0.002700 0.999765 0.000386 -0.002970 0.999996 0.000351 -0.002841 0.999996 0.021367 0.003168 0.999767 
0.019554 0.002455 0.999806 0.000353 -0.002718 0.999996 0.000322 -0.002600 0.999997 0.019431 0.002881 0.999807 
0.017735 0.002226 0.999840 0.000322 -0.002481 0.999997 0.000294 -0.002375 0.999997 0.017623 0.002613 0.999841 
0.016082 0.002019 0.999869 0.000295 -0.002268 0.999997 0.000269 -0.002172 0.999998 0.015980 0.002369 0.999869 
0.014584 0.001831 0.999892 0.000270 -0.002077 0.999998 0.000246 -0.001989 0.999998 0.014492 0.002148 0.999893 
0.013225 0.001660 0.999911 0.000247 -0.001904 0.999998 0.000226 -0.001825 0.999998 0.013140 0.001948 0.999912 
0.011989 0.001505 0.999927 0.000227 -0.001748 0.999998 0.000207 -0.001676 0.999999 0.011912 0.001766 0.999927 
0.010863 0.001364 0.999940 0.000209 -0.001607 0.999999 0.000191 -0.001541 0.999999 0.010793 0.001600 0.999940 
0.009836 0.001235 0.999951 0.000192 -0.001478 0.999999 0.000176 -0.001419 0.999999 0.009772 0.001449 0.999951 
0.008898 0.001117 0.999960 0.000177 -0.001361 0.999999 0.000162 -0.001308 0.999999 0.008839 0.001310 0.999960 
0.008041 0.001009 0.999967 0.000163 -0.001255 0.999999 0.000149 -0.001207 0.999999 0.007987 0.001184 0.999967 
0.007255 0.000911 0.999973 0.000150 -0.001157 0.999999 0.000138 -0.001114 0.999999 0.007206 0.001068 0.999973 
0.006526 0.000819 0.999978 0.000138 -0.001060 0.999999 0.000126 -0.001021 0.999999 0.006481 0.000961 0.999979 
0.005869 0.000737 0.999983 0.000126 -0.000969 1.000000 0.000115 -0.000933 1.000000 0.005829 0.000864 0.999983 
0.005265 0.000661 0.999986 0.000115 -0.000884 1.000000 0.000105 -0.000852 1.000000 0.005229 0.000775 0.999986 
0.004708 0.000591 0.999989 0.000105 -0.000805 1.000000 0.000096 -0.000776 1.000000 0.004675 0.000693 0.999989 
0.003298 0.000413 0.999994 0.000353 -0.002720 0.999996 0.000334 -0.002701 0.999996 0.003227 0.000478 0.999995 
0.002054 0.000257 0.999998 0.000553 -0.004268 0.999991 0.000525 -0.004259 0.999991 0.001952 0.000289 0.999998 
0.001825 0.000228 0.999998 0.000498 -0.003841 0.999992 0.000473 -0.003833 0.999993 0.001734 0.000256 0.999998 
0.001612 0.000202 0.999999 0.000447 -0.003451 0.999994 0.000425 -0.003444 0.999994 0.001530 0.000226 0.999999 
0.001410 0.000176 0.999999 0.000401 -0.003094 0.999995 0.000381 -0.003088 0.999995 0.001337 0.000198 0.999999 
0.001203 0.000151 0.999999 0.000359 -0.002774 0.999996 0.000341 -0.002769 0.999996 0.001138 0.000168 0.999999 
0.000269 0.000034 1.000000 0.000390 -0.003011 0.999995 0.000371 -0.003012 0.999995 0.000201 0.000030 1.000000 
-0.000304 -0.000038 1.000000 0.000412 -0.003183 0.999995 0.000392 -0.003187 0.999995 -0.000374 -0.000055 1.000000 
-0.000278 -0.000035 1.000000 0.000370 -0.002859 0.999996 0.000353 -0.002863 0.999996 -0.000341 -0.000050 1.000000 
-0.000263 -0.000033 1.000000 0.000333 -0.002574 0.999997 0.000317 -0.002578 0.999997 -0.000319 -0.000047 1.000000 
-0.000254 -0.000032 1.000000 0.000300 -0.002319 0.999997 0.000286 -0.002322 0.999997 -0.000305 -0.000045 1.000000 
-0.000248 -0.000031 1.000000 0.000270 -0.002087 0.999998 0.000257 -0.002090 0.999998 -0.000294 -0.000043 1.000000 
-0.003801 -0.000472 0.999993 0.000677 -0.005260 0.999986 0.000647 -0.005288 0.999986 -0.003906 -0.000574 0.999992 
-0.003445 -0.000428 0.999994 0.000608 -0.004725 0.999989 0.000582 -0.004750 0.999989 -0.003539 -0.000520 0.999994 
-0.003126 -0.000388 0.999995 0.000546 -0.004242 0.999991 0.000522 -0.004265 0.999991 -0.003211 -0.000472 0.999995 
-0.007846 -0.000969 0.999969 0.000597 -0.004667 0.999989 0.000574 -0.004719 0.999989 -0.007925 -0.001158 0.999968 
-0.007122 -0.000879 0.999974 0.000523 -0.004088 0.999992 0.000503 -0.004135 0.999991 -0.007190 -0.001051 0.999974 
-0.006452 -0.000797 0.999979 0.000470 -0.003675 0.999993 0.000452 -0.003717 0.999993 -0.006514 -0.000952 0.999978 
-0.005848 -0.000722 0.999983 0.000422 -0.003299 0.999994 0.000406 -0.003337 0.999994 -0.005903 -0.000863 0.999982 
-0.005301 -0.000654 0.999986 0.000378 -0.002957 0.999996 0.000364 -0.002992 0.999995 -0.005350 -0.000782 0.999985 
-0.004807 -0.000593 0.999988 0.000338 -0.002646 0.999996 0.000326 -0.002677 0.999996 -0.004850 -0.000709 0.999988 
-0.004359 -0.000538 0.999990 0.000302 -0.002363 0.999997 0.000291 -0.002391 0.999997 -0.004397 -0.000643 0.999990 
-0.003937 -0.000486 0.999992 0.000269 -0.002102 0.999998 0.000259 -0.002128 0.999998 -0.003971 -0.000580 0.999992 
-0.003537 -0.000437 0.999994 0.000238 -0.001862 0.999998 0.000229 -0.001885 0.999998 -0.003567 -0.000521 0.999994 
-0.003174 -0.000392 0.999995 0.000210 -0.001644 0.999999 0.000203 -0.001664 0.999999 -0.003200 -0.000468 0.999995 
-0.002845 -0.000351 0.999996 0.000185 -0.001445 0.999999 0.000178 -0.001464 0.999999 -0.002868 -0.000419 0.999996 
-0.002570 -0.000317 0.999997 0.000164 -0.001286 0.999999 0.000158 -0.001302 0.999999 -0.002591 -0.000379 0.999997 
-0.002571 -0.000317 0.999997 0.000262 -0.002049 0.999998 0.000251 -0.002066 0.999998 -0.002609 -0.000381 0.999997 
-0.002330 -0.000287 0.999997 0.000235 -0.001843 0.999998 0.000226 -0.001859 0.999998 -0.002364 -0.000345 0.999997 
-0.002860 -0.000352 0.999996 -0.000024 0.000190 1.000000 -0.000021 0.000173 1.000000 -0.002846 -0.000415 0.999996 
-0.002602 -0.000321 0.999997 -0.000021 0.000165 1.000000 -0.000018 0.000149 1.000000 -0.002590 -0.000378 0.999997 
-0.003278 -0.000403 0.999995 0.000377 -0.002957 0.999996 0.000361 -0.002979 0.999995 -0.003333 -0.000485 0.999994 
-0.007439 -0.000910 0.999972 0.000453 -0.003577 0.999993 0.000437 -0.003625 0.999993 -0.007496 -0.001087 0.999971 
-0.006720 -0.000822 0.999977 0.000406 -0.003200 0.999995 0.000391 -0.003243 0.999995 -0.006770 -0.000982 0.999977 
-0.009059 -0.001107 0.999958 0.000422 -0.003335 0.999994 0.000409 -0.003393 0.999994 -0.009105 -0.001319 0.999958 
-0.008981 -0.001099 0.999959 0.000265 -0.002093 0.999998 0.000259 -0.002149 0.999998 -0.008999 -0.001306 0.999959 
-0.006819 -0.000836 0.999976 -0.000081 0.000636 1.000000 -0.000072 0.000595 1.000000 -0.006784 -0.000986 0.999977 
-0.005656 -0.000694 0.999984 -0.000122 0.000959 1.000000 -0.000112 0.000925 1.000000 -0.005617 -0.000817 0.999984 
-0.005128 -0.000629 0.999987 -0.000109 0.000861 1.000000 -0.000100 0.000830 1.000000 -0.005093 -0.000741 0.999987 
-0.004644 -0.000570 0.999989 -0.000098 0.000771 1.000000 -0.000090 0.000743 1.000000 -0.004613 -0.000671 0.999989 
-0.004206 -0.000516 0.999991 -0.000088 0.000689 1.000000 -0.000080 0.000664 1.000000 -0.004178 -0.000607 0.999991 
-0.006165 -0.000754 0.999981 0.000295 -0.002325 0.999997 0.000285 -0.002364 0.999997 -0.006197 -0.000898 0.999980 
-0.004131 -0.000506 0.999991 -0.000088 0.000692 1.000000 -0.000081 0.000668 1.000000 -0.004103 -0.000596 0.999991 
-0.002274 -0.000279 0.999997 0.000194 -0.001528 0.999999 0.000187 -0.001543 0.999999 -0.002301 -0.000335 0.999997 
-0.002054 -0.000252 0.999998 0.000176 -0.001381 0.999999 0.000169 -0.001395 0.999999 -0.002079 -0.000303 0.999998 
-0.001857 -0.000228 0.999998 0.000159 -0.001250 0.999999 0.000153 -0.001262 0.999999 -0.001879 -0.000273 0.999998 
-0.002179 -0.000268 0.999998 0.000216 -0.001700 0.999999 0.000207 -0.001714 0.999999 -0.002210 -0.000322 0.999998 
-0.001965 -0.000241 0.999998 0.000196 -0.001538 0.999999 0.000188 -0.001551 0.999999 -0.001993 -0.000290 0.999998 
0.000172 0.000021 1.000000 0.000014 -0.000110 1.000000 0.000013 -0.000109 1.000000 0.000169 0.000025 1.000000 
0.000143 0.000018 1.000000 0.000013 -0.000100 1.000000 0.000012 -0.000099 1.000000 0.000140 0.000020 1.000000 
0.000119 0.000015 1.000000 0.000012 -0.000091 1.000000 0.000011 -0.000090 1.000000 0.000116 0.000017 1.000000 
0.000095 0.000012 1.000000 0.000011 -0.000084 1.000000 0.000010 -0.000083 1.000000 0.000093 0.000014 1.000000 
-0.000605 -0.000074 1.000000 -0.000063 0.000495 1.000000 -0.000060 0.000491 1.000000 -0.000592 -0.000086 1.000000 
0.000037 0.000005 1.000000 0.000472 -0.003714 0.999993 0.000449 -0.003716 0.999993 -0.000046 -0.000007 1.000000 
0.000025 0.000003 1.000000 0.000427 -0.003358 0.999994 0.000406 -0.003361 0.999994 -0.000050 -0.000007 1.000000 
0.000378 0.000046 1.000000 0.000269 -0.002113 0.999998 0.000256 -0.002113 0.999998 0.000330 0.000048 1.000000 
0.002322 0.000286 0.999997 0.000018 -0.000144 1.000000 0.000016 -0.000130 1.000000 0.002311 0.000337 0.999997 
0.002083 0.000256 0.999998 0.000017 -0.000134 1.000000 0.000015 -0.000122 1.000000 0.002073 0.000302 0.999998 
0.001868 0.000230 0.999998 0.000016 -0.000125 1.000000 0.000014 -0.000113 1.000000 0.001860 0.000271 0.999998 
0.000928 0.000114 1.000000 0.000129 -0.001015 0.999999 0.000122 -0.001010 0.999999 0.000903 0.000131 1.000000 
0.000827 0.000102 1.000000 0.000117 -0.000919 1.000000 0.000111 -0.000915 1.000000 0.000804 0.000117 1.000000 
-0.000631 -0.000077 1.000000 0.000054 -0.000429 1.000000 0.000052 -0.000433 1.000000 -0.000639 -0.000093 1.000000 
-0.000573 -0.000070 1.000000 0.000068 -0.000536 1.000000 0.000065 -0.000540 1.000000 -0.000583 -0.000085 1.000000 
-0.000989 -0.000121 1.000000 0.000295 -0.002328 0.999997 0.000281 -0.002335 0.999997 -0.001038 -0.000150 0.999999 
-0.000901 -0.000110 1.000000 0.000267 -0.002106 0.999998 0.000255 -0.002113 0.999998 -0.000945 -0.000137 1.000000 
-0.001609 -0.000197 0.999999 0.000008 -0.000063 1.000000 0.000009 -0.000073 1.000000 -0.001606 -0.000233 0.999999 
-0.002001 -0.000244 0.999998 0.000203 -0.001604 0.999999 0.000194 -0.001617 0.999999 -0.002030 -0.000294 0.999998 
-0.001816 -0.000222 0.999998 0.000183 -0.001451 0.999999 0.000176 -0.001463 0.999999 -0.001843 -0.000267 0.999998 
-0.001642 -0.000200 0.999999 0.000166 -0.001315 0.999999 0.000159 -0.001327 0.999999 -0.001666 -0.000241 0.999999 
-0.001490 -0.000182 0.999999 0.000151 -0.001192 0.999999 0.000145 -0.001202 0.999999 -0.001512 -0.000219 0.999999 
-0.003267 -0.000397 0.999995 0.000408 -0.003242 0.999995 0.000391 -0.003264 0.999995 -0.003329 -0.000480 0.999994 
-0.003444 -0.000418 0.999994 0.000389 -0.003089 0.999995 0.000373 -0.003112 0.999995 -0.003502 -0.000505 0.999994 
-0.004107 -0.000497 0.999991 0.000745 -0.005932 0.999982 0.000711 -0.005962 0.999982 -0.004226 -0.000608 0.999991 
-0.003690 -0.000447 0.999993 0.000669 -0.005332 0.999986 0.000639 -0.005359 0.999985 -0.003797 -0.000546 0.999993 
-0.003310 -0.000401 0.999994 0.000601 -0.004790 0.999988 0.000574 -0.004814 0.999988 -0.003406 -0.000490 0.999994 
-0.002572 -0.000312 0.999997 0.000588 -0.004684 0.999989 0.000561 -0.004703 0.999989 -0.002668 -0.000384 0.999996 
-0.001425 -0.000173 0.999999 0.000360 -0.002865 0.999996 0.000344 -0.002876 0.999996 -0.001484 -0.000214 0.999999 
-0.000784 -0.000095 1.000000 0.000389 -0.003092 0.999995 0.000370 -0.003099 0.999995 -0.000850 -0.000122 1.000000 
-0.000698 -0.000085 1.000000 0.000352 -0.002799 0.999996 0.000335 -0.002805 0.999996 -0.000758 -0.000109 1.000000 
-0.000627 -0.000076 1.000000 0.000319 -0.002537 0.999997 0.000304 -0.002543 0.999997 -0.000681 -0.000098 1.000000 
-0.000563 -0.000068 1.000000 0.000289 -0.002297 0.999997 0.000275 -0.002302 0.999997 -0.000612 -0.000088 1.000000 
-0.001809 -0.000218 0.999998 0.000693 -0.005542 0.999984 0.000660 -0.005557 0.999984 -0.001926 -0.000276 0.999998 
-0.002069 -0.000250 0.999998 0.000231 -0.001843 0.999998 0.000221 -0.001857 0.999998 -0.002104 -0.000302 0.999998 
-0.001875 -0.000226 0.999998 0.000208 -0.001664 0.999999 0.000199 -0.001677 0.999999 -0.001906 -0.000273 0.999998 
-0.004327 -0.000521 0.999991 0.000450 -0.003609 0.999993 0.000431 -0.003638 0.999993 -0.004394 -0.000629 0.999990 
-0.002948 -0.000355 0.999996 0.000181 -0.001450 0.999999 0.000175 -0.001469 0.999999 -0.002971 -0.000426 0.999995 
-0.002676 -0.000323 0.999996 0.000164 -0.001315 0.999999 0.000158 -0.001332 0.999999 -0.002697 -0.000386 0.999996 
0.001685 0.000202 0.999999 0.000359 -0.002884 0.999996 0.000340 -0.002876 0.999996 0.001616 0.000231 0.999999 
0.001581 0.000190 0.999999 0.000412 -0.003311 0.999994 0.000391 -0.003304 0.999994 0.001503 0.000215 0.999999 
0.001235 0.000148 0.999999 0.000397 -0.003186 0.999995 0.000376 -0.003181 0.999995 0.001160 0.000166 0.999999 
-0.000086 -0.000010 1.000000 0.000946 -0.007630 0.999970 0.000899 -0.007636 0.999970 -0.000256 -0.000036 1.000000 
-0.000072 -0.000009 1.000000 0.000855 -0.006903 0.999976 0.000813 -0.006909 0.999976 -0.000225 -0.000032 1.000000 
-0.000060 -0.000007 1.000000 0.000774 -0.006248 0.999980 0.000736 -0.006253 0.999980 -0.000199 -0.000028 1.000000 
0.000461 0.000055 1.000000 0.000613 -0.004944 0.999988 0.000583 -0.004945 0.999988 0.000350 0.000050 1.000000 
0.000422 0.000050 1.000000 0.000555 -0.004475 0.999990 0.000527 -0.004476 0.999990 0.000321 0.000046 1.000000 
0.000256 0.000031 1.000000 0.000473 -0.003813 0.999993 0.000449 -0.003814 0.999993 0.000170 0.000024 1.000000 
0.000221 0.000026 1.000000 0.000428 -0.003452 0.999994 0.000407 -0.003453 0.999994 0.000144 0.000020 1.000000 
0.000198 0.000024 1.000000 0.000388 -0.003125 0.999995 0.000368 -0.003127 0.999995 0.000127 0.000018 1.000000 
0.000039 0.000005 1.000000 0.000404 -0.003257 0.999995 0.000384 -0.003259 0.999995 -0.000034 -0.000005 1.000000 
0.002190 0.000263 0.999998 0.000143 -0.001153 0.999999 0.000135 -0.001140 0.999999 0.002158 0.000308 0.999998 
0.001788 0.000214 0.999998 0.000271 -0.002188 0.999998 0.000257 -0.002179 0.999998 0.001734 0.000247 0.999998 
0.001613 0.000193 0.999999 0.000246 -0.001982 0.999998 0.000233 -0.001974 0.999998 0.001564 0.000223 0.999999 
