0.000123 -0.000249 1.000000 0.010922 0.005350 0.999926 0.010888 0.005416 0.999926 0.000003 -0.000006 1.000000 
0.000507 -0.001023 0.999999 0.009896 0.004847 0.999939 0.009860 0.004904 0.999939 0.000380 -0.000812 1.000000 
0.000173 -0.000350 1.000000 0.011179 0.005482 0.999922 0.011144 0.005550 0.999923 0.000048 -0.000102 1.000000 
0.000144 -0.000291 1.000000 0.010819 0.005305 0.999927 0.010785 0.005370 0.999927 0.000024 -0.000051 1.000000 
0.000134 -0.000271 1.000000 0.009795 0.004803 0.999940 0.009764 0.004862 0.999941 0.000025 -0.000054 1.000000 
0.000116 -0.000234 1.000000 0.008869 0.004348 0.999951 0.008841 0.004402 0.999951 0.000018 -0.000037 1.000000 
0.000093 -0.000188 1.000000 0.008031 0.003938 0.999960 0.008006 0.003986 0.999960 0.000004 -0.000009 1.000000 
0.000068 -0.000137 1.000000 0.007272 0.003566 0.999967 0.007250 0.003610 0.999967 -0.000012 0.000025 1.000000 
-0.000408 0.000823 1.000000 0.006049 0.002963 0.999977 0.006036 0.003003 0.999977 -0.000453 0.000968 0.999999 
-0.000398 0.000803 1.000000 0.005489 0.002689 0.999981 0.005477 0.002725 0.999981 -0.000437 0.000935 0.999999 
-0.001074 0.002168 0.999997 0.006405 0.003139 0.999975 0.006399 0.003185 0.999974 -0.001093 0.002335 0.999997 
-0.001916 0.003868 0.999991 0.005021 0.002459 0.999984 0.005030 0.002502 0.999984 -0.001881 0.004022 0.999990 
-0.002250 0.004580 0.999987 0.006801 0.003305 0.999971 0.006808 0.003360 0.999971 -0.002218 0.004781 0.999986 
-0.002086 0.004266 0.999989 0.005350 0.002587 0.999982 0.005360 0.002633 0.999982 -0.002046 0.004432 0.999988 
-0.001941 0.003971 0.999990 0.004876 0.002356 0.999985 0.004886 0.002398 0.999985 -0.001902 0.004123 0.999990 
-0.002591 0.005266 0.999983 0.004256 0.002071 0.999989 0.004276 0.002113 0.999989 -0.002517 0.005418 0.999982 
-0.003080 0.006246 0.999976 0.003892 0.001898 0.999991 0.003918 0.001941 0.999990 -0.002981 0.006400 0.999975 
-0.009263 0.017392 0.999806 0.007833 0.004126 0.999961 0.007914 0.004231 0.999960 -0.008961 0.017768 0.999802 
-0.006851 0.014437 0.999872 0.016004 0.007504 0.999844 0.016046 0.007644 0.999842 -0.006687 0.014943 0.999866 
-0.004734 0.010139 0.999937 0.003101 0.001431 0.999994 0.003154 0.001479 0.999994 -0.004537 0.010310 0.999937 
0.003248 0.001536 0.999994 0.000998 0.000473 0.999999 -0.002609 0.005525 0.999981 -0.000640 -0.001658 0.999998 -0.003393 0.006749 0.999971 -0.000265 -0.000678 1.000000 
0.000982 0.000464 0.999999 0.000747 0.000354 1.000000 -0.001927 0.004082 0.999990 -0.000120 -0.000310 1.000000 -0.001891 0.003765 0.999991 -0.000008 -0.000021 1.000000 
0.000727 0.000344 1.000000 0.000695 0.000330 1.000000 -0.002131 0.004514 0.999988 -0.000071 -0.000185 1.000000 -0.001765 0.003514 0.999992 0.000102 0.000261 1.000000 
0.000055 0.000026 1.000000 0.000637 0.000302 1.000000 -0.002225 0.004713 0.999986 -0.000001 -0.000002 1.000000 -0.001475 0.002937 0.999995 0.000144 0.000367 1.000000 
0.000047 0.000022 1.000000 0.000578 0.000274 1.000000 -0.002063 0.004370 0.999988 -0.000002 -0.000006 1.000000 -0.001636 0.003258 0.999993 0.000044 0.000113 1.000000 
0.000036 0.000017 1.000000 0.000518 0.000246 1.000000 -0.001744 0.003693 0.999992 -0.000005 -0.000013 1.000000 -0.001509 0.003005 0.999994 -0.000016 -0.000042 1.000000 
0.000024 0.000011 1.000000 0.000447 0.000212 1.000000 -0.001464 0.003101 0.999994 -0.000008 -0.000021 1.000000 -0.001231 0.002451 0.999996 -0.000010 -0.000026 1.000000 
-0.000147 -0.000069 1.000000 0.000344 0.000163 1.000000 -0.001107 0.002345 0.999997 -0.000013 -0.000034 1.000000 -0.000899 0.001788 0.999998 -0.000048 -0.000123 1.000000 
-0.001237 -0.000585 0.999999 0.000193 0.000092 1.000000 -0.000660 0.001398 0.999999 -0.000019 -0.000049 1.000000 -0.000512 0.001019 0.999999 -0.000326 -0.000834 1.000000 
-0.002238 -0.001059 0.999997 0.000084 0.000040 1.000000 -0.000268 0.000569 1.000000 -0.000018 -0.000046 1.000000 -0.000424 0.000843 1.000000 -0.000665 -0.001700 0.999998 
-0.002839 -0.001344 0.999995 0.001177 0.000559 0.999999 -0.001052 0.002226 0.999997 -0.000233 -0.000604 1.000000 -0.000403 0.000800 1.000000 -0.001036 -0.002648 0.999996 
-0.003668 -0.001739 0.999992 0.003073 0.001462 0.999994 -0.002092 0.004418 0.999988 -0.000390 -0.001009 0.999999 -0.000416 0.000825 1.000000 -0.001537 -0.003927 0.999991 
-0.004257 -0.002018 0.999989 0.002767 0.001316 0.999995 -0.001893 0.003997 0.999990 -0.000362 -0.000936 0.999999 -0.000446 0.000885 1.000000 -0.001665 -0.004246 0.999990 
-0.004630 -0.002195 0.999987 0.002495 0.001187 0.999996 -0.001725 0.003643 0.999992 -0.000337 -0.000871 1.000000 -0.000483 0.000959 0.999999 -0.001739 -0.004429 0.999989 
-0.004437 -0.002104 0.999988 0.002251 0.001071 0.999997 -0.001577 0.003329 0.999993 -0.000314 -0.000810 1.000000 -0.000418 0.000830 1.000000 -0.001633 -0.004158 0.999990 
-0.004020 -0.001906 0.999990 0.002037 0.000969 0.999997 -0.001459 0.003080 0.999994 -0.000292 -0.000755 1.000000 -0.000359 0.000712 1.000000 -0.001470 -0.003743 0.999992 
-0.003448 -0.001635 0.999993 0.001836 0.000873 0.999998 -0.001334 0.002817 0.999995 -0.000274 -0.000708 1.000000 -0.000284 0.000564 1.000000 -0.001270 -0.003234 0.999994 
-0.002744 -0.001302 0.999995 0.001659 0.000789 0.999998 -0.001226 0.002590 0.999996 -0.000259 -0.000667 1.000000 -0.000202 0.000400 1.000000 -0.001036 -0.002639 0.999996 
-0.001592 -0.000756 0.999998 0.002178 0.001036 0.999997 -0.001405 0.002967 0.999995 -0.000417 -0.001077 0.999999 -0.000222 0.000441 1.000000 -0.000974 -0.002482 0.999996 
-0.000347 -0.000165 1.000000 0.001984 0.000944 0.999998 -0.001298 0.002740 0.999995 -0.000390 -0.001006 0.999999 -0.000126 0.000250 1.000000 -0.000579 -0.001476 0.999999 
-0.000011 -0.000005 1.000000 0.005843 0.002783 0.999979 -0.001818 0.003835 0.999991 -0.000188 -0.000486 1.000000 -0.000024 0.000048 1.000000 -0.001075 -0.002737 0.999996 
0.000003 0.000001 1.000000 0.005267 0.002509 0.999983 -0.001654 0.003489 0.999993 -0.000187 -0.000482 1.000000 -0.000016 0.000031 1.000000 -0.000976 -0.002484 0.999996 
0.000326 0.000155 1.000000 0.004769 0.002272 0.999986 -0.001506 0.003176 0.999994 -0.000184 -0.000474 1.000000 -0.000090 0.000178 1.000000 -0.000836 -0.002128 0.999997 
0.000290 0.000138 1.000000 0.004309 0.002053 0.999989 -0.001357 0.002861 0.999995 -0.000172 -0.000443 1.000000 -0.000081 0.000161 1.000000 -0.000764 -0.001945 0.999998 
0.000238 0.000113 1.000000 0.003947 0.001880 0.999990 -0.001202 0.002534 0.999996 -0.000152 -0.000393 1.000000 -0.000058 0.000115 1.000000 -0.000711 -0.001810 0.999998 
0.000211 0.000100 1.000000 0.003566 0.001699 0.999992 -0.001077 0.002272 0.999997 -0.000146 -0.000375 1.000000 -0.000046 0.000092 1.000000 -0.000653 -0.001660 0.999998 
0.000133 0.000063 1.000000 0.003223 0.001535 0.999994 -0.000967 0.002040 0.999997 -0.000132 -0.000340 1.000000 -0.000075 0.000148 1.000000 -0.000618 -0.001573 0.999999 
0.000133 0.000063 1.000000 0.002935 0.001399 0.999995 -0.000924 0.001948 0.999998 -0.000141 -0.000364 1.000000 -0.000069 0.000137 1.000000 -0.000567 -0.001441 0.999999 
0.000056 0.000027 1.000000 0.002647 0.001262 0.999996 -0.000845 0.001781 0.999998 -0.000131 -0.000336 1.000000 -0.000078 0.000154 1.000000 -0.000532 -0.001352 0.999999 
0.000063 0.000030 1.000000 0.002394 0.001141 0.999996 -0.000778 0.001640 0.999998 -0.000135 -0.000348 1.000000 -0.000045 0.000089 1.000000 -0.000482 -0.001224 0.999999 
0.000039 0.000018 1.000000 0.002162 0.001031 0.999997 -0.000716 0.001509 0.999999 -0.000130 -0.000335 1.000000 -0.000033 0.000064 1.000000 -0.000441 -0.001120 0.999999 
-0.000006 -0.000003 1.000000 0.001956 0.000932 0.999998 -0.000665 0.001402 0.999999 -0.000122 -0.000314 1.000000 -0.000027 0.000053 1.000000 -0.000406 -0.001032 0.999999 
0.000008 0.000004 1.000000 0.001772 0.000845 0.999998 -0.000620 0.001306 0.999999 -0.000123 -0.000318 1.000000 -0.000004 0.000008 1.000000 -0.000365 -0.000927 1.000000 
0.000011 0.000005 1.000000 0.001619 0.000772 0.999998 -0.000609 0.001283 0.999999 -0.000127 -0.000327 1.000000 0.000006 -0.000012 1.000000 -0.000328 -0.000834 1.000000 
0.000010 0.000005 1.000000 0.001466 0.000699 0.999999 -0.000574 0.001209 0.999999 -0.000125 -0.000323 1.000000 0.000011 -0.000022 1.000000 -0.000298 -0.000757 1.000000 
0.000001 0.000000 1.000000 0.001910 0.000911 0.999998 -0.000718 0.001512 0.999999 -0.000099 -0.000254 1.000000 0.000015 -0.000029 1.000000 -0.000337 -0.000857 1.000000 
0.000001 0.000001 1.000000 0.001740 0.000830 0.999998 -0.000676 0.001424 0.999999 -0.000099 -0.000254 1.000000 0.000018 -0.000036 1.000000 -0.000307 -0.000779 1.000000 
0.000002 0.000001 1.000000 0.001586 0.000756 0.999998 -0.000637 0.001343 0.999999 -0.000099 -0.000254 1.000000 0.000020 -0.000039 1.000000 -0.000279 -0.000709 1.000000 
0.000002 0.000001 1.000000 0.001452 0.000692 0.999999 -0.000606 0.001276 0.999999 -0.000098 -0.000251 1.000000 0.000021 -0.000042 1.000000 -0.000254 -0.000645 1.000000 
0.000003 0.000001 1.000000 0.001335 0.000636 0.999999 -0.000582 0.001226 0.999999 -0.000097 -0.000249 1.000000 0.000022 -0.000043 1.000000 -0.000231 -0.000587 1.000000 
0.000004 0.000002 1.000000 0.001215 0.000579 0.999999 -0.000548 0.001154 0.999999 -0.000097 -0.000249 1.000000 0.000023 -0.000045 1.000000 -0.000211 -0.000537 1.000000 
0.000004 0.000002 1.000000 0.001112 0.000530 0.999999 -0.000522 0.001100 0.999999 -0.000096 -0.000248 1.000000 0.000023 -0.000046 1.000000 -0.000193 -0.000491 1.000000 
0.000004 0.000002 1.000000 0.001016 0.000484 0.999999 -0.000494 0.001040 0.999999 -0.000096 -0.000247 1.000000 0.000024 -0.000047 1.000000 -0.000177 -0.000451 1.000000 
0.000004 0.000002 1.000000 0.000936 0.000446 0.999999 -0.000477 0.001006 0.999999 -0.000095 -0.000246 1.000000 0.000023 -0.000045 1.000000 -0.000162 -0.000412 1.000000 
0.000004 0.000002 1.000000 0.000862 0.000411 1.000000 -0.000457 0.000964 0.999999 -0.000095 -0.000244 1.000000 0.000023 -0.000045 1.000000 -0.000149 -0.000379 1.000000 
0.000004 0.000002 1.000000 0.000800 0.000381 1.000000 -0.000449 0.000945 0.999999 -0.000095 -0.000244 1.000000 0.000022 -0.000044 1.000000 -0.000136 -0.000346 1.000000 
0.000004 0.000002 1.000000 0.000740 0.000353 1.000000 -0.000435 0.000916 0.999999 -0.000094 -0.000242 1.000000 0.000022 -0.000044 1.000000 -0.000125 -0.000317 1.000000 
0.000004 0.000002 1.000000 0.000685 0.000327 1.000000 -0.000418 0.000881 1.000000 -0.000093 -0.000239 1.000000 0.000021 -0.000042 1.000000 -0.000116 -0.000294 1.000000 
0.000004 0.000002 1.000000 0.000637 0.000304 1.000000 -0.000407 0.000857 1.000000 -0.000092 -0.000237 1.000000 0.000020 -0.000039 1.000000 -0.000107 -0.000271 1.000000 
0.000004 0.000002 1.000000 0.000592 0.000282 1.000000 -0.000395 0.000832 1.000000 -0.000091 -0.000236 1.000000 0.000019 -0.000038 1.000000 -0.000099 -0.000251 1.000000 
0.000004 0.000002 1.000000 0.000552 0.000263 1.000000 -0.000387 0.000815 1.000000 -0.000091 -0.000234 1.000000 0.000017 -0.000034 1.000000 -0.000091 -0.000232 1.000000 
0.000004 0.000002 1.000000 0.000515 0.000246 1.000000 -0.000375 0.000789 1.000000 -0.000090 -0.000231 1.000000 0.000016 -0.000032 1.000000 -0.000085 -0.000217 1.000000 
0.000005 0.000002 1.000000 0.000497 0.000237 1.000000 -0.000394 0.000830 1.000000 -0.000092 -0.000237 1.000000 0.000015 -0.000029 1.000000 -0.000076 -0.000194 1.000000 
0.000004 0.000002 1.000000 0.000465 0.000222 1.000000 -0.000383 0.000807 1.000000 -0.000091 -0.000235 1.000000 0.000013 -0.000026 1.000000 -0.000072 -0.000182 1.000000 
0.000004 0.000002 1.000000 0.000434 0.000207 1.000000 -0.000370 0.000779 1.000000 -0.000090 -0.000232 1.000000 0.000014 -0.000027 1.000000 -0.000067 -0.000171 1.000000 
0.000003 0.000002 1.000000 0.000403 0.000192 1.000000 -0.000358 0.000755 1.000000 -0.000090 -0.000232 1.000000 0.000014 -0.000028 1.000000 -0.000063 -0.000160 1.000000 
0.000004 0.000002 1.000000 0.000381 0.000182 1.000000 -0.000350 0.000737 1.000000 -0.000089 -0.000229 1.000000 0.000014 -0.000027 1.000000 -0.000059 -0.000151 1.000000 
-0.000003 -0.000001 1.000000 0.004262 0.002036 0.999989 -0.000962 0.002024 0.999997 -0.000014 -0.000037 1.000000 0.000010 -0.000020 1.000000 -0.000781 -0.001983 0.999998 
0.000000 0.000000 1.000000 0.003850 0.001839 0.999991 -0.000906 0.001905 0.999998 -0.000030 -0.000076 1.000000 0.000015 -0.000030 1.000000 -0.000707 -0.001794 0.999998 
0.000002 0.000001 1.000000 0.003471 0.001658 0.999993 -0.000845 0.001777 0.999998 -0.000043 -0.000112 1.000000 0.000021 -0.000042 1.000000 -0.000641 -0.001627 0.999998 
0.000002 0.000001 1.000000 0.003127 0.001494 0.999994 -0.000788 0.001657 0.999998 -0.000055 -0.000142 1.000000 0.000027 -0.000054 1.000000 -0.000581 -0.001476 0.999999 
0.000002 0.000001 1.000000 0.002816 0.001345 0.999995 -0.000738 0.001552 0.999999 -0.000066 -0.000170 1.000000 0.000031 -0.000061 1.000000 -0.000528 -0.001339 0.999999 
0.000002 0.000001 1.000000 0.002532 0.001210 0.999996 -0.000686 0.001443 0.999999 -0.000074 -0.000191 1.000000 0.000033 -0.000064 1.000000 -0.000480 -0.001218 0.999999 
0.000003 0.000001 1.000000 0.002293 0.001095 0.999997 -0.000652 0.001371 0.999999 -0.000080 -0.000205 1.000000 0.000033 -0.000066 1.000000 -0.000435 -0.001104 0.999999 
0.000003 0.000001 1.000000 0.002091 0.000999 0.999997 -0.000621 0.001306 0.999999 -0.000081 -0.000208 1.000000 0.000034 -0.000067 1.000000 -0.000394 -0.001001 0.999999 
0.000003 0.000001 1.000000 0.001904 0.000909 0.999998 -0.000588 0.001237 0.999999 -0.000082 -0.000211 1.000000 0.000034 -0.000067 1.000000 -0.000358 -0.000909 1.000000 
0.000003 0.000001 1.000000 0.001737 0.000830 0.999998 -0.000558 0.001174 0.999999 -0.000083 -0.000213 1.000000 0.000033 -0.000066 1.000000 -0.000326 -0.000828 1.000000 
0.000003 0.000001 1.000000 0.001588 0.000758 0.999998 -0.000534 0.001124 0.999999 -0.000083 -0.000215 1.000000 0.000033 -0.000066 1.000000 -0.000297 -0.000753 1.000000 
0.000037 0.000018 1.000000 0.001451 0.000693 0.999999 -0.000508 0.001067 0.999999 -0.000087 -0.000223 1.000000 0.000038 -0.000075 1.000000 -0.000263 -0.000668 1.000000 
0.000034 0.000016 1.000000 0.001329 0.000635 0.999999 -0.000491 0.001033 0.999999 -0.000087 -0.000225 1.000000 0.000036 -0.000072 1.000000 -0.000239 -0.000607 1.000000 
0.000032 0.000015 1.000000 0.001220 0.000583 0.999999 -0.000476 0.001002 0.999999 -0.000087 -0.000225 1.000000 0.000034 -0.000067 1.000000 -0.000218 -0.000553 1.000000 
0.000029 0.000014 1.000000 0.001125 0.000537 0.999999 -0.000463 0.000974 0.999999 -0.000087 -0.000224 1.000000 0.000030 -0.000060 1.000000 -0.000199 -0.000505 1.000000 
0.000027 0.000013 1.000000 0.001034 0.000494 0.999999 -0.000450 0.000947 0.999999 -0.000087 -0.000225 1.000000 0.000028 -0.000055 1.000000 -0.000182 -0.000461 1.000000 
0.000024 0.000011 1.000000 0.000954 0.000456 0.999999 -0.000436 0.000918 0.999999 -0.000087 -0.000223 1.000000 0.000025 -0.000050 1.000000 -0.000167 -0.000423 1.000000 
0.000022 0.000011 1.000000 0.000885 0.000423 1.000000 -0.000429 0.000903 1.000000 -0.000087 -0.000223 1.000000 0.000023 -0.000045 1.000000 -0.000152 -0.000387 1.000000 
0.000020 0.000010 1.000000 0.000826 0.000395 1.000000 -0.000421 0.000885 1.000000 -0.000085 -0.000219 1.000000 0.000019 -0.000038 1.000000 -0.000141 -0.000357 1.000000 
0.000019 0.000009 1.000000 0.000766 0.000366 1.000000 -0.000412 0.000866 1.000000 -0.000085 -0.000219 1.000000 0.000018 -0.000035 1.000000 -0.000129 -0.000327 1.000000 
0.000017 0.000008 1.000000 0.000712 0.000340 1.000000 -0.000404 0.000849 1.000000 -0.000085 -0.000219 1.000000 0.000015 -0.000031 1.000000 -0.000119 -0.000301 1.000000 
0.000015 0.000007 1.000000 0.000662 0.000316 1.000000 -0.000397 0.000834 1.000000 -0.000085 -0.000218 1.000000 0.000014 -0.000028 1.000000 -0.000109 -0.000276 1.000000 
0.000014 0.000006 1.000000 0.000616 0.000294 1.000000 -0.000386 0.000812 1.000000 -0.000084 -0.000217 1.000000 0.000013 -0.000026 1.000000 -0.000101 -0.000256 1.000000 
0.000012 0.000006 1.000000 0.000575 0.000275 1.000000 -0.000378 0.000794 1.000000 -0.000084 -0.000216 1.000000 0.000012 -0.000023 1.000000 -0.000094 -0.000238 1.000000 
0.000011 0.000005 1.000000 0.000543 0.000259 1.000000 -0.000376 0.000790 1.000000 -0.000083 -0.000215 1.000000 0.000010 -0.000021 1.000000 -0.000086 -0.000219 1.000000 
0.000010 0.000005 1.000000 0.000514 0.000245 1.000000 -0.000371 0.000779 1.000000 -0.000083 -0.000213 1.000000 0.000009 -0.000017 1.000000 -0.000081 -0.000204 1.000000 
0.000010 0.000005 1.000000 0.000483 0.000231 1.000000 -0.000365 0.000767 1.000000 -0.000083 -0.000213 1.000000 0.000007 -0.000014 1.000000 -0.000075 -0.000191 1.000000 
0.000009 0.000004 1.000000 0.000456 0.000218 1.000000 -0.000357 0.000751 1.000000 -0.000082 -0.000211 1.000000 0.000006 -0.000012 1.000000 -0.000071 -0.000180 1.000000 
0.000008 0.000004 1.000000 0.000434 0.000207 1.000000 -0.000355 0.000746 1.000000 -0.000082 -0.000210 1.000000 0.000004 -0.000008 1.000000 -0.000066 -0.000169 1.000000 
0.000007 0.000003 1.000000 0.000414 0.000198 1.000000 -0.000351 0.000737 1.000000 -0.000081 -0.000208 1.000000 0.000002 -0.000005 1.000000 -0.000063 -0.000159 1.000000 
0.000007 0.000003 1.000000 0.000396 0.000189 1.000000 -0.000346 0.000727 1.000000 -0.000080 -0.000206 1.000000 0.000001 -0.000003 1.000000 -0.000059 -0.000151 1.000000 
0.000007 0.000003 1.000000 0.000380 0.000182 1.000000 -0.000344 0.000723 1.000000 -0.000080 -0.000205 1.000000 -0.000001 0.000001 1.000000 -0.000056 -0.000143 1.000000 
0.000006 0.000003 1.000000 0.000364 0.000174 1.000000 -0.000340 0.000715 1.000000 -0.000079 -0.000204 1.000000 -0.000002 0.000004 1.000000 -0.000054 -0.000136 1.000000 
0.000064 0.000030 1.000000 0.000347 0.000166 1.000000 -0.000322 0.000678 1.000000 -0.000080 -0.000205 1.000000 -0.000018 0.000035 1.000000 -0.000046 -0.000117 1.000000 
0.000062 0.000030 1.000000 0.002180 0.001043 0.999997 -0.001114 0.002340 0.999997 -0.000078 -0.000201 1.000000 -0.000031 0.000062 1.000000 -0.000248 -0.000629 1.000000 
0.000055 0.000026 1.000000 0.001964 0.000940 0.999998 -0.001030 0.002163 0.999997 -0.000082 -0.000210 1.000000 -0.000031 0.000060 1.000000 -0.000227 -0.000575 1.000000 
0.000069 0.000033 1.000000 0.003405 0.001630 0.999993 -0.001450 0.003041 0.999994 -0.000213 -0.000548 1.000000 -0.000173 0.000343 1.000000 -0.000630 -0.001598 0.999999 
0.000083 0.000039 1.000000 0.003109 0.001489 0.999994 -0.001341 0.002812 0.999995 -0.000206 -0.000529 1.000000 -0.000145 0.000287 1.000000 -0.000571 -0.001449 0.999999 
0.000082 0.000039 1.000000 0.002837 0.001358 0.999995 -0.001243 0.002608 0.999996 -0.000195 -0.000503 1.000000 -0.000130 0.000257 1.000000 -0.000519 -0.001317 0.999999 
0.000075 0.000036 1.000000 0.002576 0.001234 0.999996 -0.001154 0.002421 0.999996 -0.000186 -0.000479 1.000000 -0.000116 0.000229 1.000000 -0.000471 -0.001194 0.999999 
0.000069 0.000033 1.000000 0.002336 0.001119 0.999997 -0.001070 0.002244 0.999997 -0.000178 -0.000458 1.000000 -0.000100 0.000198 1.000000 -0.000426 -0.001081 0.999999 
0.000064 0.000030 1.000000 0.002120 0.001015 0.999997 -0.000993 0.002083 0.999997 -0.000171 -0.000440 1.000000 -0.000087 0.000172 1.000000 -0.000387 -0.000981 0.999999 
0.000059 0.000028 1.000000 0.001926 0.000922 0.999998 -0.000928 0.001946 0.999998 -0.000164 -0.000422 1.000000 -0.000077 0.000153 1.000000 -0.000350 -0.000889 1.000000 
0.000055 0.000026 1.000000 0.001753 0.000840 0.999998 -0.000869 0.001823 0.999998 -0.000158 -0.000406 1.000000 -0.000069 0.000137 1.000000 -0.000318 -0.000807 1.000000 
0.000051 0.000024 1.000000 0.001595 0.000764 0.999998 -0.000819 0.001718 0.999998 -0.000153 -0.000394 1.000000 -0.000063 0.000125 1.000000 -0.000288 -0.000731 1.000000 
0.000049 0.000023 1.000000 0.001459 0.000699 0.999999 -0.000774 0.001624 0.999998 -0.000147 -0.000378 1.000000 -0.000058 0.000115 1.000000 -0.000262 -0.000664 1.000000 
0.000046 0.000022 1.000000 0.001333 0.000639 0.999999 -0.000731 0.001534 0.999999 -0.000141 -0.000364 1.000000 -0.000054 0.000107 1.000000 -0.000238 -0.000604 1.000000 
0.000044 0.000021 1.000000 0.001219 0.000584 0.999999 -0.000691 0.001449 0.999999 -0.000137 -0.000351 1.000000 -0.000050 0.000099 1.000000 -0.000217 -0.000550 1.000000 
0.000043 0.000020 1.000000 0.001116 0.000535 0.999999 -0.000661 0.001386 0.999999 -0.000134 -0.000344 1.000000 -0.000048 0.000095 1.000000 -0.000197 -0.000501 1.000000 
0.000041 0.000019 1.000000 0.001019 0.000488 0.999999 -0.000632 0.001326 0.999999 -0.000131 -0.000337 1.000000 -0.000047 0.000094 1.000000 -0.000180 -0.000456 1.000000 
0.000039 0.000019 1.000000 0.000934 0.000447 0.999999 -0.000603 0.001265 0.999999 -0.000128 -0.000329 1.000000 -0.000047 0.000092 1.000000 -0.000165 -0.000417 1.000000 
0.000039 0.000019 1.000000 0.000857 0.000410 1.000000 -0.000578 0.001212 0.999999 -0.000125 -0.000321 1.000000 -0.000049 0.000097 1.000000 -0.000151 -0.000384 1.000000 
0.000038 0.000018 1.000000 0.000793 0.000380 1.000000 -0.000559 0.001172 0.999999 -0.000122 -0.000313 1.000000 -0.000052 0.000103 1.000000 -0.000139 -0.000353 1.000000 
0.000002 0.000001 1.000000 0.005338 0.002563 0.999982 -0.002171 0.004542 0.999987 -0.000313 -0.000806 1.000000 -0.000128 0.000253 1.000000 -0.000985 -0.002496 0.999996 
0.000007 0.000003 1.000000 0.004850 0.002328 0.999986 -0.001996 0.004176 0.999989 -0.000295 -0.000758 1.000000 -0.000077 0.000152 1.000000 -0.000882 -0.002236 0.999997 
0.000022 0.000011 1.000000 0.004405 0.002114 0.999988 -0.001833 0.003835 0.999991 -0.000279 -0.000717 1.000000 -0.000040 0.000080 1.000000 -0.000791 -0.002006 0.999998 
0.000048 0.000023 1.000000 0.007185 0.003452 0.999968 -0.002097 0.004384 0.999988 -0.000151 -0.000388 1.000000 -0.000027 0.000054 1.000000 -0.001284 -0.003250 0.999994 
-0.000027 -0.000013 1.000000 0.009925 0.004772 0.999939 -0.002502 0.005228 0.999983 -0.000053 -0.000137 1.000000 0.000117 -0.000231 1.000000 -0.001729 -0.004377 0.999989 
-0.000023 -0.000011 1.000000 0.008395 0.004037 0.999957 -0.002540 0.005306 0.999983 -0.000197 -0.000505 1.000000 0.000052 -0.000103 1.000000 -0.001482 -0.003752 0.999992 
0.000015 0.000007 1.000000 0.008099 0.003894 0.999960 -0.001950 0.004073 0.999990 -0.000118 -0.000302 1.000000 0.000052 -0.000103 1.000000 -0.001523 -0.003853 0.999991 
0.000019 0.000009 1.000000 0.007315 0.003518 0.999967 -0.001790 0.003740 0.999991 -0.000125 -0.000322 1.000000 0.000057 -0.000112 1.000000 -0.001380 -0.003491 0.999993 
0.000117 0.000056 1.000000 0.006618 0.003183 0.999973 -0.001658 0.003463 0.999993 -0.000132 -0.000340 1.000000 0.000036 -0.000071 1.000000 -0.001233 -0.003120 0.999994 
0.000103 0.000049 1.000000 0.006006 0.002888 0.999978 -0.001542 0.003220 0.999994 -0.000131 -0.000337 1.000000 0.000039 -0.000077 1.000000 -0.001116 -0.002824 0.999995 
0.000083 0.000040 1.000000 0.004237 0.002038 0.999989 -0.002104 0.004392 0.999988 -0.000422 -0.001084 0.999999 0.000031 -0.000060 1.000000 -0.000759 -0.001922 0.999998 
0.000062 0.000029 1.000000 0.003862 0.001858 0.999991 -0.001938 0.004046 0.999990 -0.000386 -0.000991 0.999999 0.000011 -0.000022 1.000000 -0.000695 -0.001761 0.999998 
0.000046 0.000022 1.000000 0.006415 0.003089 0.999975 -0.002433 0.005074 0.999984 -0.000350 -0.000899 1.000000 -0.000010 0.000020 1.000000 -0.001162 -0.002942 0.999995 
0.000039 0.000019 1.000000 0.007761 0.003740 0.999963 -0.003162 0.006590 0.999973 -0.000374 -0.000961 0.999999 -0.000014 0.000028 1.000000 -0.001286 -0.003255 0.999994 
0.000031 0.000015 1.000000 0.006206 0.002992 0.999976 -0.003343 0.006964 0.999970 -0.000555 -0.001428 0.999999 -0.000007 0.000014 1.000000 -0.001001 -0.002534 0.999996 
0.000029 0.000014 1.000000 0.005650 0.002724 0.999980 -0.003058 0.006372 0.999975 -0.000510 -0.001312 0.999999 -0.000017 0.000033 1.000000 -0.000914 -0.002314 0.999997 
0.000026 0.000013 1.000000 0.005156 0.002485 0.999984 -0.002821 0.005877 0.999979 -0.000470 -0.001209 0.999999 -0.000033 0.000065 1.000000 -0.000834 -0.002112 0.999997 
0.000022 0.000011 1.000000 0.006778 0.003267 0.999972 -0.002173 0.004528 0.999987 -0.000203 -0.000520 1.000000 -0.000057 0.000113 1.000000 -0.001222 -0.003093 0.999994 
0.000024 0.000011 1.000000 0.010422 0.005029 0.999933 -0.002893 0.006021 0.999978 -0.000080 -0.000205 1.000000 -0.000044 0.000086 1.000000 -0.001792 -0.004531 0.999988 
0.000010 0.000005 1.000000 0.009426 0.004548 0.999945 -0.002642 0.005500 0.999981 -0.000089 -0.000229 1.000000 -0.000009 0.000017 1.000000 -0.001622 -0.004100 0.999990 
0.000009 0.000004 1.000000 0.008526 0.004114 0.999955 -0.002417 0.005031 0.999984 -0.000098 -0.000252 1.000000 0.000003 -0.000007 1.000000 -0.001471 -0.003719 0.999992 
0.000007 0.000003 1.000000 0.007721 0.003726 0.999963 -0.002222 0.004624 0.999987 -0.000104 -0.000267 1.000000 0.000012 -0.000023 1.000000 -0.001334 -0.003372 0.999993 
0.000004 0.000002 1.000000 0.007014 0.003385 0.999970 -0.002059 0.004286 0.999989 -0.000106 -0.000273 1.000000 0.000012 -0.000024 1.000000 -0.001209 -0.003057 0.999995 
0.000004 0.000002 1.000000 0.006379 0.003078 0.999975 -0.001925 0.004006 0.999990 -0.000109 -0.000280 1.000000 0.000009 -0.000017 1.000000 -0.001095 -0.002768 0.999996 
0.000086 0.000041 1.000000 0.007658 0.003699 0.999964 -0.002013 0.004185 0.999989 -0.000219 -0.000563 1.000000 -0.000022 0.000043 1.000000 -0.001498 -0.003785 0.999992 
0.000116 0.000055 1.000000 0.009868 0.004771 0.999940 -0.002865 0.005951 0.999978 -0.000205 -0.000526 1.000000 -0.000019 0.000037 1.000000 -0.001754 -0.004430 0.999989 
0.000137 0.000065 1.000000 0.008741 0.004226 0.999953 -0.002625 0.005454 0.999982 -0.000251 -0.000644 1.000000 0.000003 -0.000006 1.000000 -0.001577 -0.003985 0.999991 
0.000124 0.000059 1.000000 0.007905 0.003821 0.999961 -0.002396 0.004979 0.999985 -0.000244 -0.000625 1.000000 0.000013 -0.000025 1.000000 -0.001432 -0.003618 0.999992 
0.000090 0.000043 1.000000 0.007181 0.003471 0.999968 -0.002220 0.004613 0.999987 -0.000237 -0.000608 1.000000 0.000038 -0.000075 1.000000 -0.001299 -0.003281 0.999994 
0.000080 0.000038 1.000000 0.006534 0.003159 0.999974 -0.002064 0.004289 0.999989 -0.000226 -0.000580 1.000000 0.000033 -0.000064 1.000000 -0.001178 -0.002975 0.999995 
0.000080 0.000038 1.000000 0.009138 0.004424 0.999948 -0.003250 0.006742 0.999972 -0.000209 -0.000536 1.000000 0.000023 -0.000045 1.000000 -0.001430 -0.003613 0.999992 
0.000072 0.000035 1.000000 0.007775 0.003764 0.999963 -0.003184 0.006605 0.999973 -0.000330 -0.000846 1.000000 0.000017 -0.000034 1.000000 -0.001224 -0.003092 0.999994 
0.000064 0.000031 1.000000 0.007054 0.003415 0.999969 -0.002912 0.006042 0.999978 -0.000308 -0.000791 1.000000 0.000006 -0.000012 1.000000 -0.001115 -0.002817 0.999995 
0.000056 0.000027 1.000000 0.006417 0.003107 0.999975 -0.002684 0.005568 0.999981 -0.000289 -0.000741 1.000000 -0.000007 0.000014 1.000000 -0.001015 -0.002565 0.999996 
0.000046 0.000022 1.000000 0.005852 0.002833 0.999979 -0.002490 0.005165 0.999984 -0.000270 -0.000693 1.000000 -0.000019 0.000038 1.000000 -0.000924 -0.002334 0.999997 
0.000037 0.000018 1.000000 0.005349 0.002590 0.999982 -0.002313 0.004798 0.999986 -0.000251 -0.000644 1.000000 -0.000039 0.000077 1.000000 -0.000844 -0.002132 0.999997 
0.000030 0.000014 1.000000 0.006658 0.003226 0.999973 -0.002919 0.006051 0.999977 -0.000228 -0.000586 1.000000 -0.000066 0.000130 1.000000 -0.000963 -0.002432 0.999997 
0.000053 0.000025 1.000000 0.005561 0.002695 0.999981 -0.002909 0.006029 0.999978 -0.000340 -0.000871 1.000000 -0.000096 0.000189 1.000000 -0.000797 -0.002014 0.999998 
0.000064 0.000031 1.000000 0.008641 0.004193 0.999954 -0.004188 0.008669 0.999954 -0.000300 -0.000769 1.000000 -0.000134 0.000264 1.000000 -0.001125 -0.002843 0.999995 
0.000058 0.000028 1.000000 0.007823 0.003796 0.999962 -0.003799 0.007862 0.999962 -0.000280 -0.000718 1.000000 -0.000146 0.000287 1.000000 -0.001033 -0.002610 0.999996 
0.000090 0.000043 1.000000 0.008251 0.004005 0.999958 -0.003950 0.008173 0.999959 -0.000258 -0.000662 1.000000 -0.000166 0.000327 1.000000 -0.001068 -0.002699 0.999996 
0.000074 0.000035 1.000000 0.007468 0.003625 0.999966 -0.003579 0.007405 0.999966 -0.000240 -0.000616 1.000000 -0.000163 0.000320 1.000000 -0.000979 -0.002472 0.999996 
0.000063 0.000030 1.000000 0.007993 0.003882 0.999961 -0.003783 0.007823 0.999962 -0.000222 -0.000568 1.000000 -0.000165 0.000324 1.000000 -0.001030 -0.002601 0.999996 
0.000099 0.000048 1.000000 0.007241 0.003517 0.999968 -0.003439 0.007110 0.999969 -0.000183 -0.000469 1.000000 -0.000285 0.000561 1.000000 -0.000945 -0.002386 0.999997 
0.000120 0.000057 1.000000 0.009006 0.004379 0.999950 -0.002975 0.006146 0.999977 -0.000139 -0.000355 1.000000 -0.000290 0.000570 1.000000 -0.001518 -0.003831 0.999992 
0.000106 0.000051 1.000000 0.008154 0.003964 0.999959 -0.002717 0.005613 0.999981 -0.000136 -0.000349 1.000000 -0.000256 0.000503 1.000000 -0.001375 -0.003470 0.999993 
0.000094 0.000045 1.000000 0.007398 0.003597 0.999966 -0.002498 0.005160 0.999984 -0.000134 -0.000343 1.000000 -0.000230 0.000452 1.000000 -0.001247 -0.003146 0.999994 
0.000083 0.000040 1.000000 0.006740 0.003277 0.999972 -0.002325 0.004802 0.999986 -0.000130 -0.000334 1.000000 -0.000214 0.000420 1.000000 -0.001130 -0.002850 0.999995 
0.000076 0.000036 1.000000 0.006123 0.002977 0.999977 -0.002142 0.004425 0.999988 -0.000126 -0.000324 1.000000 -0.000206 0.000405 1.000000 -0.001028 -0.002593 0.999996 
0.000067 0.000032 1.000000 0.005569 0.002708 0.999981 -0.001979 0.004089 0.999990 -0.000116 -0.000298 1.000000 -0.000235 0.000461 1.000000 -0.000941 -0.002375 0.999997 
0.000072 0.000035 1.000000 0.005060 0.002460 0.999984 -0.001823 0.003765 0.999991 -0.000112 -0.000288 1.000000 -0.000242 0.000475 1.000000 -0.000860 -0.002170 0.999997 
0.000068 0.000033 1.000000 0.004599 0.002236 0.999987 -0.001680 0.003470 0.999993 -0.000108 -0.000277 1.000000 -0.000247 0.000485 1.000000 -0.000788 -0.001988 0.999998 
0.000056 0.000027 1.000000 0.004178 0.002031 0.999989 -0.001549 0.003199 0.999994 -0.000104 -0.000267 1.000000 -0.000250 0.000490 1.000000 -0.000724 -0.001826 0.999998 
0.000067 0.000032 1.000000 0.003812 0.001854 0.999991 -0.001444 0.002982 0.999995 -0.000101 -0.000258 1.000000 -0.000263 0.000517 1.000000 -0.000663 -0.001673 0.999998 
0.000088 0.000042 1.000000 0.003474 0.001689 0.999993 -0.001341 0.002770 0.999995 -0.000092 -0.000237 1.000000 -0.000316 0.000621 1.000000 -0.000615 -0.001550 0.999999 
0.000057 0.000027 1.000000 0.003159 0.001536 0.999994 -0.001240 0.002561 0.999996 -0.000090 -0.000230 1.000000 -0.000320 0.000629 1.000000 -0.000574 -0.001448 0.999999 
0.000013 0.000006 1.000000 0.002853 0.001387 0.999995 -0.001613 0.003332 0.999993 -0.000159 -0.000407 1.000000 -0.000329 0.000645 1.000000 -0.000449 -0.001132 0.999999 
-0.000005 -0.000002 1.000000 0.003773 0.001837 0.999991 -0.002228 0.004597 0.999987 -0.000230 -0.000588 1.000000 -0.000376 0.000739 1.000000 -0.000568 -0.001433 0.999999 
-0.000054 -0.000026 1.000000 0.003442 0.001675 0.999993 -0.002045 0.004219 0.999989 -0.000211 -0.000540 1.000000 -0.000412 0.000809 1.000000 -0.000551 -0.001390 0.999999 
0.000014 0.000007 1.000000 0.006282 0.003062 0.999976 -0.003548 0.007310 0.999967 -0.000298 -0.000763 1.000000 -0.000464 0.000910 0.999999 -0.000859 -0.002167 0.999997 
0.000000 0.000000 1.000000 0.005691 0.002774 0.999980 -0.003223 0.006641 0.999973 -0.000274 -0.000703 1.000000 -0.000489 0.000960 0.999999 -0.000806 -0.002032 0.999998 
0.000041 0.000020 1.000000 0.005025 0.002449 0.999984 -0.002938 0.006054 0.999977 -0.000287 -0.000735 1.000000 -0.000561 0.001100 0.999999 -0.000756 -0.001908 0.999998 
-0.000004 -0.000002 1.000000 0.004560 0.002223 0.999987 -0.002681 0.005524 0.999981 -0.000263 -0.000674 1.000000 -0.000600 0.001178 0.999999 -0.000724 -0.001828 0.999998 
-0.000038 -0.000018 1.000000 0.009398 0.004591 0.999945 -0.004790 0.009847 0.999940 -0.000268 -0.000688 1.000000 -0.000653 0.001280 0.999999 -0.001291 -0.003256 0.999994 
-0.000032 -0.000015 1.000000 0.008523 0.004164 0.999955 -0.004351 0.008944 0.999951 -0.000250 -0.000641 1.000000 -0.000678 0.001330 0.999999 -0.001202 -0.003033 0.999995 
-0.000031 -0.000015 1.000000 0.007997 0.003906 0.999960 -0.003823 0.007859 0.999962 -0.000193 -0.000494 1.000000 -0.000698 0.001368 0.999999 -0.001196 -0.003016 0.999995 
-0.000121 -0.000058 1.000000 0.007247 0.003540 0.999967 -0.003478 0.007151 0.999968 -0.000156 -0.000399 1.000000 -0.000833 0.001633 0.999998 -0.001150 -0.002900 0.999995 
-0.000116 -0.000056 1.000000 0.009288 0.004538 0.999947 -0.003424 0.007037 0.999969 -0.000092 -0.000236 1.000000 -0.000864 0.001694 0.999998 -0.001644 -0.004145 0.999990 
-0.000113 -0.000054 1.000000 0.010674 0.005220 0.999929 -0.004193 0.008611 0.999954 -0.000127 -0.000325 1.000000 -0.000864 0.001694 0.999998 -0.001775 -0.004475 0.999988 
-0.000054 -0.000026 1.000000 0.013207 0.006467 0.999892 -0.004231 0.008676 0.999953 -0.000140 -0.000359 1.000000 -0.000846 0.001657 0.999998 -0.002416 -0.006086 0.999979 
