-0.000188 0.000380 1.000000 0.008609 0.004208 0.999954 0.008586 0.004261 0.999954 -0.000270 0.000578 1.000000 
-0.000166 0.000337 1.000000 0.007918 0.003870 0.999961 0.007896 0.003919 0.999961 -0.000242 0.000519 1.000000 
0.000548 -0.001110 0.999999 0.005960 0.002911 0.999978 0.005936 0.002944 0.999978 0.000461 -0.000988 0.999999 
0.000396 -0.000802 1.000000 0.004701 0.002296 0.999986 0.004682 0.002323 0.999986 0.000329 -0.000705 1.000000 
0.000363 -0.000734 1.000000 0.004265 0.002083 0.999989 0.004247 0.002107 0.999989 0.000301 -0.000646 1.000000 
0.000286 -0.000580 1.000000 0.004249 0.002075 0.999989 0.004233 0.002099 0.999989 0.000229 -0.000490 1.000000 
0.000145 -0.000293 1.000000 0.003684 0.001799 0.999992 0.003671 0.001821 0.999992 0.000099 -0.000213 1.000000 
0.000115 -0.000234 1.000000 0.003348 0.001635 0.999993 0.003337 0.001655 0.999993 0.000075 -0.000161 1.000000 
-0.000123 0.000249 1.000000 0.003209 0.001567 0.999994 0.003201 0.001588 0.999994 -0.000151 0.000324 1.000000 
-0.000974 0.001970 0.999998 0.006320 0.003091 0.999975 0.006313 0.003136 0.999975 -0.000996 0.002133 0.999997 
-0.001249 0.002524 0.999996 0.005315 0.002600 0.999982 0.005314 0.002640 0.999982 -0.001248 0.002671 0.999996 
-0.002725 0.005503 0.999981 0.007509 0.003676 0.999965 0.007520 0.003739 0.999965 -0.002680 0.005731 0.999980 
-0.002847 0.005750 0.999979 0.006836 0.003347 0.999971 0.006850 0.003406 0.999971 -0.002789 0.005965 0.999978 
-0.002825 0.005708 0.999980 0.006243 0.003056 0.999976 0.006259 0.003112 0.999976 -0.002763 0.005909 0.999979 
-0.002573 0.005198 0.999983 0.005644 0.002763 0.999980 0.005658 0.002813 0.999980 -0.002516 0.005380 0.999982 
-0.002360 0.004767 0.999986 0.005119 0.002506 0.999984 0.005133 0.002552 0.999984 -0.002306 0.004933 0.999985 
-0.002404 0.004848 0.999985 0.004713 0.002311 0.999986 0.004729 0.002355 0.999986 -0.002344 0.005006 0.999985 
-0.003973 0.007989 0.999960 0.009131 0.004491 0.999948 0.009153 0.004571 0.999948 -0.003890 0.008280 0.999958 
-0.009769 0.018604 0.999779 0.017051 0.008850 0.999815 0.017110 0.009014 0.999813 -0.009541 0.019198 0.999770 
-0.011701 0.021724 0.999696 0.028801 0.015321 0.999468 0.028840 0.015569 0.999463 -0.011542 0.022624 0.999677 
-0.004583 0.008718 0.999951 0.026705 0.013881 0.999547 0.026673 0.014073 0.999545 -0.004686 0.009417 0.999945 
-0.000074 0.000154 1.000000 0.005528 0.002641 0.999981 0.005513 0.002675 0.999981 -0.000128 0.000280 1.000000 
0.001754 -0.003634 0.999992 0.003119 0.001488 0.999994 0.003088 0.001497 0.999994 0.001640 -0.003602 0.999992 
0.006148 0.001215 0.999980 -0.001452 0.006517 0.999978 0.001736 -0.003560 0.999992 -0.001471 -0.002118 0.999997 0.004161 0.002038 0.999989 -0.005135 -0.005957 0.999969 
0.003880 0.000762 0.999992 -0.000430 0.001941 0.999998 -0.001946 0.003958 0.999990 0.003740 0.005402 0.999978 0.008330 0.004113 0.999957 0.003135 0.003646 0.999988 
0.004499 0.000881 0.999989 -0.001119 0.005065 0.999987 -0.005572 0.011258 0.999921 0.013905 0.019931 0.999705 0.026035 0.012931 0.999577 0.008512 0.009840 0.999915 
0.002461 0.000481 0.999997 -0.002160 0.009795 0.999950 -0.008295 0.016665 0.999827 0.021797 0.030907 0.999285 0.039223 0.019569 0.999039 0.010810 0.012371 0.999865 
0.005265 0.001030 0.999986 -0.001898 0.008595 0.999961 -0.009608 0.019217 0.999769 0.023383 0.033066 0.999180 0.044031 0.022052 0.998787 0.013188 0.015048 0.999800 
0.005746 0.001124 0.999983 -0.001897 0.008594 0.999961 -0.010004 0.019913 0.999752 0.023057 0.032551 0.999204 0.043542 0.021912 0.998811 0.013561 0.015404 0.999789 
0.002371 0.000464 0.999997 -0.002557 0.011569 0.999930 -0.009783 0.019374 0.999764 0.022804 0.032081 0.999225 0.040693 0.020586 0.998960 0.011646 0.013127 0.999846 
0.002139 0.000419 0.999998 -0.002341 0.010595 0.999941 -0.009191 0.018162 0.999793 0.020323 0.028545 0.999386 0.036612 0.018571 0.999157 0.010324 0.011581 0.999880 
0.003140 0.000616 0.999995 -0.002500 0.011296 0.999933 -0.008432 0.016631 0.999826 0.017229 0.024205 0.999559 0.031983 0.016259 0.999356 0.008494 0.009510 0.999919 
0.001539 0.000302 0.999999 -0.002152 0.009724 0.999950 -0.007586 0.014943 0.999860 0.015369 0.021607 0.999648 0.028111 0.014315 0.999502 0.007292 0.008163 0.999940 
-0.000025 -0.000005 1.000000 -0.002117 0.009556 0.999952 -0.006203 0.012224 0.999906 0.013370 0.018786 0.999734 0.023296 0.011863 0.999658 0.005550 0.006210 0.999965 
-0.000517 -0.000102 1.000000 -0.001779 0.008032 0.999966 -0.004343 0.008590 0.999954 0.010351 0.014517 0.999841 0.017150 0.008704 0.999815 0.003955 0.004424 0.999982 
-0.001753 -0.000344 0.999998 -0.001270 0.005735 0.999983 -0.002230 0.004432 0.999988 0.007044 0.009856 0.999927 0.010229 0.005168 0.999934 0.002098 0.002345 0.999995 
-0.002200 -0.000432 0.999997 -0.001111 0.005016 0.999987 -0.000080 0.000160 1.000000 0.003402 0.004750 0.999983 0.002754 0.001386 0.999995 -0.000042 -0.000047 1.000000 
-0.005513 -0.001081 0.999984 -0.000889 0.004020 0.999992 -0.000006 0.000012 1.000000 0.001693 0.002363 0.999996 -0.000258 -0.000130 1.000000 -0.002156 -0.002408 0.999995 
-0.009790 -0.001913 0.999950 -0.000162 0.000736 1.000000 -0.000085 0.000169 1.000000 0.000974 0.001359 0.999999 0.000804 0.000405 1.000000 -0.005063 -0.005649 0.999971 
-0.014036 -0.002728 0.999898 0.000666 -0.003032 0.999995 0.000176 -0.000352 1.000000 -0.000005 -0.000007 1.000000 0.001189 0.000598 0.999999 -0.007994 -0.008905 0.999928 
-0.018588 -0.003596 0.999821 0.001463 -0.006690 0.999977 0.000024 -0.000048 1.000000 -0.001270 -0.001771 0.999998 0.000914 0.000460 0.999999 -0.010789 -0.012008 0.999870 
-0.023585 -0.004542 0.999712 0.002176 -0.009988 0.999948 0.000048 -0.000096 1.000000 -0.002235 -0.003114 0.999993 0.000811 0.000408 1.000000 -0.013816 -0.015362 0.999787 
-0.028350 -0.005438 0.999583 0.002760 -0.012704 0.999915 0.000286 -0.000570 1.000000 -0.003067 -0.004271 0.999986 0.000419 0.000211 1.000000 -0.016731 -0.018584 0.999687 
-0.032338 -0.006187 0.999458 0.003209 -0.014794 0.999885 0.000284 -0.000568 1.000000 -0.003695 -0.005144 0.999980 0.000360 0.000181 1.000000 -0.019150 -0.021261 0.999591 
-0.035285 -0.006741 0.999355 0.003530 -0.016283 0.999861 0.000285 -0.000569 1.000000 -0.004153 -0.005781 0.999975 0.000305 0.000154 1.000000 -0.020942 -0.023245 0.999510 
-0.037315 -0.007125 0.999278 0.003727 -0.017197 0.999845 0.000320 -0.000638 1.000000 -0.004463 -0.006212 0.999971 0.000170 0.000086 1.000000 -0.022174 -0.024610 0.999451 
-0.038238 -0.007305 0.999242 0.003799 -0.017520 0.999839 0.000583 -0.001165 0.999999 -0.004629 -0.006442 0.999969 -0.000260 -0.000131 1.000000 -0.022770 -0.025273 0.999421 
-0.038294 -0.007326 0.999240 0.003757 -0.017302 0.999843 0.000536 -0.001070 0.999999 -0.004597 -0.006400 0.999969 -0.000239 -0.000120 1.000000 -0.022809 -0.025325 0.999419 
-0.037931 -0.007265 0.999254 0.003645 -0.016772 0.999853 0.000489 -0.000977 0.999999 -0.004479 -0.006237 0.999971 -0.000217 -0.000109 1.000000 -0.022597 -0.025098 0.999430 
-0.037226 -0.007142 0.999281 0.003468 -0.015939 0.999867 0.000536 -0.001070 0.999999 -0.004325 -0.006022 0.999973 -0.000456 -0.000229 1.000000 -0.022155 -0.024614 0.999451 
-0.036166 -0.006951 0.999322 0.003237 -0.014858 0.999884 0.000482 -0.000962 0.999999 -0.004045 -0.005633 0.999976 -0.000405 -0.000204 1.000000 -0.021521 -0.023920 0.999482 
-0.034598 -0.006664 0.999379 0.002945 -0.013496 0.999905 0.000432 -0.000862 1.000000 -0.003685 -0.005132 0.999980 -0.000360 -0.000181 1.000000 -0.020578 -0.022884 0.999526 
-0.032480 -0.006272 0.999453 0.002585 -0.011826 0.999927 0.000388 -0.000775 1.000000 -0.003236 -0.004508 0.999985 -0.000323 -0.000162 1.000000 -0.019304 -0.021479 0.999583 
-0.029932 -0.005796 0.999535 0.002187 -0.009984 0.999948 0.000350 -0.000698 1.000000 -0.002735 -0.003811 0.999989 -0.000284 -0.000143 1.000000 -0.017774 -0.019789 0.999646 
-0.026733 -0.005192 0.999629 0.001774 -0.008078 0.999966 0.000215 -0.000430 1.000000 -0.002174 -0.003030 0.999993 0.000239 0.000120 1.000000 -0.016033 -0.017863 0.999712 
-0.022926 -0.004468 0.999727 0.001349 -0.006128 0.999980 0.000287 -0.000572 1.000000 -0.001589 -0.002215 0.999996 0.000399 0.000201 1.000000 -0.013859 -0.015450 0.999785 
-0.018879 -0.003692 0.999815 0.000901 -0.004083 0.999991 0.000252 -0.000502 1.000000 -0.001030 -0.001436 0.999998 0.000365 0.000183 1.000000 -0.011406 -0.012725 0.999854 
-0.014704 -0.002885 0.999888 0.000494 -0.002232 0.999997 0.000218 -0.000435 1.000000 -0.000584 -0.000815 0.999999 0.000337 0.000170 1.000000 -0.008976 -0.010022 0.999909 
-0.010519 -0.002067 0.999943 0.000139 -0.000628 1.000000 0.000320 -0.000639 1.000000 -0.000060 -0.000084 1.000000 0.001063 0.000535 0.999999 -0.006938 -0.007746 0.999946 
-0.006378 -0.001253 0.999979 0.000068 -0.000305 1.000000 0.000271 -0.000541 1.000000 0.000020 0.000028 1.000000 0.000963 0.000484 0.999999 -0.004423 -0.004937 0.999978 
-0.002646 -0.000520 0.999996 0.000048 -0.000217 1.000000 0.000228 -0.000455 1.000000 0.000052 0.000072 1.000000 0.000879 0.000442 1.000000 -0.002142 -0.002391 0.999995 
-0.000890 -0.000175 1.000000 0.000303 -0.001368 0.999999 0.000221 -0.000441 1.000000 0.000270 0.000376 1.000000 0.001068 0.000537 0.999999 -0.000492 -0.000549 1.000000 
-0.001099 -0.000216 0.999999 0.000305 -0.001376 0.999999 0.000784 -0.001565 0.999998 0.000641 0.000894 0.999999 0.001359 0.000683 0.999999 -0.000736 -0.000821 0.999999 
-0.000937 -0.000184 1.000000 0.000280 -0.001266 0.999999 0.000698 -0.001394 0.999999 0.001056 0.001472 0.999998 0.002922 0.001469 0.999995 -0.001026 -0.001145 0.999999 
-0.000831 -0.000163 1.000000 0.000258 -0.001165 0.999999 0.000672 -0.001342 0.999999 0.001436 0.002003 0.999997 0.003660 0.001840 0.999992 -0.000915 -0.001021 0.999999 
-0.000750 -0.000147 1.000000 0.000241 -0.001087 0.999999 0.000636 -0.001270 0.999999 0.001553 0.002166 0.999996 0.003851 0.001936 0.999991 -0.000823 -0.000919 0.999999 
-0.000729 -0.000143 1.000000 0.000247 -0.001117 0.999999 0.001137 -0.002271 0.999997 0.001474 0.002055 0.999997 0.004077 0.002050 0.999990 -0.001471 -0.001641 0.999998 
-0.000689 -0.000135 1.000000 0.000242 -0.001091 0.999999 0.001041 -0.002080 0.999997 0.001027 0.001432 0.999998 0.003036 0.001526 0.999994 -0.001344 -0.001499 0.999998 
-0.000315 -0.000062 1.000000 0.000323 -0.001457 0.999999 0.000954 -0.001907 0.999998 0.000524 0.000731 1.000000 0.002094 0.001053 0.999997 -0.001026 -0.001145 0.999999 
-0.000320 -0.000063 1.000000 0.000322 -0.001453 0.999999 0.001670 -0.003338 0.999993 0.000823 0.001146 0.999999 0.003308 0.001662 0.999993 -0.001977 -0.002204 0.999996 
-0.000352 -0.000069 1.000000 0.000371 -0.001676 0.999999 0.002332 -0.004659 0.999986 0.001026 0.001428 0.999998 0.004354 0.002189 0.999988 -0.002844 -0.003168 0.999991 
-0.000794 -0.000156 1.000000 0.000462 -0.002090 0.999998 0.002534 -0.005065 0.999984 0.000864 0.001202 0.999999 0.003900 0.001961 0.999990 -0.003056 -0.003402 0.999990 
-0.001374 -0.000269 0.999999 0.000570 -0.002579 0.999997 0.002471 -0.004939 0.999985 0.000581 0.000808 1.000000 0.003377 0.001697 0.999993 -0.003224 -0.003590 0.999988 
-0.001380 -0.000270 0.999999 0.000733 -0.003326 0.999994 0.002967 -0.005937 0.999978 0.000250 0.000348 1.000000 0.003109 0.001560 0.999994 -0.003656 -0.004073 0.999985 
-0.001923 -0.000375 0.999998 0.000845 -0.003836 0.999992 0.003188 -0.006381 0.999975 0.000035 0.000049 1.000000 0.002497 0.001253 0.999996 -0.003881 -0.004320 0.999983 
-0.002463 -0.000480 0.999997 0.000934 -0.004244 0.999991 0.002873 -0.005752 0.999979 -0.000312 -0.000434 1.000000 0.001738 0.000872 0.999998 -0.003786 -0.004216 0.999984 
-0.002908 -0.000567 0.999996 0.000989 -0.004495 0.999989 0.002614 -0.005233 0.999983 -0.000447 -0.000622 1.000000 0.001577 0.000791 0.999998 -0.003826 -0.004260 0.999984 
-0.004315 -0.000841 0.999990 0.001122 -0.005102 0.999986 0.003003 -0.006011 0.999977 -0.000354 -0.000492 1.000000 0.001707 0.000857 0.999998 -0.004696 -0.005226 0.999975 
-0.004534 -0.000883 0.999989 0.001113 -0.005062 0.999987 0.002634 -0.005269 0.999983 -0.000361 -0.000502 1.000000 0.002685 0.001348 0.999995 -0.005172 -0.005753 0.999970 
-0.004630 -0.000902 0.999989 0.001083 -0.004923 0.999987 0.002708 -0.005415 0.999982 -0.000356 -0.000495 1.000000 0.003924 0.001971 0.999990 -0.006132 -0.006818 0.999958 
-0.004605 -0.000897 0.999989 0.001033 -0.004695 0.999988 0.003405 -0.006813 0.999971 0.000042 0.000059 1.000000 0.005250 0.002636 0.999983 -0.007072 -0.007856 0.999944 
-0.004829 -0.000941 0.999988 0.000977 -0.004442 0.999990 0.003092 -0.006187 0.999976 -0.000001 -0.000001 1.000000 0.004760 0.002389 0.999986 -0.006785 -0.007536 0.999949 
-0.005033 -0.000981 0.999987 0.000909 -0.004134 0.999991 0.002810 -0.005623 0.999980 -0.000022 -0.000030 1.000000 0.004315 0.002166 0.999988 -0.006530 -0.007253 0.999952 
-0.005237 -0.001020 0.999986 0.000834 -0.003794 0.999992 0.002557 -0.005116 0.999984 -0.000025 -0.000034 1.000000 0.003915 0.001965 0.999990 -0.006314 -0.007013 0.999955 
-0.005450 -0.001062 0.999985 0.000755 -0.003431 0.999994 0.002327 -0.004656 0.999986 -0.000015 -0.000021 1.000000 0.003553 0.001784 0.999992 -0.006138 -0.006818 0.999958 
-0.005683 -0.001107 0.999983 0.000674 -0.003066 0.999995 0.002118 -0.004239 0.999989 0.000001 0.000001 1.000000 0.003225 0.001619 0.999993 -0.006005 -0.006670 0.999960 
-0.005929 -0.001155 0.999982 0.000598 -0.002719 0.999996 0.002058 -0.004119 0.999989 -0.000053 -0.000073 1.000000 0.002615 0.001313 0.999996 -0.005915 -0.006570 0.999961 
-0.006186 -0.001205 0.999980 0.000520 -0.002367 0.999997 0.001872 -0.003747 0.999991 -0.000023 -0.000033 1.000000 0.002375 0.001192 0.999996 -0.005847 -0.006495 0.999962 
-0.006301 -0.001227 0.999979 0.000449 -0.002041 0.999998 0.001891 -0.003784 0.999991 0.000102 0.000142 1.000000 0.003038 0.001525 0.999994 -0.006302 -0.006997 0.999956 
-0.006540 -0.001274 0.999978 0.000379 -0.001724 0.999998 0.001720 -0.003441 0.999993 0.000124 0.000172 1.000000 0.002756 0.001384 0.999995 -0.006207 -0.006892 0.999957 
-0.006774 -0.001319 0.999976 0.000312 -0.001420 0.999999 0.001561 -0.003124 0.999994 0.000145 0.000201 1.000000 0.002498 0.001254 0.999996 -0.006131 -0.006808 0.999958 
-0.006990 -0.001362 0.999975 0.000258 -0.001174 0.999999 0.001536 -0.003074 0.999994 0.000091 0.000126 1.000000 0.001985 0.000996 0.999998 -0.006076 -0.006747 0.999959 
-0.007212 -0.001405 0.999973 0.000222 -0.001008 0.999999 0.001400 -0.002803 0.999995 0.000097 0.000134 1.000000 0.001804 0.000906 0.999998 -0.006032 -0.006698 0.999959 
-0.007420 -0.001445 0.999971 0.000204 -0.000927 1.000000 0.001278 -0.002558 0.999996 0.000086 0.000120 1.000000 0.001643 0.000824 0.999998 -0.005994 -0.006656 0.999960 
-0.007628 -0.001486 0.999970 0.000186 -0.000845 1.000000 0.001431 -0.002865 0.999995 -0.000000 -0.000001 1.000000 0.000997 0.000500 0.999999 -0.005982 -0.006643 0.999960 
-0.007793 -0.001518 0.999968 0.000174 -0.000790 1.000000 0.001307 -0.002617 0.999996 -0.000004 -0.000006 1.000000 0.000910 0.000457 0.999999 -0.005946 -0.006602 0.999961 
-0.007827 -0.001525 0.999968 0.000159 -0.000721 1.000000 0.001284 -0.002569 0.999996 0.000077 0.000107 1.000000 0.001710 0.000858 0.999998 -0.006372 -0.007074 0.999955 
-0.008010 -0.001560 0.999967 0.000159 -0.000721 1.000000 0.001173 -0.002348 0.999997 0.000070 0.000098 1.000000 0.001558 0.000782 0.999998 -0.006299 -0.006993 0.999956 
-0.008207 -0.001598 0.999965 0.000400 -0.001820 0.999998 0.001270 -0.002541 0.999996 0.000054 0.000075 1.000000 0.002772 0.001391 0.999995 -0.006882 -0.007641 0.999947 
-0.008302 -0.001617 0.999964 0.000375 -0.001705 0.999998 0.001158 -0.002317 0.999997 0.000039 0.000054 1.000000 0.002515 0.001262 0.999996 -0.006745 -0.007489 0.999949 
-0.008353 -0.001627 0.999964 0.000349 -0.001587 0.999999 0.000853 -0.001707 0.999998 0.000037 0.000052 1.000000 0.002760 0.001386 0.999995 -0.006726 -0.007469 0.999949 
-0.008461 -0.001648 0.999963 0.000324 -0.001473 0.999999 0.000780 -0.001560 0.999998 0.000026 0.000036 1.000000 0.002500 0.001255 0.999996 -0.006620 -0.007351 0.999951 
-0.008574 -0.001670 0.999962 0.000299 -0.001362 0.999999 0.000713 -0.001427 0.999999 0.000017 0.000023 1.000000 0.002265 0.001137 0.999997 -0.006535 -0.007256 0.999952 
-0.008684 -0.001691 0.999961 0.000276 -0.001254 0.999999 0.000651 -0.001303 0.999999 0.000008 0.000012 1.000000 0.002051 0.001030 0.999997 -0.006462 -0.007176 0.999953 
-0.008710 -0.001696 0.999961 0.000259 -0.001177 0.999999 0.000528 -0.001057 0.999999 0.000022 0.000031 1.000000 0.002679 0.001345 0.999996 -0.006789 -0.007538 0.999949 
-0.008777 -0.001709 0.999960 0.000243 -0.001103 0.999999 0.000489 -0.000977 0.999999 0.000014 0.000020 1.000000 0.002432 0.001221 0.999996 -0.006675 -0.007412 0.999950 
-0.008844 -0.001722 0.999959 0.000228 -0.001035 0.999999 0.000451 -0.000901 0.999999 0.000006 0.000008 1.000000 0.002208 0.001109 0.999997 -0.006576 -0.007301 0.999952 
-0.008914 -0.001736 0.999959 0.000214 -0.000974 1.000000 0.000415 -0.000831 1.000000 -0.000002 -0.000003 1.000000 0.002003 0.001006 0.999997 -0.006490 -0.007206 0.999953 
-0.008983 -0.001749 0.999958 0.000201 -0.000914 1.000000 0.000382 -0.000765 1.000000 -0.000009 -0.000012 1.000000 0.001818 0.000913 0.999998 -0.006417 -0.007125 0.999954 
-0.009052 -0.001763 0.999957 0.000189 -0.000858 1.000000 0.000351 -0.000702 1.000000 -0.000016 -0.000022 1.000000 0.001649 0.000828 0.999998 -0.006353 -0.007054 0.999955 
-0.009114 -0.001775 0.999957 0.000178 -0.000808 1.000000 0.000323 -0.000647 1.000000 -0.000021 -0.000030 1.000000 0.001498 0.000752 0.999999 -0.006296 -0.006991 0.999956 
-0.009169 -0.001786 0.999956 0.000168 -0.000765 1.000000 0.000299 -0.000599 1.000000 -0.000027 -0.000037 1.000000 0.001360 0.000683 0.999999 -0.006244 -0.006933 0.999956 
-0.009219 -0.001795 0.999956 0.000160 -0.000728 1.000000 0.000279 -0.000558 1.000000 -0.000031 -0.000043 1.000000 0.001238 0.000621 0.999999 -0.006197 -0.006881 0.999957 
-0.009281 -0.001807 0.999955 0.000177 -0.000807 1.000000 0.000259 -0.000518 1.000000 -0.000028 -0.000040 1.000000 0.001126 0.000565 0.999999 -0.006111 -0.006786 0.999958 
-0.009528 -0.001855 0.999953 0.000427 -0.001944 0.999998 0.000309 -0.000617 1.000000 -0.000099 -0.000138 1.000000 0.002256 0.001133 0.999997 -0.006694 -0.007435 0.999950 
-0.009574 -0.001864 0.999952 0.000416 -0.001892 0.999998 0.000284 -0.000569 1.000000 -0.000118 -0.000163 1.000000 0.002047 0.001028 0.999997 -0.006612 -0.007344 0.999951 
-0.009641 -0.001878 0.999952 0.000405 -0.001842 0.999998 0.000260 -0.000519 1.000000 -0.000134 -0.000186 1.000000 0.001858 0.000933 0.999998 -0.006551 -0.007277 0.999952 
-0.009719 -0.001893 0.999951 0.000394 -0.001794 0.999998 0.000233 -0.000466 1.000000 -0.000152 -0.000211 1.000000 0.001684 0.000846 0.999998 -0.006506 -0.007226 0.999953 
-0.009768 -0.001902 0.999950 0.000377 -0.001715 0.999998 0.000202 -0.000405 1.000000 -0.000165 -0.000230 1.000000 0.002005 0.001007 0.999997 -0.006765 -0.007514 0.999949 
-0.009834 -0.001915 0.999950 0.000367 -0.001671 0.999999 0.000181 -0.000361 1.000000 -0.000181 -0.000251 1.000000 0.001815 0.000912 0.999998 -0.006701 -0.007443 0.999950 
-0.009890 -0.001926 0.999949 0.000360 -0.001635 0.999999 0.000162 -0.000324 1.000000 -0.000194 -0.000270 1.000000 0.001645 0.000826 0.999998 -0.006642 -0.007377 0.999951 
-0.009941 -0.001936 0.999949 0.000353 -0.001604 0.999999 0.000146 -0.000292 1.000000 -0.000206 -0.000286 1.000000 0.001491 0.000749 0.999999 -0.006589 -0.007319 0.999952 
-0.009985 -0.001945 0.999948 0.000348 -0.001582 0.999999 0.000135 -0.000270 1.000000 -0.000217 -0.000301 1.000000 0.001356 0.000681 0.999999 -0.006541 -0.007266 0.999952 
-0.010036 -0.001955 0.999948 0.000343 -0.001558 0.999999 0.000122 -0.000244 1.000000 -0.000227 -0.000315 1.000000 0.001232 0.000619 0.999999 -0.006504 -0.007225 0.999953 
-0.010082 -0.001964 0.999947 0.000338 -0.001537 0.999999 0.000111 -0.000222 1.000000 -0.000235 -0.000327 1.000000 0.001120 0.000563 0.999999 -0.006470 -0.007187 0.999953 
-0.010126 -0.001973 0.999947 0.000333 -0.001516 0.999999 0.000100 -0.000199 1.000000 -0.000243 -0.000338 1.000000 0.001020 0.000512 0.999999 -0.006441 -0.007155 0.999954 
-0.010164 -0.001980 0.999946 0.000330 -0.001500 0.999999 0.000091 -0.000182 1.000000 -0.000251 -0.000348 1.000000 0.000930 0.000467 0.999999 -0.006414 -0.007125 0.999954 
-0.010193 -0.001986 0.999946 0.000328 -0.001491 0.999999 0.000086 -0.000173 1.000000 -0.000257 -0.000357 1.000000 0.000849 0.000427 1.000000 -0.006388 -0.007097 0.999954 
-0.010221 -0.001992 0.999946 0.000325 -0.001478 0.999999 0.000080 -0.000161 1.000000 -0.000262 -0.000365 1.000000 0.000777 0.000390 1.000000 -0.006365 -0.007071 0.999955 
-0.010247 -0.001997 0.999946 0.000323 -0.001469 0.999999 0.000075 -0.000151 1.000000 -0.000267 -0.000372 1.000000 0.000711 0.000357 1.000000 -0.006344 -0.007047 0.999955 
-0.010237 -0.001995 0.999946 0.000322 -0.001462 0.999999 0.000072 -0.000143 1.000000 -0.000258 -0.000358 1.000000 0.001220 0.000613 0.999999 -0.006651 -0.007388 0.999951 
-0.010262 -0.002000 0.999945 0.000319 -0.001452 0.999999 0.000068 -0.000135 1.000000 -0.000263 -0.000365 1.000000 0.001110 0.000558 0.999999 -0.006603 -0.007335 0.999951 
-0.010191 -0.001986 0.999946 0.000309 -0.001403 0.999999 0.000355 -0.000709 1.000000 -0.000120 -0.000166 1.000000 0.002245 0.001128 0.999997 -0.007344 -0.008155 0.999940 
-0.010214 -0.001991 0.999946 0.000301 -0.001369 0.999999 0.000333 -0.000665 1.000000 -0.000127 -0.000176 1.000000 0.002038 0.001024 0.999997 -0.007230 -0.008028 0.999942 
-0.010257 -0.001999 0.999945 0.000291 -0.001321 0.999999 0.000309 -0.000617 1.000000 -0.000132 -0.000183 1.000000 0.001849 0.000929 0.999998 -0.007138 -0.007926 0.999943 
-0.010314 -0.002010 0.999945 0.000278 -0.001265 0.999999 0.000281 -0.000561 1.000000 -0.000137 -0.000190 1.000000 0.001675 0.000842 0.999998 -0.007065 -0.007845 0.999944 
-0.010367 -0.002021 0.999944 0.000267 -0.001215 0.999999 0.000255 -0.000510 1.000000 -0.000141 -0.000196 1.000000 0.001518 0.000763 0.999999 -0.006999 -0.007772 0.999945 
-0.010423 -0.002032 0.999944 0.000257 -0.001167 0.999999 0.000231 -0.000461 1.000000 -0.000146 -0.000203 1.000000 0.001375 0.000691 0.999999 -0.006944 -0.007711 0.999946 
-0.010479 -0.002043 0.999943 0.000247 -0.001124 0.999999 0.000209 -0.000417 1.000000 -0.000150 -0.000208 1.000000 0.001246 0.000626 0.999999 -0.006897 -0.007659 0.999947 
-0.010530 -0.002053 0.999942 0.000239 -0.001087 0.999999 0.000190 -0.000380 1.000000 -0.000153 -0.000213 1.000000 0.001130 0.000568 0.999999 -0.006856 -0.007613 0.999948 
-0.010577 -0.002062 0.999942 0.000232 -0.001053 0.999999 0.000173 -0.000346 1.000000 -0.000157 -0.000218 1.000000 0.001024 0.000515 0.999999 -0.006818 -0.007572 0.999948 
-0.010623 -0.002071 0.999941 0.000225 -0.001022 0.999999 0.000157 -0.000313 1.000000 -0.000160 -0.000222 1.000000 0.000928 0.000466 0.999999 -0.006786 -0.007537 0.999949 
-0.010670 -0.002081 0.999941 0.000218 -0.000991 0.999999 0.000140 -0.000280 1.000000 -0.000163 -0.000227 1.000000 0.000841 0.000422 1.000000 -0.006760 -0.007507 0.999949 
-0.010715 -0.002090 0.999940 0.000212 -0.000964 1.000000 0.000125 -0.000250 1.000000 -0.000166 -0.000231 1.000000 0.000762 0.000383 1.000000 -0.006738 -0.007483 0.999949 
-0.010699 -0.002086 0.999941 0.000202 -0.000918 1.000000 0.000331 -0.000661 1.000000 -0.000110 -0.000152 1.000000 0.001637 0.000823 0.999998 -0.007399 -0.008214 0.999939 
-0.010711 -0.002089 0.999940 0.000196 -0.000891 1.000000 0.000310 -0.000618 1.000000 -0.000110 -0.000153 1.000000 0.001488 0.000748 0.999999 -0.007304 -0.008109 0.999940 
-0.010750 -0.002096 0.999940 0.000186 -0.000843 1.000000 0.000285 -0.000570 1.000000 -0.000108 -0.000150 1.000000 0.001349 0.000678 0.999999 -0.007233 -0.008029 0.999942 
-0.010790 -0.002104 0.999940 0.000176 -0.000798 1.000000 0.000263 -0.000526 1.000000 -0.000106 -0.000147 1.000000 0.001224 0.000615 0.999999 -0.007171 -0.007962 0.999943 
-0.010837 -0.002114 0.999939 0.000166 -0.000755 1.000000 0.000242 -0.000483 1.000000 -0.000104 -0.000144 1.000000 0.001111 0.000558 0.999999 -0.007121 -0.007906 0.999943 
-0.010860 -0.002118 0.999939 0.000154 -0.000698 1.000000 -0.000011 0.000023 1.000000 -0.000130 -0.000180 1.000000 0.002124 0.001068 0.999997 -0.007634 -0.008474 0.999935 
-0.010881 -0.002123 0.999939 0.000158 -0.000717 1.000000 -0.000003 0.000005 1.000000 -0.000138 -0.000192 1.000000 0.001916 0.000964 0.999998 -0.007525 -0.008354 0.999937 
-0.011371 -0.002218 0.999933 0.000288 -0.001307 0.999999 -0.000004 0.000009 1.000000 -0.000102 -0.000142 1.000000 0.001709 0.000859 0.999998 -0.007403 -0.008221 0.999939 
-0.011405 -0.002224 0.999932 0.000292 -0.001327 0.999999 0.000004 -0.000009 1.000000 -0.000121 -0.000168 1.000000 0.001554 0.000781 0.999998 -0.007349 -0.008161 0.999940 
-0.011444 -0.002232 0.999932 0.000296 -0.001343 0.999999 0.000011 -0.000022 1.000000 -0.000137 -0.000190 1.000000 0.001415 0.000711 0.999999 -0.007304 -0.008111 0.999940 
-0.011479 -0.002239 0.999932 0.000298 -0.001354 0.999999 0.000016 -0.000032 1.000000 -0.000152 -0.000211 1.000000 0.001288 0.000648 0.999999 -0.007265 -0.008067 0.999941 
-0.012413 -0.002420 0.999920 0.000522 -0.002370 0.999997 0.000022 -0.000044 1.000000 -0.000075 -0.000105 1.000000 0.001174 0.000590 0.999999 -0.007251 -0.008053 0.999941 
-0.012459 -0.002430 0.999919 0.000515 -0.002341 0.999997 0.000031 -0.000062 1.000000 -0.000106 -0.000148 1.000000 0.001072 0.000539 0.999999 -0.007275 -0.008080 0.999941 
-0.012530 -0.002443 0.999919 0.000516 -0.002345 0.999997 0.000035 -0.000071 1.000000 -0.000145 -0.000201 1.000000 0.000978 0.000492 0.999999 -0.007312 -0.008121 0.999940 
-0.012602 -0.002458 0.999918 0.000519 -0.002355 0.999997 0.000037 -0.000074 1.000000 -0.000181 -0.000252 1.000000 0.000893 0.000449 1.000000 -0.007349 -0.008162 0.999940 
-0.012670 -0.002471 0.999917 0.000521 -0.002365 0.999997 0.000038 -0.000077 1.000000 -0.000213 -0.000296 1.000000 0.000816 0.000410 1.000000 -0.007383 -0.008200 0.999939 
-0.014104 -0.002749 0.999897 0.000792 -0.003598 0.999993 0.000046 -0.000092 1.000000 -0.000048 -0.000066 1.000000 0.000749 0.000377 1.000000 -0.007484 -0.008314 0.999937 
-0.014164 -0.002761 0.999896 0.000752 -0.003416 0.999994 0.000052 -0.000104 1.000000 -0.000073 -0.000102 1.000000 0.000681 0.000342 1.000000 -0.007585 -0.008426 0.999936 
-0.014839 -0.002891 0.999886 0.000893 -0.004060 0.999991 0.000116 -0.000232 1.000000 -0.000065 -0.000090 1.000000 0.000448 0.000225 1.000000 -0.007628 -0.008476 0.999935 
-0.015118 -0.002945 0.999881 0.000921 -0.004188 0.999991 0.000118 -0.000235 1.000000 -0.000051 -0.000071 1.000000 0.000409 0.000206 1.000000 -0.007699 -0.008556 0.999934 
-0.014967 -0.002914 0.999884 0.000888 -0.004039 0.999991 0.000119 -0.000237 1.000000 -0.000117 -0.000162 1.000000 0.000375 0.000188 1.000000 -0.007737 -0.008601 0.999933 
-0.014991 -0.002919 0.999883 0.001046 -0.004759 0.999988 0.000290 -0.000580 1.000000 -0.000156 -0.000217 1.000000 0.000982 0.000493 0.999999 -0.008064 -0.008970 0.999927 
-0.015016 -0.002923 0.999883 0.000991 -0.004507 0.999989 0.000494 -0.000988 0.999999 -0.000334 -0.000464 1.000000 0.000149 0.000075 1.000000 -0.008061 -0.008967 0.999927 
-0.015131 -0.002945 0.999881 0.001126 -0.005124 0.999986 0.000286 -0.000572 1.000000 -0.000323 -0.000449 1.000000 0.001140 0.000573 0.999999 -0.008340 -0.009282 0.999922 
-0.015172 -0.002953 0.999881 0.001062 -0.004829 0.999988 0.000270 -0.000540 1.000000 -0.000333 -0.000463 1.000000 0.001039 0.000522 0.999999 -0.008411 -0.009360 0.999921 
-0.015237 -0.002966 0.999880 0.001011 -0.004599 0.999989 0.000259 -0.000518 1.000000 -0.000348 -0.000484 1.000000 0.000950 0.000477 0.999999 -0.008489 -0.009448 0.999919 
-0.015326 -0.002983 0.999878 0.000970 -0.004411 0.999990 0.000247 -0.000493 1.000000 -0.000366 -0.000509 1.000000 0.000869 0.000437 1.000000 -0.008574 -0.009543 0.999918 
-0.015416 -0.003001 0.999877 0.000935 -0.004253 0.999991 0.000232 -0.000464 1.000000 -0.000385 -0.000536 1.000000 0.000790 0.000397 1.000000 -0.008652 -0.009629 0.999916 
-0.015498 -0.003017 0.999875 0.000904 -0.004114 0.999991 0.000219 -0.000437 1.000000 -0.000402 -0.000560 1.000000 0.000720 0.000362 1.000000 -0.008720 -0.009705 0.999915 
-0.015573 -0.003031 0.999874 0.000873 -0.003970 0.999992 0.000206 -0.000413 1.000000 -0.000416 -0.000579 1.000000 0.000657 0.000330 1.000000 -0.008786 -0.009778 0.999914 
-0.015643 -0.003045 0.999873 0.000837 -0.003810 0.999992 0.000194 -0.000388 1.000000 -0.000425 -0.000591 1.000000 0.000598 0.000301 1.000000 -0.008852 -0.009852 0.999912 
-0.015628 -0.003042 0.999873 0.000796 -0.003623 0.999993 -0.000009 0.000018 1.000000 -0.000436 -0.000607 1.000000 0.001477 0.000743 0.999999 -0.009325 -0.010378 0.999903 
-0.015678 -0.003052 0.999872 0.000781 -0.003551 0.999993 -0.000001 0.000003 1.000000 -0.000458 -0.000637 1.000000 0.001343 0.000675 0.999999 -0.009331 -0.010385 0.999903 
-0.015728 -0.003062 0.999872 0.000767 -0.003489 0.999994 0.000006 -0.000011 1.000000 -0.000478 -0.000665 1.000000 0.001221 0.000614 0.999999 -0.009340 -0.010395 0.999902 
-0.015771 -0.003070 0.999871 0.000750 -0.003413 0.999994 0.000011 -0.000022 1.000000 -0.000493 -0.000687 1.000000 0.001110 0.000558 0.999999 -0.009348 -0.010404 0.999902 
-0.015810 -0.003078 0.999870 0.000739 -0.003360 0.999994 0.000016 -0.000032 1.000000 -0.000510 -0.000710 1.000000 0.001010 0.000508 0.999999 -0.009354 -0.010412 0.999902 
-0.015848 -0.003085 0.999870 0.000732 -0.003328 0.999994 0.000021 -0.000041 1.000000 -0.000529 -0.000736 1.000000 0.000919 0.000462 0.999999 -0.009361 -0.010418 0.999902 
-0.015879 -0.003091 0.999869 0.000718 -0.003265 0.999994 0.000243 -0.000485 1.000000 -0.000668 -0.000930 0.999999 0.000142 0.000072 1.000000 -0.009286 -0.010336 0.999903 
-0.015900 -0.003095 0.999869 0.000701 -0.003189 0.999995 0.000226 -0.000452 1.000000 -0.000659 -0.000918 0.999999 0.000132 0.000067 1.000000 -0.009295 -0.010346 0.999903 
-0.015820 -0.003080 0.999870 0.000669 -0.003042 0.999995 -0.000282 0.000563 1.000000 -0.000594 -0.000826 0.999999 0.001479 0.000744 0.999999 -0.009653 -0.010745 0.999896 
-0.015804 -0.003077 0.999870 0.000666 -0.003029 0.999995 -0.000241 0.000481 1.000000 -0.000607 -0.000845 0.999999 0.001328 0.000668 0.999999 -0.009604 -0.010691 0.999897 
-0.015789 -0.003074 0.999871 0.000662 -0.003011 0.999995 -0.000305 0.000609 1.000000 -0.000864 -0.001203 0.999999 0.000396 0.000199 1.000000 -0.009319 -0.010376 0.999903 
-0.015786 -0.003073 0.999871 0.000666 -0.003028 0.999995 0.000193 -0.000386 1.000000 -0.001106 -0.001540 0.999998 -0.001034 -0.000520 0.999999 -0.009152 -0.010189 0.999906 
-0.015692 -0.003055 0.999872 0.000652 -0.002965 0.999995 0.000307 -0.000614 1.000000 -0.000985 -0.001372 0.999999 -0.000692 -0.000348 1.000000 -0.009264 -0.010313 0.999904 
-0.015618 -0.003040 0.999873 0.000646 -0.002938 0.999995 0.000294 -0.000586 1.000000 -0.000946 -0.001317 0.999999 -0.000614 -0.000309 1.000000 -0.009214 -0.010257 0.999905 
-0.015546 -0.003027 0.999875 0.000631 -0.002872 0.999996 0.000282 -0.000563 1.000000 -0.000899 -0.001252 0.999999 -0.000542 -0.000273 1.000000 -0.009166 -0.010204 0.999906 
-0.015383 -0.002995 0.999877 0.000616 -0.002802 0.999996 -0.000261 0.000521 1.000000 -0.000815 -0.001135 0.999999 0.000868 0.000437 1.000000 -0.009434 -0.010506 0.999900 
-0.015326 -0.002984 0.999878 0.000615 -0.002798 0.999996 -0.000233 0.000465 1.000000 -0.000800 -0.001114 0.999999 0.000792 0.000399 1.000000 -0.009356 -0.010419 0.999902 
-0.015264 -0.002972 0.999879 0.000622 -0.002830 0.999996 -0.000167 0.000332 1.000000 -0.000811 -0.001130 0.999999 0.000628 0.000316 1.000000 -0.009272 -0.010327 0.999904 
-0.015222 -0.002964 0.999880 0.000629 -0.002862 0.999996 -0.000142 0.000283 1.000000 -0.000804 -0.001120 0.999999 0.000575 0.000289 1.000000 -0.009212 -0.010259 0.999905 
-0.015185 -0.002957 0.999880 0.000637 -0.002895 0.999996 -0.000119 0.000238 1.000000 -0.000798 -0.001111 0.999999 0.000528 0.000266 1.000000 -0.009157 -0.010199 0.999906 
-0.015153 -0.002951 0.999881 0.000643 -0.002924 0.999996 -0.000100 0.000199 1.000000 -0.000791 -0.001102 0.999999 0.000485 0.000244 1.000000 -0.009107 -0.010143 0.999907 
-0.015124 -0.002946 0.999881 0.000649 -0.002950 0.999995 -0.000081 0.000163 1.000000 -0.000786 -0.001095 0.999999 0.000447 0.000225 1.000000 -0.009063 -0.010094 0.999908 
-0.015097 -0.002940 0.999882 0.000650 -0.002954 0.999995 -0.000167 0.000333 1.000000 -0.000943 -0.001314 0.999999 -0.000087 -0.000044 1.000000 -0.008857 -0.009867 0.999912 
-0.015057 -0.002933 0.999882 0.000658 -0.002992 0.999995 -0.000082 0.000163 1.000000 -0.000872 -0.001216 0.999999 0.000217 0.000109 1.000000 -0.008984 -0.010008 0.999910 
-0.015034 -0.002928 0.999883 0.000665 -0.003022 0.999995 -0.000060 0.000121 1.000000 -0.000860 -0.001199 0.999999 0.000207 0.000104 1.000000 -0.008953 -0.009974 0.999910 
