0.000380 -0.001789 0.999998 0.009247 0.001923 0.999955 0.009224 0.001977 0.999956 0.000301 -0.001590 0.999999 
0.000352 -0.001658 0.999999 0.008137 0.001692 0.999965 0.008116 0.001739 0.999966 0.000281 -0.001483 0.999999 
0.000319 -0.001503 0.999999 0.007348 0.001528 0.999972 0.007330 0.001571 0.999972 0.000254 -0.001345 0.999999 
0.000291 -0.001369 0.999999 0.006659 0.001384 0.999977 0.006642 0.001423 0.999977 0.000232 -0.001226 0.999999 
-0.000024 0.000111 1.000000 0.007680 0.001597 0.999969 0.007671 0.001645 0.999969 -0.000054 0.000283 1.000000 
0.000870 -0.004094 0.999991 0.009943 0.002067 0.999948 0.009906 0.002123 0.999949 0.000736 -0.003889 0.999992 
0.000018 -0.000084 1.000000 0.013973 0.002917 0.999898 0.013954 0.003002 0.999898 -0.000043 0.000229 1.000000 
0.000113 -0.000530 1.000000 0.012275 0.002561 0.999921 0.012256 0.002636 0.999921 0.000049 -0.000257 1.000000 
-0.000347 0.001628 0.999999 0.008390 0.001749 0.999963 0.008389 0.001802 0.999963 -0.000346 0.001823 0.999998 
-0.000096 0.000452 1.000000 0.009401 0.001954 0.999954 0.009392 0.002012 0.999954 -0.000126 0.000664 1.000000 
0.000119 -0.000559 1.000000 0.008733 0.001812 0.999960 0.008718 0.001865 0.999960 0.000069 -0.000366 1.000000 
-0.000289 0.001361 0.999999 0.006346 0.001316 0.999979 0.006346 0.001357 0.999979 -0.000285 0.001509 0.999999 
0.000114 -0.000541 1.000000 0.002722 0.000564 0.999996 0.002716 0.000580 0.999996 0.000091 -0.000482 1.000000 
-0.000311 0.001475 0.999999 0.000158 0.000033 1.000000 0.000167 0.000036 1.000000 -0.000279 0.001485 0.999999 
-0.000290 0.001374 0.999999 0.000103 0.000021 1.000000 0.000112 0.000024 1.000000 -0.000260 0.001382 0.999999 
0.000006 -0.000027 1.000000 -0.002214 -0.000457 0.999997 -0.002211 -0.000470 0.999997 0.000014 -0.000077 1.000000 
-0.000110 0.000521 1.000000 -0.002099 -0.000433 0.999998 -0.002093 -0.000445 0.999998 -0.000089 0.000476 1.000000 
-0.000369 0.001752 0.999998 -0.003235 -0.000667 0.999995 -0.003220 -0.000685 0.999995 -0.000317 0.001687 0.999999 
0.000041 -0.000194 1.000000 -0.004333 -0.000894 0.999990 -0.004329 -0.000920 0.999990 0.000055 -0.000292 1.000000 
0.000031 -0.000145 1.000000 -0.004530 -0.000934 0.999989 -0.004525 -0.000962 0.999989 0.000046 -0.000247 1.000000 
0.000357 -0.001692 0.999999 -0.006161 -0.001270 0.999980 -0.006164 -0.001310 0.999980 0.000345 -0.001838 0.999998 
0.000324 -0.001537 0.999999 -0.007195 -0.001483 0.999973 -0.007195 -0.001529 0.999973 0.000320 -0.001705 0.999998 
0.000293 -0.001392 0.999999 -0.008268 -0.001705 0.999964 -0.008266 -0.001757 0.999964 0.000297 -0.001583 0.999999 
0.000264 -0.001254 0.999999 -0.008633 -0.001780 0.999961 -0.008630 -0.001834 0.999961 0.000272 -0.001453 0.999999 
0.000236 -0.001122 0.999999 -0.008296 -0.001710 0.999964 -0.008292 -0.001763 0.999964 0.000246 -0.001312 0.999999 
0.000210 -0.000995 0.999999 -0.007277 -0.001501 0.999972 -0.007274 -0.001546 0.999972 0.000218 -0.001162 0.999999 
0.000184 -0.000873 1.000000 -0.005609 -0.001157 0.999984 -0.005607 -0.001192 0.999984 0.000188 -0.001002 0.999999 
0.000159 -0.000755 1.000000 -0.003282 -0.000677 0.999994 -0.003282 -0.000698 0.999994 0.000156 -0.000832 1.000000 
0.000135 -0.000643 1.000000 -0.002852 -0.000588 0.999996 -0.002852 -0.000606 0.999996 0.000133 -0.000709 1.000000 
0.000114 -0.000541 1.000000 -0.002545 -0.000525 0.999997 -0.002545 -0.000541 0.999997 0.000113 -0.000600 1.000000 
0.000096 -0.000457 1.000000 -0.002266 -0.000467 0.999997 -0.002266 -0.000482 0.999997 0.000096 -0.000510 1.000000 
0.000082 -0.000388 1.000000 -0.002035 -0.000420 0.999998 -0.002035 -0.000433 0.999998 0.000082 -0.000435 1.000000 
0.000068 -0.000322 1.000000 -0.001820 -0.000375 0.999998 -0.001819 -0.000387 0.999998 0.000068 -0.000365 1.000000 
0.000055 -0.000259 1.000000 -0.001636 -0.000337 0.999999 -0.001635 -0.000348 0.999999 0.000056 -0.000297 1.000000 
-0.000003 0.000015 1.000000 -0.001648 -0.000340 0.999999 -0.001646 -0.000350 0.999999 0.000004 -0.000022 1.000000 
-0.000250 0.001185 0.999999 -0.003221 -0.000663 0.999995 -0.003210 -0.000682 0.999995 -0.000210 0.001118 0.999999 
0.000103 -0.000490 1.000000 -0.003251 -0.000670 0.999994 -0.003250 -0.000691 0.999994 0.000106 -0.000565 1.000000 
0.000094 -0.000448 1.000000 -0.002930 -0.000604 0.999996 -0.002929 -0.000623 0.999996 0.000097 -0.000515 1.000000 
0.000084 -0.000399 1.000000 -0.002639 -0.000544 0.999996 -0.002638 -0.000561 0.999996 0.000086 -0.000459 1.000000 
-0.000289 0.001369 0.999999 -0.000291 -0.000060 1.000000 -0.000282 -0.000060 1.000000 -0.000257 0.001369 0.999999 
-0.000186 0.000881 1.000000 0.000747 0.000154 1.000000 0.000751 0.000160 1.000000 -0.000169 0.000901 1.000000 
-0.000168 0.000797 1.000000 0.000685 0.000141 1.000000 0.000689 0.000147 1.000000 -0.000153 0.000816 1.000000 
0.000242 -0.001146 0.999999 0.001539 0.000318 0.999999 0.001530 0.000326 0.999999 0.000210 -0.001116 0.999999 
0.000212 -0.001002 0.999999 0.003350 0.000693 0.999994 0.003340 0.000712 0.999994 0.000175 -0.000931 1.000000 
0.000102 -0.000481 1.000000 0.002765 0.000573 0.999996 0.002758 0.000589 0.999996 0.000079 -0.000421 1.000000 
-0.000214 0.001009 0.999999 0.007933 0.001647 0.999967 0.007929 0.001697 0.999967 -0.000225 0.001191 0.999999 
0.000617 -0.002878 0.999996 0.018641 0.003916 0.999819 0.018599 0.004027 0.999819 0.000473 -0.002473 0.999997 
0.000309 -0.001395 0.999999 0.032394 0.007021 0.999451 0.032342 0.007217 0.999451 0.000134 -0.000676 1.000000 
0.000231 -0.001008 0.999999 0.046623 0.010479 0.998858 0.046552 0.010763 0.998858 -0.000006 0.000031 1.000000 
0.000245 -0.001081 0.999999 0.051255 0.011371 0.998621 0.051178 0.011683 0.998621 -0.000013 0.000062 1.000000 
0.000666 -0.003000 0.999995 0.050009 0.010887 0.998689 0.049923 0.011189 0.998690 0.000377 -0.001894 0.999998 
0.000782 -0.003527 0.999993 0.037259 0.008093 0.999273 0.037188 0.008316 0.999274 0.000537 -0.002709 0.999996 
0.000711 -0.003208 0.999995 0.030393 0.006600 0.999516 0.030333 0.006782 0.999517 0.000504 -0.002543 0.999997 
0.000365 -0.001609 0.999999 0.035765 0.007952 0.999329 0.035706 0.008169 0.999329 0.000166 -0.000816 1.000000 
0.103504 0.016483 0.994492 -0.001166 0.006305 0.999979 -0.000414 0.001770 0.999998 -0.012731 -0.006515 0.999898 0.069404 0.016347 0.997455 0.012564 0.005621 0.999905 
0.091899 0.014870 0.995657 -0.000377 0.002017 0.999998 -0.000919 0.003898 0.999992 0.044001 0.022638 0.998775 0.091771 0.021781 0.995542 0.046930 0.021276 0.998672 
0.077622 0.013260 0.996895 -0.000406 0.002071 0.999998 -0.001667 0.006930 0.999975 0.084975 0.043572 0.995430 0.115273 0.027835 0.992944 0.062530 0.028698 0.997630 
0.066210 0.011713 0.997737 -0.000081 0.000401 1.000000 -0.002723 0.011005 0.999936 0.100717 0.051901 0.993560 0.141637 0.035058 0.989298 0.056895 0.026433 0.998030 
0.048130 0.008836 0.998802 -0.000032 0.000154 1.000000 -0.003199 0.012587 0.999916 0.105332 0.053976 0.992971 0.156803 0.039788 0.986828 0.042759 0.019844 0.998888 
0.027022 0.005082 0.999622 -0.000003 0.000014 1.000000 -0.002265 0.008747 0.999959 0.108376 0.054284 0.992627 0.163173 0.042296 0.985690 0.028545 0.012939 0.999509 
0.009495 0.001808 0.999953 -0.000003 0.000015 1.000000 -0.000541 0.002067 0.999998 0.107469 0.052325 0.992831 0.161399 0.042477 0.985975 0.015601 0.006851 0.999855 
-0.000063 -0.000012 1.000000 -0.000000 0.000000 1.000000 0.001517 -0.005792 0.999982 0.100328 0.047558 0.993817 0.153372 0.040617 0.987333 0.003636 0.001548 0.999992 
0.006479 0.001233 0.999978 0.001615 -0.007502 0.999971 0.001850 -0.007089 0.999973 0.089820 0.042536 0.995049 0.142331 0.037573 0.989106 0.006213 0.002645 0.999977 
0.003568 0.000678 0.999993 0.002219 -0.010321 0.999944 0.002288 -0.008768 0.999959 0.084743 0.040165 0.995593 0.133256 0.035200 0.990456 0.005445 0.002320 0.999982 
0.001860 0.000352 0.999998 0.002889 -0.013477 0.999905 0.002520 -0.009719 0.999950 0.076948 0.036405 0.996370 0.121753 0.031960 0.992046 0.004505 0.001920 0.999988 
-0.001653 -0.000306 0.999999 0.003944 -0.018745 0.999817 0.002937 -0.011494 0.999930 0.067219 0.031695 0.997235 0.107922 0.027932 0.993767 0.002314 0.000982 0.999997 
-0.004185 -0.000748 0.999991 0.004984 -0.024454 0.999689 0.004602 -0.018417 0.999820 0.057911 0.027314 0.997948 0.098898 0.025105 0.994781 -0.004320 -0.001828 0.999989 
-0.005829 -0.001002 0.999983 0.006020 -0.030549 0.999515 0.004077 -0.016805 0.999850 0.045891 0.021764 0.998709 0.083425 0.020527 0.996303 -0.005404 -0.002302 0.999983 
-0.010102 -0.001673 0.999948 0.006920 -0.036259 0.999318 0.003911 -0.016686 0.999853 0.033196 0.015810 0.999324 0.066258 0.015737 0.997678 -0.008278 -0.003552 0.999959 
-0.014832 -0.002362 0.999887 0.007751 -0.041955 0.999089 0.003923 -0.017353 0.999842 0.020398 0.009759 0.999744 0.049011 0.011217 0.998735 -0.011567 -0.005001 0.999921 
-0.019872 -0.003036 0.999798 0.008465 -0.047418 0.998839 0.004130 -0.018973 0.999811 0.007646 0.003671 0.999964 0.031726 0.006985 0.999472 -0.015201 -0.006615 0.999863 
-0.025736 -0.003765 0.999662 0.009055 -0.052510 0.998579 0.004364 -0.020825 0.999774 -0.005043 -0.002424 0.999984 0.014715 0.003116 0.999887 -0.019496 -0.008515 0.999774 
-0.032249 -0.004511 0.999470 0.009382 -0.056358 0.998367 0.004444 -0.021733 0.999754 -0.013919 -0.006678 0.999881 0.003595 0.000742 0.999993 -0.024365 -0.010589 0.999647 
-0.035496 -0.004770 0.999358 0.009408 -0.058367 0.998251 0.004636 -0.022669 0.999732 -0.015908 -0.007595 0.999845 0.003264 0.000674 0.999994 -0.028346 -0.012123 0.999525 
-0.044003 -0.005678 0.999015 0.009144 -0.058493 0.998246 0.005209 -0.025474 0.999662 -0.019515 -0.009089 0.999768 0.002947 0.000608 0.999995 -0.039600 -0.016309 0.999082 
-0.058639 -0.007250 0.998253 0.008872 -0.058434 0.998252 0.005831 -0.028514 0.999576 -0.025424 -0.011436 0.999611 0.002644 0.000546 0.999996 -0.057800 -0.022687 0.998070 
-0.075050 -0.008896 0.997140 0.008814 -0.059637 0.998181 0.006370 -0.031147 0.999495 -0.032938 -0.014380 0.999354 0.002344 0.000484 0.999997 -0.077827 -0.029309 0.996536 
-0.091748 -0.010441 0.995727 0.008968 -0.062123 0.998028 0.006795 -0.033225 0.999425 -0.041126 -0.017594 0.998999 0.002059 0.000425 0.999998 -0.097434 -0.035636 0.994604 
-0.107361 -0.011757 0.994151 0.009168 -0.064842 0.997853 0.007166 -0.035037 0.999360 -0.048720 -0.020520 0.998602 0.001791 0.000370 0.999998 -0.115122 -0.041146 0.992499 
-0.120946 -0.012762 0.992577 0.009366 -0.067538 0.997673 0.007501 -0.036674 0.999299 -0.055384 -0.023054 0.998199 0.001537 0.000317 0.999999 -0.130310 -0.045715 0.990419 
-0.132400 -0.013494 0.991105 0.009551 -0.070093 0.997495 0.007777 -0.038111 0.999243 -0.061352 -0.025324 0.997795 0.001211 0.000249 0.999999 -0.143281 -0.049578 0.988439 
-0.142127 -0.013996 0.989749 0.009688 -0.072354 0.997332 0.007957 -0.039337 0.999194 -0.067036 -0.027472 0.997372 -0.000978 -0.000200 1.000000 -0.153606 -0.052628 0.986730 
-0.150317 -0.014312 0.988534 0.009759 -0.074181 0.997197 0.008132 -0.040538 0.999145 -0.072728 -0.029571 0.996913 -0.005521 -0.001116 0.999984 -0.161681 -0.054793 0.985321 
-0.157225 -0.014494 0.987456 0.009786 -0.075671 0.997085 0.008241 -0.041552 0.999102 -0.078647 -0.031730 0.996397 -0.011392 -0.002274 0.999933 -0.168388 -0.056528 0.984099 
-0.163077 -0.014557 0.986506 0.009779 -0.076944 0.996987 0.008306 -0.042419 0.999065 -0.084440 -0.033812 0.995855 -0.017458 -0.003436 0.999842 -0.174232 -0.057980 0.982996 
-0.168154 -0.014525 0.985654 0.009745 -0.078077 0.996900 0.008345 -0.043203 0.999031 -0.089720 -0.035661 0.995328 -0.023109 -0.004481 0.999723 -0.179356 -0.059182 0.982002 
-0.172564 -0.014414 0.984893 0.009688 -0.079081 0.996821 0.008361 -0.043909 0.999001 -0.094558 -0.037308 0.994820 -0.028342 -0.005411 0.999584 -0.183889 -0.060174 0.981103 
-0.176406 -0.014238 0.984215 0.009610 -0.079965 0.996751 0.008357 -0.044537 0.998973 -0.099024 -0.038781 0.994329 -0.033160 -0.006230 0.999431 -0.187949 -0.060992 0.980283 
-0.179736 -0.014007 0.983615 0.009512 -0.080736 0.996690 0.008334 -0.045092 0.998948 -0.103146 -0.040093 0.993858 -0.037569 -0.006944 0.999270 -0.191589 -0.061654 0.979537 
-0.182568 -0.013728 0.983097 0.009397 -0.081399 0.996637 0.008294 -0.045575 0.998926 -0.106920 -0.041245 0.993412 -0.041586 -0.007559 0.999106 -0.194808 -0.062164 0.978869 
-0.184905 -0.013403 0.982665 0.009264 -0.081957 0.996593 0.008237 -0.045992 0.998908 -0.110336 -0.042240 0.992996 -0.045232 -0.008083 0.998944 -0.197586 -0.062525 0.978290 
-0.186752 -0.013038 0.982321 0.009115 -0.082413 0.996557 0.008163 -0.046343 0.998892 -0.113395 -0.043081 0.992616 -0.048526 -0.008520 0.998786 -0.199916 -0.062740 0.977802 
-0.188126 -0.012636 0.982064 0.008951 -0.082784 0.996527 0.008077 -0.046643 0.998879 -0.115964 -0.043729 0.992290 -0.051398 -0.008863 0.998639 -0.201724 -0.062794 0.977427 
-0.189132 -0.012204 0.981876 0.008777 -0.083102 0.996502 0.007986 -0.046913 0.998867 -0.117902 -0.044135 0.992044 -0.053696 -0.009095 0.998516 -0.203016 -0.062688 0.977167 
-0.189946 -0.011756 0.981724 0.008596 -0.083382 0.996481 0.007894 -0.047152 0.998857 -0.119285 -0.044322 0.991870 -0.055341 -0.009212 0.998425 -0.204007 -0.062467 0.976975 
-0.190681 -0.011300 0.981587 0.008409 -0.083627 0.996462 0.007801 -0.047352 0.998848 -0.120238 -0.044330 0.991755 -0.056328 -0.009223 0.998370 -0.204881 -0.062171 0.976810 
-0.191171 -0.010831 0.981497 0.008213 -0.083805 0.996448 0.007701 -0.047498 0.998842 -0.120820 -0.044192 0.991690 -0.056832 -0.009155 0.998342 -0.205508 -0.061783 0.976703 
-0.191297 -0.010344 0.981478 0.008007 -0.083899 0.996442 0.007590 -0.047584 0.998838 -0.121044 -0.043923 0.991675 -0.056962 -0.009026 0.998336 -0.205775 -0.061288 0.976678 
-0.191059 -0.009844 0.981529 0.007790 -0.083906 0.996443 0.007469 -0.047607 0.998838 -0.120909 -0.043525 0.991709 -0.056719 -0.008840 0.998351 -0.205680 -0.060688 0.976736 
-0.190456 -0.009333 0.981651 0.007563 -0.083824 0.996452 0.007339 -0.047575 0.998841 -0.120411 -0.042999 0.991792 -0.056100 -0.008598 0.998388 -0.205225 -0.059985 0.976875 
-0.189485 -0.008815 0.981844 0.007326 -0.083638 0.996469 0.007213 -0.047568 0.998842 -0.119525 -0.042336 0.991928 -0.055102 -0.008303 0.998446 -0.204427 -0.059183 0.977091 
-0.188132 -0.008292 0.982109 0.007080 -0.083348 0.996495 0.007084 -0.047552 0.998844 -0.118265 -0.041547 0.992113 -0.053773 -0.007964 0.998521 -0.203241 -0.058275 0.977393 
-0.186378 -0.007766 0.982448 0.006824 -0.082949 0.996530 0.006947 -0.047488 0.998848 -0.116651 -0.040642 0.992341 -0.052205 -0.007595 0.998608 -0.201597 -0.057253 0.977794 
-0.184210 -0.007238 0.982860 0.006560 -0.082438 0.996575 0.006801 -0.047380 0.998854 -0.114665 -0.039618 0.992614 -0.050328 -0.007190 0.998707 -0.199520 -0.056123 0.978285 
-0.181604 -0.006710 0.983349 0.006288 -0.081812 0.996628 0.006642 -0.047182 0.998864 -0.112309 -0.038481 0.992928 -0.048096 -0.006743 0.998820 -0.197011 -0.054892 0.978863 
-0.178545 -0.006186 0.983912 0.006008 -0.081062 0.996691 0.006472 -0.046909 0.998878 -0.109561 -0.037225 0.993283 -0.045496 -0.006258 0.998945 -0.194055 -0.053555 0.979528 
-0.175022 -0.005666 0.984548 0.005721 -0.080184 0.996764 0.006292 -0.046560 0.998896 -0.106389 -0.035843 0.993678 -0.042495 -0.005731 0.999080 -0.190636 -0.052113 0.980277 
-0.171023 -0.005152 0.985254 0.005428 -0.079174 0.996846 0.006101 -0.046127 0.998917 -0.102760 -0.034327 0.994114 -0.039047 -0.005161 0.999224 -0.186737 -0.050560 0.981108 
-0.166533 -0.004645 0.986025 0.005128 -0.078028 0.996938 0.005899 -0.045597 0.998942 -0.098634 -0.032667 0.994587 -0.035099 -0.004546 0.999374 -0.182339 -0.048896 0.982019 
-0.161532 -0.004150 0.986859 0.004823 -0.076738 0.997040 0.005686 -0.044956 0.998973 -0.093973 -0.030856 0.995096 -0.030603 -0.003882 0.999524 -0.177417 -0.047117 0.983007 
-0.155992 -0.003666 0.987752 0.004515 -0.075300 0.997151 0.005460 -0.044188 0.999008 -0.088743 -0.028888 0.995636 -0.025512 -0.003168 0.999669 -0.171941 -0.045221 0.984069 
-0.149875 -0.003197 0.988700 0.004203 -0.073713 0.997271 0.005220 -0.043273 0.999050 -0.082919 -0.026762 0.996197 -0.019790 -0.002405 0.999801 -0.165876 -0.043209 0.985200 
-0.143137 -0.002743 0.989699 0.003890 -0.071967 0.997399 0.004964 -0.042188 0.999097 -0.076470 -0.024474 0.996771 -0.013417 -0.001595 0.999909 -0.159167 -0.041073 0.986397 
-0.135732 -0.002308 0.990743 0.003574 -0.070041 0.997538 0.004696 -0.040942 0.999150 -0.069351 -0.022012 0.997349 -0.006335 -0.000736 0.999980 -0.151787 -0.038807 0.987651 
-0.127603 -0.001908 0.991823 0.003264 -0.067889 0.997688 0.004442 -0.039578 0.999207 -0.061596 -0.019388 0.997913 -0.000481 -0.000055 1.000000 -0.142457 -0.036047 0.989144 
-0.118482 -0.001835 0.992954 0.003107 -0.065234 0.997865 0.004274 -0.038088 0.999265 -0.055229 -0.017342 0.998323 -0.000401 -0.000046 1.000000 -0.130134 -0.032838 0.990953 
-0.107632 -0.002022 0.994189 0.003113 -0.062445 0.998044 0.004047 -0.036066 0.999341 -0.049968 -0.015838 0.998625 -0.000316 -0.000036 1.000000 -0.117572 -0.030209 0.992605 
-0.095063 -0.002182 0.995469 0.003147 -0.059477 0.998225 0.003851 -0.034319 0.999403 -0.044115 -0.014188 0.998926 -0.000227 -0.000026 1.000000 -0.103479 -0.027273 0.994258 
-0.081346 -0.002228 0.996683 0.003180 -0.056534 0.998396 0.003646 -0.032495 0.999465 -0.037622 -0.012328 0.999216 -0.000131 -0.000015 1.000000 -0.087805 -0.023856 0.995852 
-0.067377 -0.002155 0.997725 0.003202 -0.053522 0.998562 0.003399 -0.030297 0.999535 -0.030925 -0.010333 0.999468 -0.000021 -0.000002 1.000000 -0.071392 -0.020019 0.997247 
-0.053539 -0.001952 0.998564 0.003190 -0.050344 0.998727 0.003124 -0.027846 0.999607 -0.024148 -0.008212 0.999675 0.000003 0.000000 1.000000 -0.054656 -0.015779 0.998381 
-0.039938 -0.001623 0.999201 0.003134 -0.046980 0.998891 0.002832 -0.025241 0.999677 -0.017320 -0.005982 0.999832 0.000010 0.000001 1.000000 -0.037853 -0.011214 0.999220 
-0.026549 -0.001185 0.999647 0.003040 -0.043463 0.999050 0.002519 -0.022453 0.999745 -0.010497 -0.003678 0.999938 0.000033 0.000004 1.000000 -0.021063 -0.006392 0.999758 
-0.014102 -0.000690 0.999900 0.002859 -0.038834 0.999242 0.002341 -0.020870 0.999779 -0.008708 -0.003061 0.999957 0.000072 0.000008 1.000000 -0.011246 -0.003458 0.999931 
-0.004085 -0.000214 0.999992 0.002644 -0.034480 0.999402 0.002302 -0.020466 0.999788 -0.006035 -0.002126 0.999980 0.001089 0.000124 0.999999 -0.003560 -0.001105 0.999993 
0.000242 0.000013 1.000000 0.002172 -0.027862 0.999609 0.002212 -0.019401 0.999809 0.000297 0.000105 1.000000 0.006167 0.000715 0.999981 -0.000224 -0.000070 1.000000 
0.000155 0.000008 1.000000 0.001666 -0.021326 0.999771 0.002197 -0.019317 0.999811 0.006702 0.002372 0.999975 0.010821 0.001252 0.999941 -0.000251 -0.000078 1.000000 
0.000143 0.000008 1.000000 0.001153 -0.014631 0.999892 0.002132 -0.018777 0.999821 0.014080 0.004979 0.999888 0.016994 0.001966 0.999854 -0.000223 -0.000070 1.000000 
0.000269 0.000015 1.000000 0.000655 -0.008212 0.999966 0.001992 -0.017461 0.999846 0.021011 0.007429 0.999752 0.023354 0.002716 0.999724 -0.000191 -0.000060 1.000000 
0.000962 0.000056 1.000000 0.000126 -0.001527 0.999999 0.001798 -0.015407 0.999880 0.026677 0.009438 0.999600 0.028839 0.003431 0.999578 -0.000157 -0.000049 1.000000 
0.000081 0.000005 1.000000 0.000008 -0.000098 1.000000 0.001592 -0.013390 0.999909 0.029576 0.010484 0.999508 0.032519 0.003939 0.999463 -0.000276 -0.000086 1.000000 
0.002712 0.000162 0.999996 -0.000069 0.000827 1.000000 0.001339 -0.011161 0.999937 0.029801 0.010587 0.999500 0.034578 0.004223 0.999393 0.001044 0.000326 0.999999 
0.003735 0.000221 0.999993 -0.000004 0.000051 1.000000 0.000986 -0.008197 0.999966 0.028619 0.010177 0.999539 0.034392 0.004209 0.999400 0.002553 0.000797 0.999996 
0.003384 0.000200 0.999994 0.000006 -0.000076 1.000000 0.000702 -0.005815 0.999983 0.026535 0.009442 0.999603 0.033047 0.004056 0.999446 0.002370 0.000740 0.999997 
0.003072 0.000182 0.999995 0.000003 -0.000035 1.000000 0.000517 -0.004273 0.999991 0.024267 0.008636 0.999668 0.030742 0.003778 0.999520 0.002253 0.000704 0.999997 
0.003899 0.000230 0.999992 -0.000018 0.000213 1.000000 0.000308 -0.002551 0.999997 0.021108 0.007510 0.999749 0.027019 0.003315 0.999629 0.003122 0.000975 0.999995 
0.003522 0.000208 0.999994 -0.000027 0.000327 1.000000 0.000104 -0.000862 1.000000 0.016474 0.005857 0.999847 0.021577 0.002642 0.999764 0.002899 0.000905 0.999995 
0.003140 0.000186 0.999995 -0.000071 0.000853 1.000000 0.000075 -0.000622 1.000000 0.011415 0.004058 0.999927 0.014883 0.001822 0.999888 0.002274 0.000710 0.999997 
0.002176 0.000127 0.999998 -0.000146 0.001763 0.999998 0.000042 -0.000345 1.000000 0.006141 0.002183 0.999979 0.007847 0.000960 0.999969 0.001079 0.000336 0.999999 
-0.002652 -0.000154 0.999996 -0.000220 0.002670 0.999996 0.000007 -0.000062 1.000000 0.000511 0.000182 1.000000 0.000271 0.000033 1.000000 -0.002988 -0.000931 0.999995 
-0.008298 -0.000469 0.999965 -0.000261 0.003236 0.999995 -0.000006 0.000051 1.000000 0.000275 0.000098 1.000000 0.000105 0.000013 1.000000 -0.007589 -0.002357 0.999968 
-0.013741 -0.000757 0.999905 -0.000282 0.003555 0.999994 -0.000028 0.000231 1.000000 0.000014 0.000005 1.000000 0.002832 0.000349 0.999996 -0.014116 -0.004366 0.999891 
-0.019193 -0.001043 0.999815 -0.000303 0.003860 0.999993 -0.000102 0.000839 1.000000 -0.000247 -0.000088 1.000000 0.004379 0.000541 0.999990 -0.019539 -0.006030 0.999791 
-0.025045 -0.001338 0.999685 -0.000303 0.003913 0.999992 -0.000094 0.000772 1.000000 -0.000269 -0.000096 1.000000 0.003957 0.000489 0.999992 -0.023741 -0.007311 0.999691 
-0.034234 -0.001804 0.999412 -0.000404 0.005269 0.999986 -0.000087 0.000717 1.000000 -0.000412 -0.000145 1.000000 0.003574 0.000442 0.999994 -0.031151 -0.009507 0.999469 
-0.046313 -0.002391 0.998924 -0.000538 0.007130 0.999974 -0.000096 0.000792 1.000000 -0.002014 -0.000697 0.999998 0.002909 0.000360 0.999996 -0.041990 -0.012495 0.999040 
-0.056196 -0.002819 0.998416 -0.000661 0.008956 0.999960 -0.000172 0.001412 0.999999 -0.004873 -0.001648 0.999987 0.002619 0.000324 0.999997 -0.052371 -0.015148 0.998513 
-0.065106 -0.003184 0.997873 -0.000766 0.010574 0.999944 0.000013 -0.000104 1.000000 -0.008947 -0.002961 0.999956 -0.001596 -0.000197 0.999999 -0.061284 -0.017269 0.997971 
-0.071597 -0.003408 0.997428 -0.000825 0.011627 0.999932 -0.000079 0.000649 1.000000 -0.011108 -0.003631 0.999932 -0.000608 -0.000075 1.000000 -0.068965 -0.019110 0.997436 
-0.076560 -0.003564 0.997059 -0.000856 0.012253 0.999925 -0.000073 0.000596 1.000000 -0.013022 -0.004231 0.999906 -0.000552 -0.000068 1.000000 -0.074814 -0.020549 0.996986 
-0.080603 -0.003691 0.996739 -0.000888 0.012882 0.999917 -0.000286 0.002351 0.999997 -0.015654 -0.005070 0.999865 -0.000939 -0.000116 1.000000 -0.079596 -0.021753 0.996590 
-0.083863 -0.003789 0.996470 -0.000920 0.013472 0.999909 -0.000249 0.002041 0.999998 -0.016831 -0.005431 0.999844 -0.000923 -0.000114 1.000000 -0.083556 -0.022712 0.996244 
-0.086394 -0.003861 0.996254 -0.000953 0.014080 0.999900 -0.000196 0.001610 0.999999 -0.017589 -0.005657 0.999829 -0.000663 -0.000082 1.000000 -0.086803 -0.023485 0.995949 
-0.088208 -0.003917 0.996094 -0.000993 0.014747 0.999891 -0.000100 0.000821 1.000000 -0.018362 -0.005886 0.999814 -0.000746 -0.000092 1.000000 -0.089505 -0.024096 0.995695 
-0.089403 -0.003977 0.995988 -0.001037 0.015401 0.999881 -0.000037 0.000301 1.000000 -0.019019 -0.006087 0.999801 -0.002406 -0.000298 0.999997 -0.090353 -0.024293 0.995613 
-0.089734 -0.004008 0.995958 -0.001082 0.016036 0.999871 -0.000035 0.000290 1.000000 -0.018857 -0.006030 0.999804 -0.002220 -0.000275 0.999997 -0.090850 -0.024416 0.995565 
-0.089410 -0.004007 0.995987 -0.001121 0.016588 0.999862 -0.000057 0.000471 1.000000 -0.018365 -0.005872 0.999814 -0.001814 -0.000224 0.999998 -0.090578 -0.024344 0.995592 
-0.088415 -0.003984 0.996076 -0.001160 0.017116 0.999853 -0.000055 0.000447 1.000000 -0.017715 -0.005665 0.999827 -0.001644 -0.000203 0.999999 -0.089617 -0.024104 0.995685 
-0.086756 -0.003943 0.996222 -0.001200 0.017612 0.999844 -0.000115 0.000944 1.000000 -0.017090 -0.005474 0.999839 -0.001923 -0.000238 0.999998 -0.087663 -0.023633 0.995870 
-0.084501 -0.003881 0.996416 -0.001240 0.018071 0.999836 -0.000263 0.002166 0.999998 -0.016221 -0.005210 0.999855 -0.001783 -0.000220 0.999998 -0.084965 -0.023014 0.996118 
-0.081753 -0.003803 0.996645 -0.001279 0.018483 0.999828 -0.000241 0.001983 0.999998 -0.014570 -0.004690 0.999883 -0.001610 -0.000199 0.999999 -0.081786 -0.022233 0.996402 
-0.078753 -0.003714 0.996887 -0.001316 0.018835 0.999822 -0.000221 0.001818 0.999998 -0.012894 -0.004160 0.999908 -0.001452 -0.000179 0.999999 -0.078314 -0.021369 0.996700 
-0.075436 -0.003612 0.997144 -0.001351 0.019123 0.999816 -0.000203 0.001669 0.999999 -0.011145 -0.003604 0.999931 -0.001308 -0.000161 0.999999 -0.074470 -0.020403 0.997015 
-0.071707 -0.003490 0.997420 -0.001386 0.019397 0.999811 -0.000435 0.003568 0.999994 -0.009068 -0.002945 0.999955 0.001284 0.000159 0.999999 -0.070791 -0.019499 0.997301 
-0.067705 -0.003358 0.997700 -0.001418 0.019561 0.999808 -0.000666 0.005463 0.999985 -0.008085 -0.002639 0.999964 -0.001096 -0.000136 0.999999 -0.064322 -0.017856 0.997769 
-0.063009 -0.003190 0.998008 -0.001461 0.019856 0.999802 -0.000640 0.005227 0.999986 -0.004714 -0.001544 0.999988 0.002412 0.000300 0.999997 -0.060344 -0.016831 0.998036 
-0.058089 -0.003006 0.998307 -0.001490 0.019930 0.999800 -0.000242 0.001981 0.999998 -0.001740 -0.000571 0.999998 0.002809 0.000349 0.999996 -0.055621 -0.015591 0.998330 
-0.054818 -0.002903 0.998492 -0.001530 0.020116 0.999796 -0.000220 0.001796 0.999998 -0.001568 -0.000515 0.999999 0.002615 0.000324 0.999997 -0.052987 -0.014897 0.998484 
-0.051693 -0.002787 0.998659 -0.001557 0.020208 0.999795 -0.000293 0.002398 0.999997 -0.001591 -0.000523 0.999999 0.002823 0.000350 0.999996 -0.050555 -0.014252 0.998620 
-0.048424 -0.002641 0.998823 -0.001568 0.020166 0.999795 -0.000267 0.002179 0.999998 -0.001441 -0.000473 0.999999 0.002559 0.000318 0.999997 -0.047836 -0.013504 0.998764 
-0.044965 -0.002464 0.998986 -0.001565 0.020047 0.999798 -0.000240 0.001961 0.999998 -0.001299 -0.000427 0.999999 0.002323 0.000288 0.999997 -0.044981 -0.012704 0.998907 
-0.041323 -0.002265 0.999143 -0.001542 0.019719 0.999804 -0.000215 0.001758 0.999998 -0.001165 -0.000383 0.999999 0.002112 0.000262 0.999998 -0.041923 -0.011839 0.999051 
-0.037755 -0.002066 0.999285 -0.001492 0.019079 0.999817 -0.000192 0.001570 0.999999 -0.001039 -0.000341 0.999999 0.001926 0.000239 0.999998 -0.038796 -0.010951 0.999187 
-0.034568 -0.001889 0.999401 -0.001427 0.018245 0.999833 -0.000170 0.001392 0.999999 -0.000920 -0.000302 1.000000 0.001762 0.000219 0.999998 -0.035878 -0.010123 0.999305 
-0.031999 -0.001751 0.999486 -0.001354 0.017278 0.999850 -0.000205 0.001670 0.999999 -0.000891 -0.000293 1.000000 0.002453 0.000305 0.999997 -0.033857 -0.009558 0.999381 
-0.029286 -0.001599 0.999570 -0.001260 0.016084 0.999870 -0.000088 0.000714 1.000000 -0.000344 -0.000113 1.000000 0.004796 0.000597 0.999988 -0.032910 -0.009279 0.999415 
-0.027247 -0.001484 0.999628 -0.001156 0.014784 0.999890 -0.000088 0.000717 1.000000 -0.000227 -0.000075 1.000000 0.005164 0.000643 0.999986 -0.030931 -0.008724 0.999483 
-0.025806 -0.001399 0.999666 -0.001040 0.013327 0.999911 -0.000104 0.000849 1.000000 -0.000028 -0.000009 1.000000 0.007051 0.000878 0.999975 -0.030299 -0.008548 0.999504 
-0.024691 -0.001332 0.999694 -0.000919 0.011801 0.999930 0.000255 -0.002082 0.999998 0.000801 0.000263 1.000000 0.008698 0.001083 0.999962 -0.030518 -0.008587 0.999497 
-0.024046 -0.001296 0.999710 -0.000796 0.010226 0.999947 0.000234 -0.001910 0.999998 0.000730 0.000240 1.000000 0.007873 0.000980 0.999969 -0.028674 -0.008065 0.999556 
-0.023878 -0.001288 0.999714 -0.000665 0.008531 0.999963 0.000307 -0.002505 0.999997 0.000546 0.000179 1.000000 0.006550 0.000814 0.999978 -0.027241 -0.007663 0.999600 
-0.024106 -0.001301 0.999709 -0.000537 0.006881 0.999976 0.000285 -0.002323 0.999997 0.000516 0.000169 1.000000 0.005948 0.000740 0.999982 -0.026125 -0.007348 0.999632 
-0.024144 -0.001296 0.999708 -0.000402 0.005172 0.999987 0.000567 -0.004640 0.999989 0.001346 0.000441 0.999999 0.007614 0.000944 0.999971 -0.026828 -0.007533 0.999612 
-0.024831 -0.001328 0.999691 -0.000268 0.003460 0.999994 0.000662 -0.005425 0.999985 0.001063 0.000348 0.999999 0.005998 0.000742 0.999982 -0.026004 -0.007296 0.999635 
-0.025954 -0.001385 0.999662 -0.000186 0.002397 0.999997 0.000607 -0.004981 0.999987 0.000894 0.000293 1.000000 0.005455 0.000675 0.999985 -0.025893 -0.007262 0.999638 
-0.027159 -0.001444 0.999630 -0.000118 0.001522 0.999999 0.000730 -0.006006 0.999982 0.001268 0.000415 0.999999 0.006320 0.000780 0.999980 -0.027116 -0.007602 0.999603 
-0.028158 -0.001489 0.999602 -0.000051 0.000661 1.000000 0.000773 -0.006358 0.999979 0.001368 0.000447 0.999999 0.006480 0.000799 0.999979 -0.027636 -0.007739 0.999588 
-0.029636 -0.001563 0.999560 -0.000039 0.000504 1.000000 0.000710 -0.005839 0.999983 0.001178 0.000386 0.999999 0.005888 0.000726 0.999982 -0.028166 -0.007892 0.999572 
-0.031015 -0.001629 0.999518 -0.000029 0.000383 1.000000 0.000652 -0.005366 0.999985 0.001000 0.000327 0.999999 0.005350 0.000660 0.999985 -0.028690 -0.008037 0.999556 
-0.032050 -0.001676 0.999485 -0.000019 0.000248 1.000000 0.000785 -0.006470 0.999979 0.001350 0.000442 0.999999 0.006298 0.000776 0.999980 -0.030262 -0.008475 0.999506 
-0.033179 -0.001732 0.999448 0.000007 -0.000089 1.000000 0.001043 -0.008658 0.999962 0.000984 0.000322 0.999999 0.005117 0.000626 0.999987 -0.031490 -0.008827 0.999465 
-0.034217 -0.001780 0.999413 0.000025 -0.000334 1.000000 0.000949 -0.007880 0.999969 0.000733 0.000240 1.000000 0.004639 0.000567 0.999989 -0.031680 -0.008883 0.999459 
-0.035008 -0.001816 0.999385 0.000029 -0.000383 1.000000 0.000866 -0.007184 0.999974 0.000578 0.000189 1.000000 0.004208 0.000515 0.999991 -0.031759 -0.008914 0.999456 
-0.035707 -0.001849 0.999361 0.000012 -0.000162 1.000000 0.000791 -0.006562 0.999978 0.000526 0.000172 1.000000 0.003819 0.000467 0.999993 -0.031858 -0.008948 0.999452 
-0.036343 -0.001881 0.999338 -0.000024 0.000322 1.000000 0.000721 -0.005982 0.999982 0.000563 0.000185 1.000000 0.003461 0.000423 0.999994 -0.031986 -0.008988 0.999448 
-0.036919 -0.001912 0.999316 -0.000067 0.000878 1.000000 0.000652 -0.005413 0.999985 0.000616 0.000202 1.000000 0.003128 0.000383 0.999995 -0.032106 -0.009025 0.999444 
-0.037280 -0.001932 0.999303 -0.000108 0.001428 0.999999 0.000590 -0.004897 0.999988 0.000578 0.000190 1.000000 0.002831 0.000346 0.999996 -0.032204 -0.009054 0.999440 
-0.037606 -0.001950 0.999291 -0.000158 0.002075 0.999998 0.000582 -0.004828 0.999988 0.000727 0.000239 1.000000 0.002942 0.000360 0.999996 -0.032645 -0.009178 0.999425 
-0.037942 -0.001968 0.999278 -0.000209 0.002747 0.999996 0.000538 -0.004469 0.999990 0.000777 0.000255 1.000000 0.002860 0.000350 0.999996 -0.032925 -0.009258 0.999415 
-0.038292 -0.001988 0.999265 -0.000263 0.003463 0.999994 0.000486 -0.004037 0.999992 0.000744 0.000244 1.000000 0.002588 0.000316 0.999997 -0.033148 -0.009323 0.999407 
