-0.001495 -0.000989 0.999998 -0.002345 0.003509 0.999991 -0.002317 0.003515 0.999991 -0.001395 -0.000969 0.999999 
-0.001079 -0.000715 0.999999 -0.002285 0.003419 0.999992 -0.002259 0.003426 0.999992 -0.000988 -0.000686 0.999999 
-0.000675 -0.000447 1.000000 -0.001485 0.002222 0.999996 -0.001468 0.002227 0.999996 -0.000616 -0.000428 1.000000 
-0.000604 -0.000400 1.000000 -0.001343 0.002010 0.999997 -0.001329 0.002015 0.999997 -0.000550 -0.000382 1.000000 
-0.000537 -0.000356 1.000000 -0.001217 0.001821 0.999998 -0.001203 0.001825 0.999998 -0.000489 -0.000340 1.000000 
0.000105 0.000070 1.000000 -0.001100 0.001647 0.999998 -0.001091 0.001654 0.999998 0.000140 0.000097 1.000000 
0.000099 0.000065 1.000000 -0.000993 0.001487 0.999998 -0.000985 0.001493 0.999998 0.000130 0.000090 1.000000 
0.000506 0.000335 1.000000 -0.000893 0.001337 0.999999 -0.000887 0.001345 0.999999 0.000528 0.000367 1.000000 
0.000459 0.000304 1.000000 -0.000329 0.000493 1.000000 -0.000328 0.000498 1.000000 0.000463 0.000321 1.000000 
0.000954 0.000631 0.999999 0.000405 -0.000607 1.000000 0.000398 -0.000603 1.000000 0.000926 0.000642 0.999999 
0.001870 0.001237 0.999997 -0.000197 0.000295 1.000000 -0.000203 0.000308 1.000000 0.001848 0.001282 0.999997 
0.002546 0.001682 0.999995 0.001182 -0.001773 0.999998 0.001161 -0.001764 0.999998 0.002469 0.001711 0.999995 
0.002310 0.001526 0.999996 0.001072 -0.001608 0.999998 0.001053 -0.001600 0.999998 0.002239 0.001552 0.999996 
0.003714 0.002452 0.999990 0.002030 -0.003046 0.999993 0.001996 -0.003036 0.999993 0.003591 0.002487 0.999990 
0.003354 0.002214 0.999992 0.001834 -0.002752 0.999995 0.001804 -0.002743 0.999995 0.003242 0.002246 0.999992 
0.001126 0.000743 0.999999 0.003590 -0.005390 0.999979 0.003552 -0.005405 0.999979 0.000990 0.000685 0.999999 
0.007060 0.004662 0.999964 0.003907 -0.005863 0.999975 0.003843 -0.005843 0.999976 0.006824 0.004728 0.999966 
0.006368 0.004205 0.999971 0.003539 -0.005310 0.999980 0.003481 -0.005293 0.999980 0.006155 0.004264 0.999972 
0.005760 0.003803 0.999976 0.003205 -0.004809 0.999983 0.003153 -0.004794 0.999984 0.005567 0.003857 0.999977 
0.005220 0.003447 0.999980 0.002905 -0.004359 0.999986 0.002858 -0.004345 0.999986 0.005045 0.003495 0.999981 
0.004737 0.003128 0.999984 0.002636 -0.003956 0.999989 0.002593 -0.003943 0.999989 0.004578 0.003172 0.999984 
0.004304 0.002842 0.999987 0.002395 -0.003593 0.999991 0.002356 -0.003581 0.999991 0.004159 0.002882 0.999987 
0.003916 0.002585 0.999989 0.002178 -0.003268 0.999992 0.002142 -0.003257 0.999992 0.003784 0.002622 0.999989 
0.003568 0.002356 0.999991 0.001983 -0.002975 0.999994 0.001950 -0.002965 0.999994 0.003448 0.002389 0.999991 
0.002442 0.001611 0.999996 0.002558 -0.003840 0.999989 0.002525 -0.003841 0.999989 0.002320 0.001607 0.999996 
0.002240 0.001478 0.999996 0.002329 -0.003496 0.999991 0.002298 -0.003496 0.999991 0.002129 0.001474 0.999997 
0.002059 0.001359 0.999997 0.002122 -0.003185 0.999993 0.002094 -0.003186 0.999993 0.001957 0.001355 0.999997 
0.001894 0.001250 0.999997 0.001934 -0.002903 0.999994 0.001908 -0.002903 0.999994 0.001802 0.001247 0.999998 
0.001739 0.001148 0.999998 0.001755 -0.002635 0.999995 0.001732 -0.002635 0.999995 0.001655 0.001146 0.999998 
0.001599 0.001055 0.999998 0.001594 -0.002392 0.999996 0.001572 -0.002392 0.999996 0.001522 0.001054 0.999998 
0.001461 0.000964 0.999998 0.001447 -0.002171 0.999997 0.001427 -0.002171 0.999997 0.001391 0.000963 0.999999 
0.001324 0.000874 0.999999 0.001311 -0.001967 0.999997 0.001293 -0.001967 0.999997 0.001261 0.000873 0.999999 
0.001198 0.000791 0.999999 0.001186 -0.001781 0.999998 0.001171 -0.001781 0.999998 0.001141 0.000790 0.999999 
0.001084 0.000715 0.999999 0.001073 -0.001610 0.999998 0.001058 -0.001610 0.999998 0.001032 0.000714 0.999999 
0.000978 0.000646 0.999999 0.000968 -0.001454 0.999998 0.000955 -0.001453 0.999998 0.000932 0.000645 0.999999 
0.000882 0.000582 0.999999 0.000874 -0.001311 0.999999 0.000862 -0.001311 0.999999 0.000840 0.000582 0.999999 
0.001888 0.001247 0.999997 0.001556 -0.002334 0.999996 0.001534 -0.002332 0.999996 0.001808 0.001253 0.999998 
0.001719 0.001135 0.999998 0.001405 -0.002109 0.999997 0.001386 -0.002107 0.999997 0.001646 0.001140 0.999998 
0.001547 0.001022 0.999998 0.001263 -0.001895 0.999997 0.001245 -0.001893 0.999997 0.001482 0.001027 0.999998 
0.001384 0.000914 0.999999 0.001130 -0.001696 0.999998 0.001115 -0.001695 0.999998 0.001326 0.000919 0.999999 
0.001235 0.000816 0.999999 0.001008 -0.001512 0.999998 0.000993 -0.001511 0.999998 0.001183 0.000820 0.999999 
0.001098 0.000725 0.999999 0.000894 -0.001341 0.999999 0.000881 -0.001340 0.999999 0.001051 0.000728 0.999999 
0.000973 0.000642 0.999999 0.000795 -0.001193 0.999999 0.000784 -0.001192 0.999999 0.000932 0.000646 0.999999 
0.002682 0.001769 0.999995 0.000668 -0.001003 0.999999 0.000651 -0.000991 0.999999 0.002619 0.001813 0.999995 
0.004004 0.002643 0.999988 0.000409 -0.000614 1.000000 0.000389 -0.000592 1.000000 0.003930 0.002722 0.999989 
0.005622 0.003712 0.999977 0.001536 -0.002304 0.999996 0.001499 -0.002279 0.999996 0.005486 0.003800 0.999978 
0.005257 0.003471 0.999980 0.001220 -0.001831 0.999998 0.001188 -0.001806 0.999998 0.005137 0.003559 0.999980 
0.004764 0.003146 0.999984 0.001097 -0.001646 0.999998 0.001068 -0.001623 0.999998 0.004656 0.003226 0.999984 
0.005860 0.003870 0.999975 -0.000301 0.000452 1.000000 -0.000322 0.000489 1.000000 0.005781 0.004006 0.999975 
0.005304 0.003503 0.999980 -0.000271 0.000407 1.000000 -0.000290 0.000441 1.000000 0.005233 0.003626 0.999980 
0.004417 0.002917 0.999986 0.000427 -0.000641 1.000000 0.000405 -0.000616 1.000000 0.004336 0.003004 0.999986 
0.006398 0.004226 0.999971 -0.001774 0.002660 0.999995 -0.001783 0.002710 0.999995 0.006360 0.004407 0.999970 
0.004667 0.003083 0.999984 -0.002277 0.003415 0.999992 -0.002275 0.003457 0.999991 0.004671 0.003237 0.999984 
0.003794 0.002505 0.999990 -0.002546 0.003818 0.999989 -0.002538 0.003857 0.999989 0.003820 0.002647 0.999989 
0.003433 0.002267 0.999992 -0.002307 0.003460 0.999991 -0.002300 0.003495 0.999991 0.003457 0.002395 0.999991 
0.003097 0.002046 0.999993 -0.002092 0.003138 0.999993 -0.002086 0.003170 0.999993 0.003120 0.002162 0.999993 
0.002792 0.001844 0.999994 -0.001898 0.002847 0.999994 -0.001892 0.002875 0.999994 0.002813 0.001949 0.999994 
0.002518 0.001663 0.999995 -0.001724 0.002586 0.999995 -0.001719 0.002612 0.999995 0.002536 0.001758 0.999995 
0.002272 0.001501 0.999996 -0.001571 0.002356 0.999996 -0.001565 0.002379 0.999996 0.002290 0.001587 0.999996 
0.002054 0.001356 0.999997 -0.001791 0.002686 0.999995 -0.001783 0.002710 0.999995 0.002082 0.001443 0.999997 
0.001871 0.001236 0.999997 -0.002956 0.004433 0.999986 -0.002936 0.004463 0.999986 0.001940 0.001345 0.999997 
0.001740 0.001149 0.999998 -0.004947 0.007420 0.999960 -0.004909 0.007461 0.999960 0.001878 0.001301 0.999997 
0.001653 0.001092 0.999998 -0.007216 0.010823 0.999915 -0.007157 0.010877 0.999915 0.001866 0.001293 0.999997 
0.001578 0.001042 0.999998 -0.009440 0.014158 0.999855 -0.009359 0.014225 0.999855 0.001866 0.001293 0.999997 
0.001517 0.001002 0.999998 -0.011632 0.017446 0.999780 -0.011531 0.017526 0.999780 0.001878 0.001301 0.999997 
0.001468 0.000969 0.999998 -0.013795 0.020690 0.999691 -0.013675 0.020783 0.999690 0.001901 0.001317 0.999997 
0.001420 0.000938 0.999999 -0.015939 0.023906 0.999587 -0.015799 0.024012 0.999587 0.001925 0.001334 0.999997 
0.001354 0.000894 0.999999 -0.018077 0.027112 0.999469 -0.017916 0.027230 0.999469 0.001931 0.001338 0.999997 
0.001281 0.000846 0.999999 -0.020222 0.030328 0.999335 -0.020041 0.030459 0.999335 0.001930 0.001337 0.999997 
0.001210 0.000799 0.999999 -0.022386 0.033574 0.999186 -0.022185 0.033718 0.999185 0.001931 0.001338 0.999997 
0.001142 0.000754 0.999999 -0.024582 0.036867 0.999018 -0.024360 0.037024 0.999017 0.001937 0.001342 0.999997 
0.001079 0.000713 0.999999 -0.026822 0.040227 0.998831 -0.026580 0.040397 0.998830 0.001949 0.001350 0.999997 
0.001021 0.000674 0.999999 -0.029119 0.043673 0.998621 -0.028856 0.043857 0.998621 0.001968 0.001363 0.999997 
0.000968 0.000639 0.999999 -0.031488 0.047225 0.998388 -0.031202 0.047423 0.998387 0.001994 0.001381 0.999997 
0.000919 0.000607 0.999999 -0.033940 0.050903 0.998127 -0.033632 0.051116 0.998126 0.002026 0.001404 0.999997 
0.000874 0.000577 0.999999 -0.036492 0.054730 0.997834 -0.036159 0.054958 0.997834 0.002066 0.001432 0.999997 
0.000832 0.000550 1.000000 -0.039157 0.058727 0.997506 -0.038799 0.058971 0.997505 0.002114 0.001464 0.999997 
0.000794 0.000524 1.000000 -0.041951 0.062917 0.997137 -0.041568 0.063179 0.997136 0.002168 0.001502 0.999997 
0.000759 0.000501 1.000000 -0.044890 0.067326 0.996721 -0.044480 0.067605 0.996720 0.002231 0.001545 0.999996 
0.000727 0.000480 1.000000 -0.047998 0.071987 0.996250 -0.047559 0.072285 0.996249 0.002302 0.001594 0.999996 
0.000697 0.000460 1.000000 -0.051312 0.076956 0.995713 -0.050841 0.077275 0.995713 0.002382 0.001650 0.999996 
0.000670 0.000442 1.000000 -0.054843 0.082252 0.995101 -0.054339 0.082592 0.995101 0.002472 0.001712 0.999995 
0.000645 0.000426 1.000000 -0.058597 0.087882 0.994406 -0.058058 0.088246 0.994405 0.002572 0.001781 0.999995 
0.000621 0.000410 1.000000 -0.062620 0.093915 0.993609 -0.062044 0.094304 0.993608 0.002681 0.001857 0.999995 
0.000597 0.000395 1.000000 -0.067000 0.100484 0.992680 -0.066383 0.100899 0.992680 0.002802 0.001941 0.999994 
0.000574 0.000379 1.000000 -0.071759 0.107620 0.991599 -0.071097 0.108065 0.991598 0.002937 0.002034 0.999994 
0.000550 0.000363 1.000000 -0.076893 0.115319 0.990348 -0.076182 0.115796 0.990347 0.003083 0.002135 0.999993 
0.000527 0.000348 1.000000 -0.082394 0.123569 0.988909 -0.081631 0.124080 0.988909 0.003242 0.002245 0.999992 
0.000503 0.000332 1.000000 -0.088267 0.132375 0.987262 -0.087448 0.132923 0.987261 0.003413 0.002363 0.999991 
0.000479 0.000316 1.000000 -0.094534 0.141772 0.985375 -0.093655 0.142360 0.985374 0.003596 0.002489 0.999990 
0.000241 0.000159 1.000000 -0.101110 0.151648 0.983249 -0.100167 0.152277 0.983249 0.003579 0.002478 0.999991 
0.000217 0.000143 1.000000 -0.107877 0.161795 0.980910 -0.106867 0.162467 0.980910 0.003779 0.002616 0.999989 
0.000194 0.000128 1.000000 -0.115117 0.172652 0.978233 -0.114037 0.173371 0.978232 0.003997 0.002766 0.999988 
0.000164 0.000108 1.000000 -0.122893 0.184312 0.975155 -0.121736 0.185081 0.975154 0.004224 0.002923 0.999987 
0.000130 0.000086 1.000000 -0.131373 0.197027 0.971556 -0.130132 0.197853 0.971555 0.004470 0.003093 0.999985 
0.000091 0.000060 1.000000 -0.140648 0.210933 0.967329 -0.139313 0.211820 0.967328 0.004740 0.003278 0.999983 
0.000050 0.000033 1.000000 -0.150732 0.226052 0.962383 -0.149294 0.227007 0.962382 0.005032 0.003480 0.999981 
-0.000083 -0.000055 1.000000 -0.161659 0.242512 0.956585 -0.160106 0.243542 0.956584 0.005264 0.003639 0.999980 
-0.000125 -0.000082 1.000000 -0.173177 0.259788 0.950010 -0.171502 0.260898 0.950010 0.005605 0.003873 0.999977 
-0.000169 -0.000112 1.000000 -0.185585 0.278390 0.942368 -0.183775 0.279589 0.942368 0.005972 0.004125 0.999974 
-0.000219 -0.000144 1.000000 -0.198858 0.298288 0.933531 -0.196900 0.299585 0.933530 0.006363 0.004393 0.999970 
0.000266 0.000175 1.000000 -0.213256 0.319812 0.923170 -0.211135 0.321222 0.923168 0.007318 0.005048 0.999960 
0.000156 0.000103 1.000000 -0.228208 0.342226 0.911484 -0.225909 0.343754 0.911482 0.007705 0.005312 0.999956 
-0.000051 -0.000033 1.000000 -0.244152 0.366249 0.897915 -0.241653 0.367906 0.897914 0.008033 0.005534 0.999952 
0.000215 0.000142 1.000000 -0.256077 0.381840 0.888044 -0.253443 0.383600 0.888041 0.008641 0.005982 0.999945 
0.000315 0.000211 1.000000 -0.267976 0.396704 0.877961 -0.265209 0.398566 0.877957 0.009070 0.006319 0.999939 
-0.000147 -0.000101 1.000000 -0.287040 0.415787 0.862977 -0.284088 0.417813 0.862975 0.009034 0.006429 0.999939 
0.000631 0.000441 1.000000 -0.310534 0.439597 0.842806 -0.307341 0.441846 0.842801 0.010334 0.007505 0.999918 
0.000199 0.000140 1.000000 -0.333064 0.468214 0.818440 -0.329560 0.470694 0.818436 0.010541 0.007703 0.999915 
0.001195 0.000841 0.999999 -0.359251 0.503177 0.785972 -0.355332 0.505969 0.785961 0.012313 0.008994 0.999884 
-0.396684 0.542691 0.740357 0.028444 0.020462 0.999386 0.016469 0.011440 0.999799 -0.392263 0.546052 0.740241 
-0.445531 0.560878 0.697795 0.064960 0.045901 0.996832 0.052488 0.035876 0.997977 -0.440860 0.565058 0.697390 
-0.482470 0.577864 0.658253 0.070446 0.050652 0.996229 0.057419 0.040019 0.997548 -0.477384 0.582633 0.657756 
-0.517408 0.601021 0.609149 0.071922 0.051823 0.996063 0.058140 0.040705 0.997478 -0.511671 0.606489 0.608575 
-0.545899 0.632043 0.550014 0.068618 0.048658 0.996456 0.053894 0.037234 0.997852 -0.539148 0.638344 0.549395 
-0.592894 0.647810 0.478350 0.073713 0.051785 0.995934 0.058125 0.039920 0.997511 -0.584943 0.655586 0.477544 
-0.625156 0.672142 0.396742 0.069619 0.047463 0.996444 0.053027 0.035474 0.997963 -0.615117 0.681878 0.395821 
-0.659360 0.677586 0.325764 0.068099 0.045371 0.996646 0.050800 0.033323 0.998153 -0.646997 0.689920 0.324661 
-0.762486 0.567446 0.310838 0.100009 0.069628 0.992547 0.083005 0.056979 0.994919 -0.752270 0.581940 0.308926 
-0.730987 0.634419 0.251336 0.063462 0.045648 0.996940 0.046127 0.032798 0.998397 -0.715981 0.651833 0.249969 
0.037202 0.027843 0.998920 0.019595 0.014567 0.999702 
-0.021231 -0.016227 0.999643 -0.003519 -0.002693 0.999990 
-0.102952 -0.077795 0.991639 -0.085454 -0.064334 0.994263 
0.957098 -0.154757 0.244978 -0.145439 -0.105604 0.983715 -0.128286 -0.092382 0.987425 0.958526 -0.138194 0.249258 
0.939698 -0.162846 0.300747 -0.178337 -0.128482 0.975545 -0.161619 -0.115242 0.980101 0.940563 -0.149484 0.304953 
0.936542 -0.142859 0.320125 -0.193057 -0.139780 0.971180 -0.176568 -0.126464 0.976130 0.936865 -0.130610 0.324385 
0.936023 -0.156083 0.315435 -0.187758 -0.135898 0.972769 -0.171217 -0.122595 0.977576 0.936614 -0.143458 0.319646 
0.936858 -0.195395 0.290030 -0.166427 -0.119645 0.978768 -0.149592 -0.106445 0.983001 0.938461 -0.181079 0.294110 
0.933123 -0.263872 0.244241 -0.130777 -0.092853 0.987054 -0.113468 -0.079835 0.990329 0.937016 -0.245888 0.248073 
0.918616 -0.349227 0.184893 -0.089405 -0.062811 0.994013 -0.071631 -0.049958 0.996179 0.926998 -0.324331 0.188370 
-0.063081 -0.044263 0.997026 -0.045039 -0.031447 0.998490 
-0.056667 -0.039627 0.997606 -0.038486 -0.026841 0.998899 
-0.091454 -0.063614 0.993775 -0.073235 -0.050949 0.996012 
-0.135654 -0.092243 0.986453 -0.117396 -0.079909 0.989865 
0.761227 0.613386 0.210452 -0.178345 -0.117953 0.976873 -0.160088 -0.105981 0.981397 0.761798 0.610601 0.216403 
0.751718 0.606113 0.259899 -0.221777 -0.140500 0.964922 -0.203465 -0.129093 0.970534 0.751999 0.603214 0.265766 
0.757831 0.581612 0.295667 -0.254485 -0.155677 0.954464 -0.236170 -0.144707 0.960876 0.757573 0.578961 0.301476 
0.774094 0.546213 0.320047 -0.276495 -0.167925 0.946230 -0.258315 -0.157066 0.953207 0.773148 0.544134 0.325823 
0.786149 0.519647 0.334570 -0.288803 -0.176537 0.940972 -0.270783 -0.165626 0.948285 0.784738 0.518039 0.340325 
0.786195 0.516942 0.338627 -0.291616 -0.179809 0.939483 -0.273673 -0.168833 0.946889 0.784701 0.515415 0.344373 
0.778157 0.532321 0.333327 -0.286395 -0.177884 0.941454 -0.268434 -0.166857 0.948737 0.776858 0.530579 0.339082 
0.768671 0.554670 0.318568 -0.272851 -0.171163 0.946708 -0.254826 -0.160028 0.953653 0.767719 0.552635 0.324349 
0.760769 0.578337 0.294546 -0.251222 -0.159868 0.954636 -0.233121 -0.148535 0.961037 0.760257 0.576011 0.300368 
0.754484 0.600004 0.265989 -0.225730 -0.146377 0.963130 -0.207580 -0.134782 0.968888 0.754452 0.597409 0.271855 
0.751683 0.616125 0.235293 -0.198803 -0.131514 0.971175 -0.180631 -0.119635 0.976248 0.752104 0.613319 0.241204 
0.739761 0.638291 0.212926 -0.178806 -0.120770 0.976444 -0.160662 -0.108648 0.981011 0.740810 0.635060 0.218859 
0.738451 0.641406 0.208059 -0.173995 -0.119420 0.977479 -0.155928 -0.107142 0.981940 0.739508 0.638225 0.214002 
0.741687 0.638274 0.206173 -0.172186 -0.119049 0.977844 -0.154158 -0.106697 0.982268 0.742614 0.635239 0.212123 
0.739777 0.640188 0.207099 -0.172807 -0.119698 0.977655 -0.154792 -0.107336 0.982099 0.740733 0.637123 0.213047 
0.735679 0.644605 0.207995 -0.173601 -0.119809 0.977501 -0.155565 -0.107487 0.981960 0.736782 0.641392 0.213936 
0.735021 0.645146 0.208639 -0.174451 -0.119528 0.977384 -0.156373 -0.107271 0.981856 0.736193 0.641854 0.214577 
0.736430 0.643265 0.209481 -0.175373 -0.119684 0.977200 -0.157275 -0.107464 0.981690 0.737572 0.639986 0.215418 
0.736627 0.642995 0.209617 -0.175504 -0.119740 0.977170 -0.157405 -0.107522 0.981663 0.737761 0.639722 0.215554 
0.736623 0.642996 0.209624 -0.175510 -0.119744 0.977168 -0.157411 -0.107526 0.981662 0.737758 0.639724 0.215561 
0.736620 0.642997 0.209630 -0.175515 -0.119747 0.977167 -0.157416 -0.107529 0.981661 0.737756 0.639724 0.215567 
0.736617 0.642999 0.209636 -0.175520 -0.119750 0.977166 -0.157421 -0.107533 0.981659 0.737753 0.639725 0.215574 
0.736616 0.642999 0.209642 -0.175525 -0.119753 0.977164 -0.157426 -0.107535 0.981658 0.737751 0.639726 0.215578 
0.736615 0.642998 0.209647 -0.175529 -0.119756 0.977163 -0.157430 -0.107538 0.981657 0.737750 0.639725 0.215584 
0.736663 0.642929 0.209691 -0.175567 -0.119781 0.977153 -0.157469 -0.107564 0.981648 0.737796 0.639658 0.215628 
0.736699 0.642881 0.209712 -0.175585 -0.119794 0.977149 -0.157487 -0.107576 0.981644 0.737829 0.639612 0.215649 
0.736700 0.642878 0.209716 -0.175589 -0.119796 0.977148 -0.157491 -0.107579 0.981643 0.737831 0.639609 0.215654 
0.736701 0.642876 0.209721 -0.175593 -0.119799 0.977147 -0.157495 -0.107581 0.981642 0.737832 0.639606 0.215658 
0.736702 0.642873 0.209726 -0.175597 -0.119801 0.977145 -0.157499 -0.107584 0.981641 0.737832 0.639604 0.215663 
0.736703 0.642871 0.209730 -0.175601 -0.119804 0.977145 -0.157502 -0.107586 0.981641 0.737833 0.639602 0.215667 
0.736702 0.642870 0.209735 -0.175605 -0.119806 0.977144 -0.157506 -0.107589 0.981640 0.737832 0.639601 0.215672 
0.736703 0.642867 0.209739 -0.175608 -0.119808 0.977143 -0.157510 -0.107591 0.981639 0.737834 0.639597 0.215676 
0.736705 0.642864 0.209744 -0.175612 -0.119810 0.977142 -0.157514 -0.107593 0.981638 0.737835 0.639595 0.215681 
0.736705 0.642862 0.209748 -0.175616 -0.119813 0.977141 -0.157517 -0.107596 0.981637 0.737837 0.639591 0.215685 
0.736708 0.642858 0.209752 -0.175619 -0.119815 0.977140 -0.157521 -0.107598 0.981636 0.737837 0.639589 0.215689 
0.736713 0.642850 0.209756 -0.175623 -0.119817 0.977139 -0.157525 -0.107600 0.981636 0.737843 0.639581 0.215693 
0.736809 0.642741 0.209755 -0.175625 -0.119818 0.977138 -0.157527 -0.107601 0.981635 0.737936 0.639474 0.215692 
0.737054 0.642462 0.209747 -0.175626 -0.119818 0.977138 -0.157527 -0.107601 0.981635 0.738173 0.639203 0.215684 
0.737385 0.642086 0.209733 -0.175625 -0.119818 0.977138 -0.157527 -0.107600 0.981635 0.738494 0.638837 0.215671 
0.737740 0.641675 0.209744 -0.175645 -0.119832 0.977133 -0.157547 -0.107613 0.981630 0.738836 0.638437 0.215683 
0.738060 0.641311 0.209733 -0.175645 -0.119832 0.977133 -0.157548 -0.107613 0.981630 0.739147 0.638081 0.215672 
0.738266 0.641075 0.209729 -0.175648 -0.119833 0.977132 -0.157550 -0.107614 0.981630 0.739346 0.637852 0.215668 
0.738416 0.640903 0.209727 -0.175651 -0.119835 0.977132 -0.157553 -0.107616 0.981629 0.739491 0.637684 0.215666 
0.738589 0.640705 0.209725 -0.175654 -0.119838 0.977131 -0.157557 -0.107618 0.981628 0.739657 0.637492 0.215664 
0.738818 0.640442 0.209718 -0.175655 -0.119838 0.977131 -0.157558 -0.107618 0.981628 0.739879 0.637237 0.215657 
0.739080 0.640144 0.209705 -0.175652 -0.119836 0.977131 -0.157556 -0.107616 0.981629 0.740133 0.636947 0.215644 
0.739332 0.639857 0.209692 -0.175650 -0.119834 0.977132 -0.157553 -0.107613 0.981629 0.740379 0.636665 0.215632 
0.739559 0.639597 0.209685 -0.175651 -0.119833 0.977132 -0.157554 -0.107613 0.981629 0.740598 0.636412 0.215625 
0.739776 0.639342 0.209696 -0.175666 -0.119843 0.977128 -0.157570 -0.107623 0.981626 0.740808 0.636164 0.215636 
0.740012 0.639065 0.209711 -0.175686 -0.119856 0.977123 -0.157590 -0.107635 0.981621 0.741035 0.635894 0.215651 
0.740273 0.638757 0.209727 -0.175708 -0.119869 0.977117 -0.157612 -0.107648 0.981616 0.741287 0.635595 0.215667 
0.740600 0.638357 0.209789 -0.175768 -0.119910 0.977101 -0.157672 -0.107689 0.981602 0.741603 0.635205 0.215729 
0.741171 0.637673 0.209852 -0.175839 -0.119953 0.977083 -0.157744 -0.107732 0.981586 0.742154 0.634539 0.215794 
0.741501 0.637287 0.209862 -0.175857 -0.119964 0.977079 -0.157762 -0.107743 0.981582 0.742472 0.634164 0.215803 
0.741615 0.637152 0.209870 -0.175868 -0.119970 0.977076 -0.157773 -0.107749 0.981579 0.742583 0.634032 0.215812 
0.741666 0.637090 0.209873 -0.175872 -0.119973 0.977075 -0.157777 -0.107751 0.981578 0.742633 0.633972 0.215815 
0.741793 0.636941 0.209880 -0.175882 -0.119979 0.977073 -0.157787 -0.107757 0.981576 0.742756 0.633825 0.215822 
0.742044 0.636642 0.209897 -0.175904 -0.119992 0.977067 -0.157809 -0.107770 0.981571 0.742998 0.633536 0.215839 
0.742381 0.636241 0.209922 -0.175935 -0.120010 0.977059 -0.157841 -0.107789 0.981564 0.743324 0.633144 0.215864 
0.742731 0.635825 0.209947 -0.175967 -0.120030 0.977051 -0.157873 -0.107808 0.981557 0.743663 0.632737 0.215890 
0.743034 0.635461 0.209974 -0.175999 -0.120049 0.977043 -0.157905 -0.107827 0.981549 0.743956 0.632384 0.215917 
0.743286 0.635158 0.210001 -0.176028 -0.120069 0.977035 -0.157935 -0.107847 0.981543 0.744200 0.632087 0.215945 
0.743517 0.634879 0.210026 -0.176055 -0.120089 0.977028 -0.157961 -0.107867 0.981536 0.744421 0.631818 0.215970 
0.743871 0.634435 0.210115 -0.176135 -0.120150 0.977006 -0.158043 -0.107927 0.981516 0.744762 0.631385 0.216059 
0.744683 0.633429 0.210274 -0.176292 -0.120251 0.976965 -0.158200 -0.108027 0.981480 0.745544 0.630407 0.216218 
0.745161 0.632850 0.210323 -0.176347 -0.120284 0.976951 -0.158256 -0.108061 0.981467 0.746007 0.629843 0.216268 
