-0.000078 0.000026 1.000000 0.000448 0.001348 0.999999 0.000440 0.001351 0.999999 -0.000108 0.000038 1.000000 
-0.000001 0.000000 1.000000 0.000311 0.000934 1.000000 0.000305 0.000936 1.000000 -0.000021 0.000008 1.000000 
-0.000006 0.000002 1.000000 0.000277 0.000833 1.000000 0.000272 0.000835 1.000000 -0.000025 0.000009 1.000000 
-0.000144 0.000047 1.000000 0.000154 0.000462 1.000000 0.000151 0.000464 1.000000 -0.000153 0.000054 1.000000 
-0.001331 0.000436 0.999999 0.000247 0.000744 1.000000 0.000245 0.000754 1.000000 -0.001337 0.000471 0.999999 
0.000634 -0.000207 1.000000 0.000338 0.001019 0.999999 0.000331 0.001017 0.999999 0.000606 -0.000214 1.000000 
0.000530 -0.000174 1.000000 0.000230 0.000691 1.000000 0.000224 0.000689 1.000000 0.000511 -0.000180 1.000000 
0.001179 -0.000386 0.999999 -0.000026 -0.000079 1.000000 -0.000028 -0.000087 1.000000 0.001171 -0.000413 0.999999 
0.001315 -0.000430 0.999999 -0.000203 -0.000611 1.000000 -0.000202 -0.000620 1.000000 0.001318 -0.000464 0.999999 
0.003700 -0.001210 0.999992 -0.000404 -0.001218 0.999999 -0.000404 -0.001243 0.999999 0.003698 -0.001302 0.999992 
0.003375 -0.001104 0.999994 -0.000379 -0.001143 0.999999 -0.000379 -0.001166 0.999999 0.003374 -0.001188 0.999994 
0.005119 -0.001672 0.999986 -0.001139 -0.003438 0.999993 -0.001128 -0.003476 0.999993 0.005156 -0.001812 0.999985 
0.004658 -0.001521 0.999988 -0.001029 -0.003106 0.999995 -0.001020 -0.003141 0.999995 0.004691 -0.001648 0.999988 
0.004251 -0.001388 0.999990 -0.000932 -0.002813 0.999996 -0.000923 -0.002844 0.999996 0.004281 -0.001504 0.999990 
0.003896 -0.001272 0.999992 -0.000846 -0.002553 0.999996 -0.000838 -0.002582 0.999996 0.003923 -0.001378 0.999991 
0.003590 -0.001172 0.999993 -0.000770 -0.002324 0.999997 -0.000763 -0.002350 0.999997 0.003614 -0.001270 0.999993 
0.003324 -0.001085 0.999994 -0.000702 -0.002119 0.999998 -0.000696 -0.002144 0.999997 0.003345 -0.001176 0.999994 
0.003098 -0.001011 0.999995 -0.000642 -0.001937 0.999998 -0.000636 -0.001960 0.999998 0.003117 -0.001095 0.999995 
0.002934 -0.000958 0.999995 -0.000589 -0.001776 0.999998 -0.000584 -0.001798 0.999998 0.002951 -0.001037 0.999995 
0.002819 -0.000921 0.999996 -0.000541 -0.001634 0.999999 -0.000537 -0.001654 0.999998 0.002834 -0.000996 0.999995 
0.002714 -0.000886 0.999996 -0.000495 -0.001494 0.999999 -0.000491 -0.001513 0.999999 0.002727 -0.000958 0.999996 
0.002610 -0.000852 0.999996 -0.000451 -0.001361 0.999999 -0.000448 -0.001379 0.999999 0.002620 -0.000921 0.999996 
0.002427 -0.000792 0.999997 -0.000409 -0.001235 0.999999 -0.000407 -0.001253 0.999999 0.002435 -0.000856 0.999997 
0.002232 -0.000729 0.999997 -0.000370 -0.001118 0.999999 -0.000368 -0.001134 0.999999 0.002240 -0.000787 0.999997 
0.002053 -0.000670 0.999998 -0.000334 -0.001008 0.999999 -0.000332 -0.001023 0.999999 0.002060 -0.000724 0.999998 
0.001887 -0.000616 0.999998 -0.000300 -0.000906 1.000000 -0.000298 -0.000919 1.000000 0.001893 -0.000665 0.999998 
0.001733 -0.000566 0.999998 -0.000268 -0.000810 1.000000 -0.000267 -0.000822 1.000000 0.001738 -0.000611 0.999998 
0.001590 -0.000519 0.999999 -0.000239 -0.000720 1.000000 -0.000237 -0.000731 1.000000 0.001594 -0.000560 0.999999 
0.001455 -0.000475 0.999999 -0.000210 -0.000634 1.000000 -0.000209 -0.000645 1.000000 0.001458 -0.000512 0.999999 
0.001328 -0.000433 0.999999 -0.000183 -0.000553 1.000000 -0.000182 -0.000562 1.000000 0.001330 -0.000467 0.999999 
0.001206 -0.000394 0.999999 -0.000157 -0.000474 1.000000 -0.000157 -0.000482 1.000000 0.001207 -0.000424 0.999999 
0.001089 -0.000355 0.999999 -0.000132 -0.000397 1.000000 -0.000131 -0.000405 1.000000 0.001089 -0.000383 0.999999 
0.000975 -0.000318 0.999999 -0.000107 -0.000322 1.000000 -0.000107 -0.000329 1.000000 0.000975 -0.000343 0.999999 
-0.000247 0.000080 1.000000 -0.001039 -0.003150 0.999994 -0.001019 -0.003155 0.999995 -0.000176 0.000061 1.000000 
0.004946 -0.001605 0.999986 -0.000928 -0.002818 0.999996 -0.000921 -0.002854 0.999996 0.004971 -0.001737 0.999986 
0.002941 -0.000955 0.999995 0.000163 0.000494 1.000000 0.000154 0.000477 1.000000 0.002908 -0.001016 0.999995 
0.004474 -0.001450 0.999989 -0.000291 -0.000884 1.000000 -0.000294 -0.000913 1.000000 0.004459 -0.001556 0.999989 
0.004059 -0.001318 0.999991 0.000572 0.001735 0.999998 0.000553 0.001714 0.999998 0.003989 -0.001395 0.999991 
0.002250 -0.000731 0.999997 0.001323 0.004011 0.999991 0.001294 0.004006 0.999991 0.002144 -0.000750 0.999997 
0.002017 -0.000656 0.999998 0.001193 0.003616 0.999993 0.001167 0.003610 0.999993 0.001922 -0.000672 0.999998 
0.001794 -0.000583 0.999998 0.001078 0.003267 0.999994 0.001054 0.003263 0.999994 0.001708 -0.000598 0.999998 
0.001982 -0.000645 0.999998 0.001279 0.003875 0.999992 0.001251 0.003871 0.999992 0.001881 -0.000658 0.999998 
-0.003160 0.001034 0.999994 0.002287 0.006889 0.999974 0.002251 0.006922 0.999974 -0.003288 0.001157 0.999994 
-0.002972 0.000973 0.999995 0.001985 0.005977 0.999980 0.001955 0.006007 0.999980 -0.003082 0.001085 0.999995 
-0.002687 0.000880 0.999996 0.001799 0.005415 0.999984 0.001771 0.005443 0.999984 -0.002787 0.000981 0.999996 
-0.002441 0.000799 0.999997 0.001711 0.005151 0.999985 0.001684 0.005177 0.999985 -0.002537 0.000893 0.999996 
-0.002242 0.000734 0.999997 0.002079 0.006258 0.999978 0.002045 0.006284 0.999978 -0.002363 0.000832 0.999997 
-0.002106 0.000689 0.999998 0.002956 0.008899 0.999956 0.002906 0.008930 0.999956 -0.002287 0.000805 0.999997 
-0.002028 0.000664 0.999998 0.004262 0.012830 0.999909 0.004187 0.012868 0.999908 -0.002296 0.000809 0.999997 
-0.001979 0.000648 0.999998 0.005663 0.017049 0.999839 0.005563 0.017096 0.999838 -0.002342 0.000825 0.999997 
-0.001949 0.000638 0.999998 0.007049 0.021220 0.999750 0.006923 0.021274 0.999750 -0.002404 0.000847 0.999997 
-0.001930 0.000632 0.999998 0.008426 0.025367 0.999643 0.008275 0.025430 0.999642 -0.002478 0.000873 0.999997 
-0.001925 0.000630 0.999998 0.009805 0.029517 0.999516 0.009628 0.029588 0.999516 -0.002565 0.000903 0.999996 
-0.001930 0.000631 0.999998 0.011192 0.033692 0.999370 0.010989 0.033772 0.999369 -0.002661 0.000937 0.999996 
-0.001945 0.000637 0.999998 0.012598 0.037924 0.999201 0.012369 0.038012 0.999201 -0.002771 0.000976 0.999996 
-0.001967 0.000644 0.999998 0.014040 0.042264 0.999008 0.013785 0.042361 0.999007 -0.002889 0.001017 0.999995 
-0.001991 0.000652 0.999998 0.015527 0.046740 0.998786 0.015245 0.046847 0.998786 -0.003012 0.001060 0.999995 
-0.001939 0.000634 0.999998 0.017057 0.051346 0.998535 0.016746 0.051461 0.998535 -0.003062 0.001078 0.999995 
-0.001848 0.000605 0.999998 0.018640 0.056110 0.998251 0.018300 0.056235 0.998250 -0.003078 0.001084 0.999995 
-0.001747 0.000572 0.999998 0.020288 0.061070 0.997927 0.019917 0.061205 0.997927 -0.003087 0.001087 0.999995 
-0.001650 0.000540 0.999998 0.022010 0.066255 0.997560 0.021607 0.066399 0.997559 -0.003106 0.001093 0.999995 
-0.001563 0.000511 0.999999 0.023818 0.071696 0.997142 0.023381 0.071851 0.997141 -0.003140 0.001105 0.999994 
-0.001484 0.000486 0.999999 0.025721 0.077426 0.996666 0.025249 0.077592 0.996665 -0.003189 0.001122 0.999994 
-0.001412 0.000462 0.999999 0.027732 0.083478 0.996124 0.027222 0.083656 0.996123 -0.003252 0.001145 0.999994 
-0.001347 0.000441 0.999999 0.029860 0.089885 0.995504 0.029310 0.090076 0.995504 -0.003329 0.001172 0.999994 
-0.001288 0.000421 0.999999 0.032119 0.096683 0.994797 0.031526 0.096887 0.994796 -0.003421 0.001204 0.999993 
-0.001233 0.000404 0.999999 0.034520 0.103910 0.993988 0.033882 0.104128 0.993987 -0.003527 0.001241 0.999993 
-0.001183 0.000387 0.999999 0.037078 0.111609 0.993060 0.036392 0.111843 0.993059 -0.003648 0.001284 0.999993 
-0.001135 0.000371 0.999999 0.039808 0.119826 0.991996 0.039071 0.120077 0.991995 -0.003783 0.001331 0.999992 
-0.001091 0.000357 0.999999 0.042727 0.128612 0.990774 0.041935 0.128881 0.990773 -0.003933 0.001384 0.999991 
-0.001048 0.000343 0.999999 0.045853 0.138019 0.989368 0.045002 0.138308 0.989366 -0.004100 0.001442 0.999991 
-0.001008 0.000330 0.999999 0.049208 0.148115 0.987745 0.048293 0.148424 0.987744 -0.004283 0.001507 0.999990 
-0.000799 0.000261 1.000000 0.052812 0.158977 0.985869 0.051827 0.159308 0.985868 -0.004317 0.001518 0.999990 
-0.000393 0.000128 1.000000 0.056621 0.170482 0.983733 0.055561 0.170835 0.983732 -0.004169 0.001466 0.999990 
-0.000370 0.000121 1.000000 0.060687 0.182722 0.981290 0.059548 0.183101 0.981289 -0.004418 0.001553 0.999989 
-0.000336 0.000110 1.000000 0.065045 0.195840 0.978476 0.063821 0.196247 0.978475 -0.004675 0.001643 0.999988 
-0.000288 0.000094 1.000000 0.069749 0.209997 0.975211 0.068431 0.210434 0.975210 -0.004941 0.001736 0.999986 
-0.000236 0.000077 1.000000 0.074874 0.225424 0.971380 0.073454 0.225894 0.971379 -0.005231 0.001838 0.999985 
-0.000180 0.000059 1.000000 0.080468 0.242259 0.966869 0.078935 0.242766 0.966868 -0.005549 0.001949 0.999983 
-0.000119 0.000039 1.000000 0.086549 0.260560 0.961571 0.084891 0.261108 0.961570 -0.005895 0.002069 0.999980 
-0.000055 0.000018 1.000000 0.093125 0.280348 0.955370 0.091329 0.280941 0.955370 -0.006270 0.002200 0.999978 
0.000023 -0.000007 1.000000 0.100200 0.301636 0.948143 0.098253 0.302278 0.948142 -0.006666 0.002338 0.999975 
0.000108 -0.000035 1.000000 0.107777 0.324432 0.939749 0.105664 0.325128 0.939748 -0.007087 0.002484 0.999972 
0.000194 -0.000063 1.000000 0.115864 0.348759 0.930023 0.113569 0.349515 0.930022 -0.007542 0.002641 0.999968 
0.000163 -0.000053 1.000000 0.124511 0.374752 0.918727 0.122014 0.375574 0.918726 -0.008150 0.002852 0.999963 
0.000269 -0.000088 1.000000 0.133666 0.402282 0.905706 0.130947 0.403177 0.905705 -0.008656 0.003026 0.999958 
0.000378 -0.000124 1.000000 0.143417 0.431591 0.890596 0.140450 0.432567 0.890595 -0.009199 0.003213 0.999953 
0.000432 -0.000141 1.000000 0.153913 0.462800 0.872999 0.150667 0.463868 0.872998 -0.009840 0.003434 0.999946 
0.001089 -0.000357 0.999999 0.164952 0.495971 0.852528 0.161388 0.497140 0.852529 -0.009923 0.003462 0.999945 
0.001128 -0.000370 0.999999 0.176479 0.530131 0.829347 0.172565 0.531415 0.829349 -0.010644 0.003710 0.999936 
0.001216 -0.000399 0.999999 0.188823 0.566141 0.802390 0.184500 0.567561 0.802392 -0.011359 0.003959 0.999928 
0.001299 -0.000428 0.999999 0.202183 0.603925 0.770971 0.197385 0.605507 0.770974 -0.012118 0.004228 0.999918 
0.000597 -0.000198 1.000000 0.217686 0.645198 0.732347 0.212291 0.646995 0.732346 -0.013740 0.004804 0.999894 
-0.000253 0.000084 1.000000 0.232733 0.684382 0.690983 0.226668 0.686422 0.690975 -0.015467 0.005412 0.999866 
-0.000959 0.000321 0.999999 0.248458 0.723958 0.643548 0.241570 0.726297 0.643534 -0.017063 0.005978 0.999837 
-0.001496 0.000501 0.999999 0.263967 0.763253 0.589718 0.256042 0.765964 0.589696 -0.018488 0.006469 0.999808 
-0.001996 0.000670 0.999998 0.279586 0.801593 0.528469 0.270297 0.804794 0.528438 -0.019862 0.006931 0.999779 
-0.002201 0.000741 0.999997 0.294857 0.837145 0.460703 0.283725 0.841005 0.460663 -0.020885 0.007270 0.999755 
-0.002298 0.000778 0.999997 0.309807 0.866966 0.390371 0.296194 0.871734 0.390319 -0.021680 0.007548 0.999736 
-0.001319 0.000449 0.999999 0.321994 0.892147 0.316848 0.304719 0.898211 0.316800 -0.021287 0.007423 0.999746 
0.000611 -0.000210 1.000000 0.330198 0.913574 0.237387 0.306553 0.921781 0.237372 -0.019838 0.006937 0.999779 
0.025224 -0.008786 0.999643 0.226311 0.950045 0.214938 0.199391 0.955898 0.215644 0.004645 -0.001643 0.999988 
0.060710 -0.021666 0.997920 0.055234 0.976509 0.208276 0.027994 0.977283 0.210082 0.040095 -0.014511 0.999091 
0.059187 -0.020906 0.998028 0.023684 0.982424 0.185156 -0.006789 0.982309 0.187142 0.038461 -0.013756 0.999165 
0.037013 -0.012544 0.999236 0.016140 -0.005533 0.999854 
0.006200 -0.001964 0.999979 -0.014850 0.004754 0.999878 
-0.056491 0.016334 0.998269 -0.035270 0.010097 0.999327 
-0.091321 0.023506 0.995544 -0.069983 0.017825 0.997389 
-0.104968 0.025371 0.994152 -0.083589 0.019976 0.996300 
-0.094661 0.022412 0.995257 -0.073245 0.017133 0.997167 
-0.070686 0.016783 0.997357 -0.049233 0.011544 0.998721 
-0.050116 0.011912 0.998672 -0.028652 0.006720 0.999567 
-0.043895 0.010394 0.998982 -0.022467 0.005241 0.999734 
-0.050823 0.011923 0.998637 0.404891 0.897582 0.174387 -0.029476 0.006797 0.999542 
-0.064006 0.014678 0.997842 0.431535 0.878972 0.202941 0.405559 0.891559 0.201605 -0.042772 0.009610 0.999039 
-0.080238 0.018517 0.996604 0.483429 0.847805 0.217998 0.460546 0.860879 0.216297 -0.059104 0.013350 0.998163 
-0.090135 0.020739 0.995714 0.529650 0.820808 0.213881 0.507496 0.835203 0.211860 -0.068987 0.015547 0.997496 
-0.090086 0.020426 0.995725 0.527854 0.822174 0.213073 0.505577 0.836571 0.211048 -0.068917 0.015302 0.997505 
-0.086992 0.019446 0.996019 0.510763 0.832661 0.214001 0.488152 0.846600 0.212076 -0.065809 0.014399 0.997728 
-0.084493 0.018733 0.996248 0.493438 0.842111 0.217640 0.470825 0.855421 0.215820 -0.063318 0.013731 0.997899 
-0.093031 0.020695 0.995448 0.544676 0.812398 0.208178 0.522343 0.827475 0.206018 -0.071820 0.015650 0.997295 
-0.114034 0.025728 0.993144 0.637341 0.742201 0.207204 0.618004 0.759139 0.204401 -0.092852 0.020549 0.995468 
-0.130772 0.029808 0.990964 0.696908 0.685215 0.211660 0.680402 0.702576 0.208425 -0.109638 0.024530 0.993669 
-0.149939 0.034802 0.988083 0.751685 0.621557 0.220538 0.738349 0.638590 0.216897 -0.128888 0.029380 0.991224 
-0.178762 0.042623 0.982969 0.824507 0.515626 0.233062 0.815549 0.531513 0.228853 -0.157832 0.037007 0.986772 
-0.215879 0.052499 0.975008 0.883878 0.392181 0.254861 0.879201 0.405513 0.250129 -0.195123 0.046720 0.979665 
-0.260719 0.065248 0.963207 0.917572 0.273225 0.288807 0.916083 0.283369 0.283716 -0.240247 0.059261 0.968901 
-0.310334 0.080848 0.947183 0.923255 0.189086 0.334433 0.923560 0.196633 0.329200 -0.290300 0.074561 0.954027 
-0.366229 0.099815 0.925156 0.913193 0.121402 0.389024 0.914666 0.126926 0.383765 -0.346800 0.093178 0.933299 
-0.430146 0.123975 0.894206 0.889223 0.060702 0.453429 0.891579 0.064600 0.448234 -0.411561 0.116916 0.903852 
-0.498623 0.153767 0.853071 0.850852 0.013148 0.525240 0.853889 0.015846 0.520214 -0.481180 0.146182 0.864347 
-0.570703 0.190451 0.798766 0.796779 -0.022206 0.603863 0.800406 -0.020413 0.599111 -0.554809 0.182185 0.811785 
-0.641076 0.231689 0.731671 0.728776 -0.045312 0.683251 0.732928 -0.044208 0.678869 -0.627144 0.222596 0.746419 
-0.699918 0.268052 0.662014 0.658521 -0.056427 0.750443 0.663089 -0.055817 0.746456 -0.688037 0.258130 0.678214 
-0.742172 0.308321 0.595078 0.590173 -0.060700 0.804992 0.595067 -0.060420 0.801402 -0.732593 0.297134 0.612388 
-0.778508 0.333722 0.531559 0.527575 -0.063866 0.847105 0.532720 -0.063904 0.843875 -0.770871 0.321683 0.549798 
-0.796437 0.362040 0.484371 0.479672 -0.061492 0.875291 0.484980 -0.061679 0.872347 -0.790776 0.348612 0.503132 
-0.797572 0.398186 0.453130 0.445462 -0.057938 0.893424 0.450873 -0.058174 0.890691 -0.794098 0.382827 0.472072 
-0.793129 0.438599 0.422584 0.411195 -0.054322 0.909928 0.416695 -0.054607 0.907405 -0.792329 0.420953 0.441602 
-0.784013 0.485074 0.387333 0.371680 -0.050008 0.927013 0.377275 -0.050359 0.924731 -0.786832 0.464510 0.406356 
-0.761934 0.544948 0.349985 0.327956 -0.044704 0.943635 0.333639 -0.045119 0.941620 -0.770173 0.520415 0.368783 
-0.729008 0.597353 0.334242 0.301989 -0.036569 0.952610 0.307717 -0.036902 0.950762 -0.742667 0.569433 0.352410 
-0.700870 0.636299 0.322343 0.281434 -0.030638 0.959091 0.287192 -0.030912 0.957374 -0.719219 0.605950 0.339925 
-0.691168 0.649802 0.316297 0.271913 -0.027164 0.961938 0.277686 -0.027396 0.960281 -0.711599 0.618327 0.333614 
-0.689068 0.653501 0.313245 0.267441 -0.024727 0.963257 0.273222 -0.024922 0.961628 -0.710383 0.621422 0.330441 
-0.692008 0.650455 0.313102 0.267126 -0.022983 0.963388 0.272908 -0.023141 0.961762 -0.713266 0.618198 0.330277 
-0.696666 0.645130 0.313791 0.267783 -0.020905 0.963253 0.273565 -0.021016 0.961624 -0.717629 0.612761 0.330958 
-0.705242 0.633519 0.318257 0.272507 -0.018331 0.961979 0.278281 -0.018370 0.960324 -0.725109 0.601405 0.335454 
-0.717399 0.615568 0.326213 0.281754 -0.016241 0.959349 0.287511 -0.016208 0.957640 -0.735321 0.584206 0.343520 
-0.732275 0.591528 0.337443 0.295037 -0.013990 0.955383 0.300769 -0.013877 0.953596 -0.747641 0.561314 0.354908 
-0.748525 0.562360 0.351371 0.311728 -0.011480 0.950102 0.317427 -0.011278 0.948216 -0.760976 0.533608 0.369022 
-0.762650 0.534390 0.364405 0.327288 -0.008355 0.944888 0.332951 -0.008064 0.942910 -0.772597 0.506969 0.382200 
-0.768381 0.525322 0.365550 0.329052 -0.005865 0.944293 0.334711 -0.005529 0.942305 -0.777828 0.498002 0.383376 
-0.762682 0.547188 0.344822 0.305288 -0.002949 0.952255 0.310994 -0.002607 0.950408 -0.775142 0.517476 0.362455 
-0.738422 0.599083 0.309569 0.262429 0.000533 0.964951 0.268212 0.000878 0.963360 -0.758138 0.564420 0.326584 
-0.709090 0.642373 0.290770 0.232104 0.006486 0.972669 0.237916 0.006950 0.971261 -0.735770 0.603729 0.306845 
-0.691456 0.671629 0.266086 0.203850 0.008916 0.978962 0.209703 0.009426 0.977720 -0.724915 0.628668 0.281558 
-0.679472 0.695038 0.235033 0.176700 0.008079 0.984232 0.182608 0.008549 0.983149 -0.720686 0.646532 0.250215 
-0.657350 0.727062 0.198169 0.146098 0.006017 0.989252 0.152064 0.006407 0.988350 -0.710893 0.670275 0.212985 
0.110224 0.003848 0.993899 0.116243 0.004151 0.993212 
0.070308 0.001990 0.997523 0.076369 0.002212 0.997077 
0.028145 0.000546 0.999604 0.034233 0.000682 0.999414 
-0.016495 -0.000125 0.999864 -0.010397 -0.000084 0.999946 
-0.061518 0.000311 0.998106 -0.055427 0.000257 0.998463 
-0.103489 0.001667 0.994629 -0.097416 0.001533 0.995243 
-0.141641 0.003112 0.989913 -0.135595 0.002934 0.990760 
-0.176732 0.003879 0.984251 0.954389 0.239225 0.178644 0.956936 0.210539 0.199869 -0.170718 0.003697 0.985313 
-0.209987 0.003960 0.977696 0.962245 0.173577 0.209657 0.960521 0.154977 0.231043 -0.204011 0.003794 0.978961 
-0.241872 0.003604 0.970301 0.963048 0.122371 0.239924 0.958905 0.110499 0.261326 -0.235938 0.003465 0.971762 
-0.271520 0.003376 0.962427 0.959542 0.084471 0.268597 0.953960 0.076862 0.289918 -0.265631 0.003258 0.964069 
-0.298700 0.003841 0.954339 0.953765 0.056177 0.295257 0.947229 0.051214 0.316442 -0.292860 0.003727 0.956148 
-0.322861 0.004764 0.946434 0.947134 0.033110 0.319124 0.939891 0.029956 0.340158 -0.317068 0.004647 0.948391 
-0.343601 0.006149 0.939096 0.940409 0.014629 0.339730 0.932631 0.012696 0.360608 -0.337852 0.006022 0.941180 
-0.360324 0.007825 0.932794 0.934322 0.001423 0.356427 0.926145 0.000224 0.377169 -0.354614 0.007682 0.934981 
-0.372543 0.009408 0.927967 0.929541 -0.005855 0.368673 0.921083 -0.006730 0.389308 -0.366863 0.009248 0.930229 
-0.380280 0.010504 0.924812 0.926398 -0.008687 0.376447 0.917765 -0.009476 0.397010 -0.374619 0.010331 0.927121 
-0.383252 0.011066 0.923578 0.925172 -0.008766 0.379446 0.916473 -0.009599 0.399981 -0.377599 0.010884 0.925905 
-0.381376 0.011089 0.924353 0.925948 -0.007215 0.377581 0.917292 -0.008159 0.398131 -0.375718 0.010905 0.926670 
-0.375813 0.010725 0.926634 0.928216 -0.003964 0.372021 0.919685 -0.005101 0.392623 -0.370142 0.010541 0.928916 
-0.366919 0.010109 0.930198 0.931731 0.002029 0.363143 0.923407 0.000529 0.383822 -0.361226 0.009926 0.932425 
-0.354747 0.009272 0.934916 0.936300 0.011375 0.351018 0.928267 0.009285 0.371799 -0.349026 0.009092 0.937069 
-0.339439 0.008265 0.940592 0.941648 0.023243 0.335797 0.933998 0.020360 0.356699 -0.333683 0.008089 0.942651 
-0.320922 0.007109 0.947079 0.947517 0.038121 0.317426 0.940360 0.034170 0.338460 -0.315127 0.006940 0.949024 
-0.299190 0.005837 0.954176 0.953456 0.057745 0.295952 0.946944 0.052256 0.317121 -0.293352 0.005679 0.955988 
-0.275262 0.004428 0.961359 0.958376 0.085227 0.272491 0.952735 0.077401 0.293778 -0.269381 0.004284 0.963024 
-0.247398 0.004610 0.968903 0.959219 0.138761 0.246259 0.955332 0.125497 0.267566 -0.241474 0.004439 0.970397 
-0.208068 0.006648 0.978092 0.955949 0.205258 0.209833 0.955668 0.182553 0.231028 -0.202094 0.006394 0.979345 
-0.162991 0.007444 0.986600 0.953864 0.233884 0.188260 -0.156970 0.007117 0.987578 
-0.116481 0.006199 0.993174 -0.110424 0.005841 0.993867 
-0.068384 0.003755 0.997652 -0.062301 0.003399 0.998052 
-0.019124 0.001031 0.999817 -0.013031 0.000698 0.999915 
0.034085 -0.001784 0.999417 0.040173 -0.002085 0.999191 
0.090783 -0.004759 0.995859 0.096846 -0.005028 0.995287 
0.150789 -0.008049 0.988533 0.156803 -0.008281 0.987595 -0.818512 0.545642 0.179759 
-0.842420 0.491744 0.220266 0.214177 -0.011309 0.976729 0.220115 -0.011483 0.975406 -0.858043 0.454119 0.239873 
-0.864429 0.414361 0.284723 0.281240 -0.014188 0.959533 0.287071 -0.014280 0.957803 -0.869753 0.388250 0.304618 
-0.863877 0.359608 0.352701 0.350170 -0.014674 0.936571 0.355856 -0.014628 0.934426 -0.863539 0.339996 0.372428 
-0.846219 0.317232 0.428108 0.424499 -0.009115 0.905383 0.429980 -0.008820 0.902795 -0.842077 0.301412 0.447278 
-0.822575 0.280351 0.494746 0.490679 -0.001530 0.871339 0.495933 -0.000994 0.868360 -0.815632 0.267012 0.513272 
-0.807219 0.261038 0.529392 0.527959 -0.008873 0.849224 0.533090 -0.008364 0.846017 -0.798692 0.249409 0.547619 
