-0.002536 -0.001149 0.999996 -0.001049 0.002289 0.999997 -0.000973 0.002255 0.999997 -0.002515 -0.001158 0.999996 
-0.005331 -0.002418 0.999983 -0.000159 0.000348 1.000000 -0.000100 0.000231 1.000000 -0.005314 -0.002450 0.999983 
-0.004844 -0.002198 0.999986 -0.000143 0.000311 1.000000 -0.000089 0.000205 1.000000 -0.004829 -0.002226 0.999986 
-0.006002 -0.002724 0.999978 0.000197 -0.000429 1.000000 0.000246 -0.000568 1.000000 -0.005988 -0.002762 0.999978 
-0.005437 -0.002468 0.999982 0.000190 -0.000413 1.000000 0.000233 -0.000539 1.000000 -0.005425 -0.002502 0.999982 
-0.003767 -0.001710 0.999991 0.000708 -0.001541 0.999999 0.000710 -0.001641 0.999998 -0.003766 -0.001738 0.999991 
-0.007676 -0.003484 0.999964 0.000576 -0.001254 0.999999 0.000622 -0.001439 0.999999 -0.007662 -0.003534 0.999964 
-0.006729 -0.003054 0.999973 0.000536 -0.001167 0.999999 0.000575 -0.001330 0.999999 -0.006718 -0.003099 0.999973 
-0.006714 -0.003049 0.999973 0.000835 -0.001817 0.999998 0.000859 -0.001986 0.999998 -0.006707 -0.003095 0.999973 
-0.005912 -0.002685 0.999979 0.000863 -0.001879 0.999998 0.000879 -0.002031 0.999998 -0.005907 -0.002726 0.999979 
-0.004053 -0.001841 0.999990 0.001384 -0.003013 0.999995 0.001356 -0.003133 0.999994 -0.004060 -0.001874 0.999990 
-0.006096 -0.002769 0.999978 0.002083 -0.004533 0.999988 0.002041 -0.004715 0.999987 -0.006107 -0.002819 0.999977 
-0.005564 -0.002527 0.999981 0.003296 -0.007171 0.999969 0.003189 -0.007367 0.999968 -0.005592 -0.002581 0.999981 
-0.005046 -0.002292 0.999985 0.003376 -0.007345 0.999967 0.003260 -0.007531 0.999966 -0.005077 -0.002344 0.999984 
-0.004582 -0.002081 0.999987 0.003399 -0.007398 0.999967 0.003277 -0.007573 0.999966 -0.004615 -0.002130 0.999987 
-0.004946 -0.002246 0.999985 0.003147 -0.006847 0.999972 0.003041 -0.007025 0.999971 -0.004974 -0.002296 0.999985 
-0.004685 -0.002126 0.999987 0.003645 -0.007937 0.999962 0.003512 -0.008121 0.999961 -0.004720 -0.002177 0.999986 
-0.005481 -0.002475 0.999982 0.008711 -0.019061 0.999780 0.008336 -0.019371 0.999778 -0.005582 -0.002562 0.999981 
-0.017576 -0.006452 0.999825 0.001480 -0.003978 0.999991 0.001528 -0.004403 0.999989 -0.017561 -0.006568 0.999824 
-0.018610 -0.006054 0.999808 0.000005 -0.000014 1.000000 0.000132 -0.000432 1.000000 -0.018572 -0.006168 0.999808 
0.000001 0.000000 1.000000 0.000041 -0.000122 1.000000 0.000038 -0.000123 1.000000 0.000001 0.000000 1.000000 
-0.008410 -0.002889 0.999960 0.003883 -0.011143 0.999930 0.003694 -0.011414 0.999928 -0.008460 -0.002964 0.999960 
-0.007019 -0.002419 0.999972 0.003684 -0.010535 0.999938 0.003498 -0.010770 0.999936 -0.007068 -0.002485 0.999972 
-0.015068 -0.004285 0.999877 0.005065 -0.017501 0.999834 0.004763 -0.017945 0.999828 -0.015149 -0.004409 0.999876 
-0.007680 -0.001811 0.999969 -0.046072 0.001632 0.998937 -0.007731 -0.145853 0.989276 -0.044532 0.114683 0.992403 0.004749 -0.022538 0.999735 -0.009669 0.021108 0.999730 
-0.004361 -0.087408 0.996163 -0.009371 -0.002302 0.999953 -0.017690 0.045740 0.998797 -0.006859 0.000180 0.999976 0.005678 -0.025751 0.999652 -0.002062 0.004549 0.999988 
-0.004024 -0.066437 0.997783 -0.011616 -0.002875 0.999928 -0.011235 0.029154 0.999512 -0.012594 0.000469 0.999921 0.002579 -0.011606 0.999929 0.002250 -0.005029 0.999985 
-0.002560 -0.036853 0.999317 -0.030402 -0.007374 0.999511 0.000213 -0.000630 1.000000 -0.011539 0.000528 0.999933 -0.000442 0.002038 0.999998 0.003527 -0.008819 0.999955 
-0.001329 -0.015753 0.999875 -0.038945 -0.009140 0.999200 0.003805 -0.012929 0.999909 -0.016566 0.001001 0.999862 -0.000589 0.002816 0.999996 0.001739 -0.004937 0.999986 
-0.000611 -0.007122 0.999974 -0.033080 -0.007701 0.999423 0.003529 -0.012160 0.999920 -0.021105 0.001302 0.999776 -0.000602 0.002904 0.999996 0.001572 -0.004521 0.999989 
-0.000460 -0.005391 0.999985 -0.026918 -0.006240 0.999618 0.002248 -0.007839 0.999967 -0.023642 0.001449 0.999719 -0.000449 0.002173 0.999998 0.001339 -0.003886 0.999992 
-0.000330 -0.003984 0.999992 -0.022239 -0.005163 0.999739 0.000853 -0.002992 0.999995 -0.028162 0.001657 0.999602 -0.000351 0.001696 0.999999 0.000981 -0.002854 0.999995 
0.000073 0.000909 1.000000 -0.019542 -0.004567 0.999799 0.000031 -0.000111 1.000000 -0.030911 0.001727 0.999521 -0.000315 0.001513 0.999999 -0.000010 0.000030 1.000000 
0.000899 0.011238 0.999936 -0.017797 -0.004164 0.999833 -0.000783 0.002784 0.999996 -0.033217 0.001840 0.999446 -0.000314 0.001504 0.999999 -0.002225 0.006546 0.999976 
0.001820 0.022731 0.999740 -0.016739 -0.003917 0.999852 -0.001843 0.006639 0.999976 -0.034054 0.001875 0.999418 -0.000333 0.001595 0.999999 -0.005144 0.015326 0.999869 
0.002587 0.032011 0.999484 -0.015322 -0.003585 0.999876 -0.002864 0.010396 0.999942 -0.034492 0.001914 0.999403 -0.000332 0.001593 0.999999 -0.007550 0.022696 0.999714 
0.003089 0.037793 0.999281 -0.013317 -0.003116 0.999906 -0.003636 0.013211 0.999906 -0.034351 0.001931 0.999408 -0.000289 0.001383 0.999999 -0.009046 0.027282 0.999587 
0.003305 0.040180 0.999187 -0.010893 -0.002549 0.999937 -0.004019 0.014569 0.999886 -0.033186 0.001882 0.999447 -0.000240 0.001152 0.999999 -0.009596 0.028915 0.999536 
0.003401 0.041336 0.999140 -0.008104 -0.001896 0.999965 -0.004040 0.014643 0.999885 -0.030545 0.001734 0.999532 -0.000198 0.000947 1.000000 -0.009640 0.029048 0.999532 
0.003430 0.041676 0.999125 -0.004876 -0.001141 0.999987 -0.003867 0.014016 0.999894 -0.027225 0.001550 0.999628 -0.000155 0.000744 1.000000 -0.009331 0.028113 0.999561 
0.003406 0.041260 0.999143 -0.001191 -0.000279 0.999999 -0.003497 0.012681 0.999913 -0.023179 0.001330 0.999730 -0.000131 0.000630 1.000000 -0.008665 0.026115 0.999621 
0.003306 0.040032 0.999193 -0.000232 -0.000054 1.000000 -0.002532 0.009207 0.999954 -0.018498 0.001066 0.999828 -0.000118 0.000566 1.000000 -0.007764 0.023446 0.999695 
0.003172 0.038405 0.999257 -0.000012 -0.000003 1.000000 -0.001413 0.005199 0.999985 -0.012361 0.000716 0.999923 -0.000123 0.000592 1.000000 -0.006883 0.020966 0.999756 
0.002954 0.036019 0.999347 -0.003999 -0.000935 0.999992 -0.000984 0.003628 0.999993 -0.007958 0.000458 0.999968 -0.000427 0.002047 0.999998 -0.007037 0.021454 0.999745 
0.002710 0.033304 0.999442 -0.008040 -0.001874 0.999966 -0.000636 0.002351 0.999997 -0.003388 0.000193 0.999994 -0.001193 0.005744 0.999983 -0.006995 0.021333 0.999748 
0.002478 0.030492 0.999532 -0.007333 -0.001709 0.999972 -0.000241 0.000892 1.000000 0.000902 -0.000052 1.000000 -0.001063 0.005117 0.999986 -0.006492 0.019797 0.999783 
0.002238 0.027396 0.999622 -0.006630 -0.001545 0.999977 -0.000177 0.000655 1.000000 0.002215 -0.000127 0.999998 -0.000952 0.004582 0.999989 -0.005954 0.018169 0.999817 
0.002016 0.024567 0.999696 -0.007850 -0.001830 0.999968 -0.000168 0.000623 1.000000 0.002935 -0.000170 0.999996 -0.001036 0.004986 0.999987 -0.005695 0.017401 0.999832 
0.001838 0.022371 0.999748 -0.006086 -0.001417 0.999980 -0.000369 0.001363 0.999999 0.003958 -0.000230 0.999992 -0.001274 0.006137 0.999980 -0.005196 0.015866 0.999861 
0.001759 0.021492 0.999767 -0.005508 -0.001283 0.999984 -0.000332 0.001226 0.999999 0.005909 -0.000342 0.999982 -0.001149 0.005534 0.999984 -0.005186 0.015827 0.999861 
0.001747 0.021444 0.999769 -0.003394 -0.000791 0.999994 -0.000521 0.001922 0.999998 0.008166 -0.000469 0.999967 -0.001257 0.006052 0.999981 -0.005204 0.015854 0.999861 
0.001804 0.022200 0.999752 -0.003064 -0.000714 0.999995 -0.000470 0.001735 0.999998 0.010407 -0.000596 0.999946 -0.001139 0.005484 0.999984 -0.005542 0.016876 0.999842 
0.001904 0.023469 0.999723 -0.002765 -0.000644 0.999996 -0.000425 0.001570 0.999999 0.012326 -0.000705 0.999924 -0.001034 0.004977 0.999987 -0.005939 0.018079 0.999819 
0.002009 0.024840 0.999689 -0.002491 -0.000580 0.999997 -0.000466 0.001721 0.999998 0.013680 -0.000780 0.999906 -0.001149 0.005532 0.999984 -0.006269 0.019072 0.999798 
0.002117 0.026257 0.999653 -0.002244 -0.000523 0.999997 -0.000423 0.001562 0.999999 0.014581 -0.000829 0.999893 -0.001044 0.005028 0.999987 -0.006590 0.020038 0.999778 
0.002234 0.027769 0.999612 -0.002021 -0.000471 0.999998 -0.000385 0.001422 0.999999 0.015137 -0.000858 0.999885 -0.000951 0.004582 0.999989 -0.006891 0.020946 0.999757 
0.002356 0.029318 0.999567 -0.001822 -0.000424 0.999998 -0.000351 0.001296 0.999999 0.015501 -0.000878 0.999879 -0.000870 0.004189 0.999991 -0.007179 0.021818 0.999736 
0.002474 0.031004 0.999516 -0.003904 -0.000910 0.999992 -0.000361 0.001335 0.999999 0.015817 -0.000887 0.999875 -0.001306 0.006284 0.999979 -0.007661 0.023287 0.999699 
0.002597 0.032721 0.999461 -0.003571 -0.000832 0.999993 -0.000325 0.001202 0.999999 0.015886 -0.000885 0.999873 -0.001194 0.005747 0.999983 -0.007937 0.024111 0.999678 
0.002704 0.034185 0.999412 -0.005450 -0.001270 0.999984 -0.000331 0.001225 0.999999 0.015816 -0.000877 0.999875 -0.001580 0.007604 0.999970 -0.008320 0.025289 0.999646 
0.002800 0.035313 0.999372 -0.003607 -0.000840 0.999993 -0.000531 0.001963 0.999998 0.015528 -0.000864 0.999879 -0.001735 0.008358 0.999964 -0.008293 0.025191 0.999648 
0.002869 0.036123 0.999343 -0.004940 -0.001151 0.999987 -0.000510 0.001886 0.999998 0.015063 -0.000840 0.999886 -0.001949 0.009386 0.999954 -0.008480 0.025783 0.999632 
0.002904 0.036572 0.999327 -0.005898 -0.001374 0.999982 -0.000486 0.001801 0.999998 0.014475 -0.000807 0.999895 -0.002079 0.010014 0.999948 -0.008566 0.026062 0.999624 
0.002941 0.037042 0.999309 -0.004233 -0.000985 0.999991 -0.000634 0.002344 0.999997 0.013875 -0.000773 0.999903 -0.002110 0.010170 0.999946 -0.008429 0.025628 0.999636 
0.002956 0.037200 0.999303 -0.003823 -0.000890 0.999992 -0.000577 0.002135 0.999998 0.013235 -0.000738 0.999912 -0.001915 0.009231 0.999956 -0.008356 0.025408 0.999642 
0.002924 0.036776 0.999319 -0.004980 -0.001158 0.999987 -0.000545 0.002021 0.999998 0.012545 -0.000700 0.999921 -0.002058 0.009928 0.999949 -0.008295 0.025239 0.999647 
0.002879 0.036100 0.999344 -0.002647 -0.000616 0.999996 -0.000819 0.003031 0.999995 0.011869 -0.000664 0.999929 -0.002357 0.011369 0.999933 -0.007819 0.023772 0.999687 
0.002820 0.035280 0.999373 -0.000937 -0.000218 1.000000 -0.000948 0.003503 0.999993 0.011170 -0.000627 0.999937 -0.002312 0.011157 0.999935 -0.007453 0.022650 0.999716 
0.002755 0.034409 0.999404 -0.001727 -0.000402 0.999998 -0.000839 0.003103 0.999995 0.010364 -0.000583 0.999946 -0.002172 0.010480 0.999943 -0.007307 0.022218 0.999726 
0.002682 0.033458 0.999437 -0.001571 -0.000365 0.999999 -0.000760 0.002811 0.999996 0.009556 -0.000538 0.999954 -0.001970 0.009507 0.999953 -0.007042 0.021420 0.999746 
0.002604 0.032444 0.999470 -0.001429 -0.000332 0.999999 -0.000689 0.002548 0.999997 0.008751 -0.000493 0.999962 -0.001788 0.008629 0.999961 -0.006767 0.020589 0.999765 
0.002523 0.031370 0.999505 -0.001304 -0.000303 0.999999 -0.000624 0.002308 0.999997 0.007961 -0.000450 0.999968 -0.001623 0.007832 0.999968 -0.006484 0.019733 0.999784 
0.002442 0.030297 0.999538 -0.001190 -0.000277 0.999999 -0.000565 0.002088 0.999998 0.007157 -0.000405 0.999974 -0.001470 0.007094 0.999974 -0.006201 0.018878 0.999803 
0.002365 0.029269 0.999569 -0.001085 -0.000252 0.999999 -0.000511 0.001890 0.999998 0.006328 -0.000360 0.999980 -0.001331 0.006421 0.999978 -0.005923 0.018038 0.999820 
0.002293 0.028290 0.999597 -0.000990 -0.000230 0.999999 -0.000462 0.001708 0.999998 0.005491 -0.000313 0.999985 -0.001202 0.005802 0.999982 -0.005654 0.017225 0.999836 
0.002224 0.027374 0.999623 -0.000904 -0.000210 1.000000 -0.000417 0.001543 0.999999 0.004663 -0.000267 0.999989 -0.001086 0.005240 0.999986 -0.005397 0.016448 0.999850 
0.002157 0.026510 0.999646 -0.001727 -0.000402 0.999998 -0.000373 0.001379 0.999999 0.003817 -0.000219 0.999993 -0.001129 0.005441 0.999985 -0.005223 0.015930 0.999859 
0.002093 0.025683 0.999668 -0.001566 -0.000364 0.999999 -0.000337 0.001248 0.999999 0.003056 -0.000175 0.999995 -0.001020 0.004915 0.999987 -0.004982 0.015199 0.999872 
0.002034 0.024940 0.999687 -0.001422 -0.000331 0.999999 -0.000307 0.001135 0.999999 0.002834 -0.000163 0.999996 -0.000920 0.004434 0.999990 -0.004821 0.014710 0.999880 
0.002047 0.025056 0.999684 -0.003426 -0.000797 0.999994 -0.000187 0.000695 1.000000 0.002897 -0.000167 0.999996 -0.000994 0.004789 0.999988 -0.005033 0.015383 0.999869 
0.001998 0.024420 0.999700 -0.002321 -0.000540 0.999997 -0.000296 0.001096 0.999999 0.002303 -0.000133 0.999997 -0.000998 0.004809 0.999988 -0.004772 0.014581 0.999882 
0.001997 0.024373 0.999701 -0.004269 -0.000994 0.999990 -0.000182 0.000674 1.000000 0.001886 -0.000109 0.999998 -0.000964 0.004646 0.999989 -0.004956 0.015167 0.999873 
0.001996 0.024345 0.999702 -0.004312 -0.001004 0.999990 -0.000098 0.000362 1.000000 0.001567 -0.000091 0.999999 -0.000797 0.003841 0.999992 -0.004921 0.015065 0.999874 
0.001958 0.023849 0.999714 -0.003917 -0.000912 0.999992 -0.000102 0.000380 1.000000 0.001297 -0.000075 0.999999 -0.000725 0.003492 0.999994 -0.004778 0.014624 0.999882 
0.001945 0.023667 0.999718 -0.003643 -0.000848 0.999993 -0.000075 0.000279 1.000000 0.000930 -0.000054 1.000000 -0.000570 0.002748 0.999996 -0.004710 0.014416 0.999885 
0.001935 0.023526 0.999721 -0.003310 -0.000771 0.999994 -0.000060 0.000223 1.000000 0.000636 -0.000037 1.000000 -0.000518 0.002493 0.999997 -0.004604 0.014092 0.999890 
0.001911 0.023224 0.999728 -0.003009 -0.000701 0.999995 -0.000057 0.000211 1.000000 0.000651 -0.000038 1.000000 -0.000472 0.002273 0.999997 -0.004520 0.013835 0.999894 
0.001892 0.022978 0.999734 -0.002738 -0.000638 0.999996 -0.000053 0.000198 1.000000 0.000671 -0.000039 1.000000 -0.000431 0.002075 0.999998 -0.004448 0.013616 0.999897 
0.001893 0.022982 0.999734 -0.004734 -0.001103 0.999988 -0.000000 0.000001 1.000000 0.000262 -0.000015 1.000000 -0.000488 0.002351 0.999997 -0.004670 0.014310 0.999887 
0.001883 0.022850 0.999737 -0.004299 -0.001002 0.999990 -0.000009 0.000034 1.000000 0.000220 -0.000013 1.000000 -0.000447 0.002151 0.999998 -0.004596 0.014083 0.999890 
0.001878 0.022787 0.999739 -0.003906 -0.000910 0.999992 -0.000011 0.000039 1.000000 0.000297 -0.000017 1.000000 -0.000410 0.001972 0.999998 -0.004545 0.013926 0.999893 
0.001877 0.022770 0.999739 -0.003550 -0.000827 0.999993 -0.000018 0.000066 1.000000 0.000265 -0.000015 1.000000 -0.000375 0.001805 0.999998 -0.004502 0.013791 0.999895 
0.001883 0.022834 0.999737 -0.002815 -0.000656 0.999996 -0.000055 0.000204 1.000000 0.000918 -0.000054 1.000000 -0.000428 0.002059 0.999998 -0.004465 0.013681 0.999896 
0.001887 0.022878 0.999736 -0.002565 -0.000597 0.999997 -0.000049 0.000180 1.000000 0.001104 -0.000064 0.999999 -0.000394 0.001896 0.999998 -0.004461 0.013666 0.999897 
0.001891 0.022935 0.999735 -0.002335 -0.000544 0.999997 -0.000043 0.000159 1.000000 0.001322 -0.000077 0.999999 -0.000363 0.001747 0.999998 -0.004465 0.013678 0.999896 
0.001896 0.022993 0.999734 -0.002126 -0.000495 0.999998 -0.000038 0.000140 1.000000 0.001525 -0.000089 0.999999 -0.000335 0.001614 0.999999 -0.004470 0.013693 0.999896 
0.001900 0.023046 0.999733 -0.001938 -0.000451 0.999998 -0.000033 0.000123 1.000000 0.001707 -0.000100 0.999999 -0.000311 0.001500 0.999999 -0.004474 0.013705 0.999896 
0.001904 0.023086 0.999732 -0.001768 -0.000412 0.999998 -0.000029 0.000106 1.000000 0.001873 -0.000109 0.999998 -0.000290 0.001398 0.999999 -0.004475 0.013711 0.999896 
0.001906 0.023121 0.999731 -0.001613 -0.000376 0.999999 -0.000025 0.000093 1.000000 0.002027 -0.000118 0.999998 -0.000271 0.001304 0.999999 -0.004478 0.013717 0.999896 
0.001905 0.023094 0.999731 -0.005934 -0.001381 0.999981 -0.000050 0.000186 1.000000 0.002034 -0.000119 0.999998 -0.000693 0.003338 0.999994 -0.005041 0.015475 0.999868 
0.001901 0.023024 0.999733 -0.006493 -0.001514 0.999978 -0.000009 0.000035 1.000000 0.001444 -0.000084 0.999999 -0.000566 0.002721 0.999996 -0.005088 0.015621 0.999865 
0.001906 0.023094 0.999731 -0.005856 -0.001365 0.999982 -0.000015 0.000057 1.000000 0.001462 -0.000085 0.999999 -0.000515 0.002477 0.999997 -0.005022 0.015418 0.999869 
0.001941 0.023487 0.999722 -0.004677 -0.001089 0.999988 -0.000100 0.000372 1.000000 0.001390 -0.000081 0.999999 -0.000614 0.002958 0.999995 -0.004910 0.015069 0.999874 
0.001943 0.023505 0.999722 -0.004249 -0.000990 0.999990 -0.000091 0.000339 1.000000 0.001513 -0.000089 0.999999 -0.000563 0.002713 0.999996 -0.004868 0.014940 0.999877 
0.001943 0.023496 0.999722 -0.003860 -0.000899 0.999992 -0.000082 0.000303 1.000000 0.001679 -0.000098 0.999999 -0.000518 0.002493 0.999997 -0.004829 0.014824 0.999878 
0.001935 0.023408 0.999724 -0.005786 -0.001349 0.999982 -0.000014 0.000051 1.000000 0.001779 -0.000104 0.999998 -0.000530 0.002552 0.999997 -0.005087 0.015631 0.999865 
0.001938 0.023436 0.999723 -0.005246 -0.001223 0.999985 -0.000061 0.000228 1.000000 0.001856 -0.000109 0.999998 -0.000649 0.003121 0.999995 -0.004991 0.015338 0.999870 
0.001939 0.023444 0.999723 -0.005347 -0.001246 0.999985 -0.000029 0.000107 1.000000 0.001903 -0.000111 0.999998 -0.000575 0.002770 0.999996 -0.005019 0.015426 0.999868 
0.001938 0.023428 0.999724 -0.004820 -0.001123 0.999988 -0.000030 0.000111 1.000000 0.001990 -0.000117 0.999998 -0.000524 0.002523 0.999997 -0.004960 0.015247 0.999871 
0.001940 0.023430 0.999724 -0.005226 -0.001218 0.999986 -0.000146 0.000545 1.000000 0.002067 -0.000121 0.999998 -0.000760 0.003659 0.999993 -0.005039 0.015497 0.999867 
0.001936 0.023384 0.999725 -0.005150 -0.001200 0.999986 -0.000114 0.000425 1.000000 0.002105 -0.000123 0.999998 -0.000700 0.003368 0.999994 -0.005019 0.015439 0.999868 
0.001936 0.023374 0.999725 -0.004676 -0.001090 0.999988 -0.000103 0.000384 1.000000 0.002174 -0.000128 0.999998 -0.000641 0.003087 0.999995 -0.004960 0.015257 0.999871 
0.001933 0.023341 0.999726 -0.004247 -0.000990 0.999990 -0.000092 0.000343 1.000000 0.002280 -0.000134 0.999997 -0.000587 0.002825 0.999996 -0.004906 0.015093 0.999874 
0.001930 0.023295 0.999727 -0.003856 -0.000899 0.999992 -0.000081 0.000301 1.000000 0.002411 -0.000142 0.999997 -0.000538 0.002587 0.999997 -0.004857 0.014942 0.999877 
0.001919 0.023171 0.999730 -0.005733 -0.001337 0.999983 -0.000037 0.000139 1.000000 0.002254 -0.000132 0.999997 -0.000590 0.002839 0.999996 -0.005076 0.015629 0.999865 
0.001922 0.023199 0.999729 -0.004601 -0.001072 0.999989 -0.000141 0.000525 1.000000 0.002192 -0.000129 0.999998 -0.000672 0.003234 0.999995 -0.004942 0.015205 0.999872 
0.001921 0.023186 0.999729 -0.004180 -0.000974 0.999991 -0.000127 0.000473 1.000000 0.002262 -0.000133 0.999997 -0.000616 0.002965 0.999995 -0.004887 0.015038 0.999875 
0.001918 0.023142 0.999730 -0.003798 -0.000885 0.999992 -0.000113 0.000422 1.000000 0.002380 -0.000140 0.999997 -0.000565 0.002718 0.999996 -0.004836 0.014883 0.999878 
0.001916 0.023113 0.999731 -0.004019 -0.000937 0.999991 -0.000108 0.000404 1.000000 0.002471 -0.000145 0.999997 -0.000635 0.003056 0.999995 -0.004837 0.014887 0.999877 
0.001913 0.023073 0.999732 -0.003653 -0.000851 0.999993 -0.000096 0.000357 1.000000 0.002587 -0.000152 0.999997 -0.000582 0.002802 0.999996 -0.004792 0.014749 0.999880 
0.001910 0.023042 0.999733 -0.003320 -0.000774 0.999994 -0.000084 0.000313 1.000000 0.002711 -0.000159 0.999996 -0.000533 0.002567 0.999997 -0.004755 0.014635 0.999882 
0.001910 0.023032 0.999733 -0.002565 -0.000598 0.999997 -0.000139 0.000520 1.000000 0.002829 -0.000166 0.999996 -0.000538 0.002590 0.999997 -0.004690 0.014431 0.999885 
0.001911 0.023033 0.999733 -0.002335 -0.000544 0.999997 -0.000123 0.000459 1.000000 0.002984 -0.000176 0.999996 -0.000494 0.002378 0.999997 -0.004673 0.014377 0.999886 
0.001914 0.023063 0.999732 -0.001636 -0.000381 0.999999 -0.000197 0.000733 1.000000 0.003118 -0.000184 0.999995 -0.000566 0.002725 0.999996 -0.004610 0.014178 0.999889 
0.001915 0.023064 0.999732 -0.001496 -0.000348 0.999999 -0.000175 0.000654 1.000000 0.003263 -0.000192 0.999995 -0.000520 0.002504 0.999997 -0.004603 0.014157 0.999889 
0.001914 0.023060 0.999732 -0.001366 -0.000318 0.999999 -0.000155 0.000578 1.000000 0.003399 -0.000200 0.999994 -0.000477 0.002298 0.999997 -0.004596 0.014134 0.999890 
0.001983 0.023883 0.999713 -0.003655 -0.000852 0.999993 0.000011 -0.000042 1.000000 0.003947 -0.000233 0.999992 -0.000540 0.002598 0.999996 -0.004989 0.015373 0.999869 
0.001985 0.023895 0.999713 -0.003319 -0.000774 0.999994 0.000013 -0.000048 1.000000 0.003988 -0.000235 0.999992 -0.000496 0.002386 0.999997 -0.004958 0.015277 0.999871 
0.001984 0.023888 0.999713 -0.003015 -0.000703 0.999995 0.000015 -0.000055 1.000000 0.004064 -0.000240 0.999992 -0.000455 0.002191 0.999997 -0.004931 0.015194 0.999872 
0.001984 0.023881 0.999713 -0.002741 -0.000639 0.999996 0.000016 -0.000060 1.000000 0.004141 -0.000244 0.999991 -0.000420 0.002023 0.999998 -0.004907 0.015119 0.999874 
0.001987 0.023899 0.999712 -0.001870 -0.000436 0.999998 -0.000090 0.000337 1.000000 0.004198 -0.000248 0.999991 -0.000535 0.002577 0.999997 -0.004816 0.014832 0.999878 
0.001988 0.023910 0.999712 -0.001705 -0.000397 0.999998 -0.000078 0.000291 1.000000 0.004302 -0.000254 0.999991 -0.000492 0.002368 0.999997 -0.004810 0.014813 0.999879 
0.002061 0.024768 0.999691 -0.002257 -0.000526 0.999997 0.000067 -0.000252 1.000000 0.005333 -0.000315 0.999986 -0.000594 0.002861 0.999996 -0.004954 0.015273 0.999871 
0.002071 0.024862 0.999689 -0.001058 -0.000246 0.999999 -0.000104 0.000387 1.000000 0.005361 -0.000318 0.999986 -0.000748 0.003604 0.999993 -0.004866 0.014988 0.999876 
0.002076 0.024915 0.999687 -0.001803 -0.000419 0.999998 -0.000103 0.000385 1.000000 0.005408 -0.000321 0.999985 -0.000861 0.004153 0.999991 -0.004950 0.015253 0.999871 
0.002080 0.024959 0.999686 -0.001644 -0.000382 0.999999 -0.000090 0.000336 1.000000 0.005450 -0.000323 0.999985 -0.000786 0.003789 0.999993 -0.004961 0.015287 0.999871 
0.002084 0.024992 0.999685 -0.001503 -0.000349 0.999999 -0.000077 0.000289 1.000000 0.005522 -0.000328 0.999985 -0.000719 0.003466 0.999994 -0.004973 0.015323 0.999870 
0.002088 0.025032 0.999684 -0.001373 -0.000319 0.999999 -0.000067 0.000251 1.000000 0.005600 -0.000332 0.999984 -0.000658 0.003172 0.999995 -0.004987 0.015369 0.999869 
0.002091 0.025070 0.999684 -0.001260 -0.000293 0.999999 -0.000058 0.000215 1.000000 0.005685 -0.000337 0.999984 -0.000604 0.002911 0.999996 -0.005003 0.015415 0.999869 
0.002092 0.025078 0.999683 -0.003256 -0.000758 0.999994 -0.000021 0.000079 1.000000 0.005722 -0.000340 0.999984 -0.000704 0.003393 0.999994 -0.005268 0.016251 0.999854 
0.002094 0.025108 0.999683 -0.002962 -0.000689 0.999995 -0.000016 0.000062 1.000000 0.005711 -0.000339 0.999984 -0.000646 0.003116 0.999995 -0.005246 0.016183 0.999855 
0.002096 0.025124 0.999682 -0.002694 -0.000627 0.999996 -0.000011 0.000042 1.000000 0.005710 -0.000339 0.999984 -0.000594 0.002864 0.999996 -0.005223 0.016113 0.999857 
0.002096 0.025116 0.999682 -0.002454 -0.000571 0.999997 -0.000007 0.000025 1.000000 0.005736 -0.000341 0.999983 -0.000547 0.002635 0.999996 -0.005202 0.016051 0.999858 
0.002094 0.025085 0.999683 -0.003989 -0.000929 0.999992 0.000006 -0.000023 1.000000 0.005710 -0.000339 0.999984 -0.000667 0.003213 0.999995 -0.005386 0.016635 0.999847 
0.002093 0.025064 0.999684 -0.003623 -0.000843 0.999993 0.000008 -0.000029 1.000000 0.005681 -0.000338 0.999984 -0.000611 0.002946 0.999995 -0.005342 0.016499 0.999850 
0.002087 0.024992 0.999685 -0.005102 -0.001188 0.999986 0.000030 -0.000112 1.000000 0.005516 -0.000328 0.999985 -0.000678 0.003267 0.999994 -0.005512 0.017040 0.999840 
0.002082 0.024935 0.999687 -0.007196 -0.001678 0.999973 -0.000136 0.000510 1.000000 0.005202 -0.000309 0.999986 -0.001351 0.006497 0.999978 -0.005656 0.017505 0.999831 
0.002086 0.024998 0.999685 -0.006524 -0.001521 0.999978 -0.000122 0.000457 1.000000 0.004879 -0.000290 0.999988 -0.001229 0.005911 0.999982 -0.005562 0.017211 0.999836 
0.002089 0.025021 0.999685 -0.006945 -0.001618 0.999975 -0.000127 0.000476 1.000000 0.004527 -0.000269 0.999990 -0.001331 0.006410 0.999979 -0.005550 0.017180 0.999837 
0.002089 0.025023 0.999685 -0.006298 -0.001467 0.999979 -0.000118 0.000445 1.000000 0.004240 -0.000252 0.999991 -0.001217 0.005858 0.999982 -0.005455 0.016888 0.999843 
0.002086 0.024979 0.999686 -0.008240 -0.001917 0.999964 -0.000155 0.000583 1.000000 0.003943 -0.000234 0.999992 -0.001651 0.007965 0.999967 -0.005560 0.017228 0.999836 
0.002086 0.024960 0.999686 -0.007445 -0.001732 0.999971 -0.000152 0.000573 1.000000 0.003614 -0.000215 0.999993 -0.001497 0.007220 0.999973 -0.005459 0.016915 0.999842 
0.002083 0.024902 0.999688 -0.008669 -0.002014 0.999960 -0.000216 0.000814 1.000000 0.003350 -0.000199 0.999994 -0.001820 0.008793 0.999960 -0.005530 0.017140 0.999838 
0.002100 0.025033 0.999684 -0.006069 -0.001408 0.999981 -0.000519 0.001952 0.999998 0.002977 -0.000178 0.999996 -0.002106 0.010185 0.999946 -0.005226 0.016181 0.999855 
0.002123 0.025261 0.999679 -0.007798 -0.001810 0.999968 -0.000389 0.001466 0.999999 0.002775 -0.000166 0.999996 -0.001869 0.009035 0.999957 -0.005537 0.017165 0.999837 
0.002126 0.025296 0.999678 -0.007069 -0.001641 0.999974 -0.000355 0.001337 0.999999 0.002669 -0.000160 0.999996 -0.001697 0.008202 0.999965 -0.005457 0.016919 0.999842 
0.002137 0.025403 0.999675 -0.006411 -0.001488 0.999978 -0.000323 0.001217 0.999999 0.002597 -0.000156 0.999997 -0.001541 0.007447 0.999971 -0.005401 0.016746 0.999845 
0.002155 0.025565 0.999671 -0.005172 -0.001200 0.999986 -0.000385 0.001450 0.999999 0.002549 -0.000153 0.999997 -0.001477 0.007144 0.999973 -0.005306 0.016448 0.999851 
0.002150 0.025497 0.999673 -0.004696 -0.001090 0.999988 -0.000348 0.001310 0.999999 0.002597 -0.000156 0.999997 -0.001344 0.006500 0.999978 -0.005246 0.016264 0.999854 
0.002140 0.025370 0.999676 -0.004806 -0.001115 0.999988 -0.000321 0.001209 0.999999 0.002659 -0.000160 0.999996 -0.001337 0.006465 0.999978 -0.005224 0.016199 0.999855 
0.002129 0.025237 0.999679 -0.004370 -0.001014 0.999990 -0.000288 0.001084 0.999999 0.002766 -0.000167 0.999996 -0.001219 0.005894 0.999982 -0.005163 0.016010 0.999858 
0.002114 0.025067 0.999684 -0.006734 -0.001561 0.999976 -0.000291 0.001098 0.999999 0.002778 -0.000167 0.999996 -0.001570 0.007601 0.999970 -0.005365 0.016651 0.999847 
0.002109 0.024990 0.999685 -0.006111 -0.001417 0.999980 -0.000263 0.000991 0.999999 0.002821 -0.000170 0.999996 -0.001428 0.006914 0.999975 -0.005291 0.016424 0.999851 
0.002108 0.024923 0.999687 -0.004396 -0.001020 0.999990 -0.000764 0.002879 0.999996 0.002882 -0.000174 0.999996 -0.002285 0.011051 0.999936 -0.005068 0.015718 0.999864 
0.002116 0.024991 0.999685 -0.003993 -0.000926 0.999992 -0.000690 0.002602 0.999996 0.002965 -0.000180 0.999996 -0.002071 0.010019 0.999948 -0.005053 0.015674 0.999864 
0.002115 0.024969 0.999686 -0.003627 -0.000841 0.999993 -0.000623 0.002347 0.999997 0.003101 -0.000188 0.999995 -0.001878 0.009084 0.999957 -0.005030 0.015604 0.999866 
0.002118 0.024972 0.999686 -0.005333 -0.001235 0.999985 -0.000590 0.002225 0.999997 0.003135 -0.000190 0.999995 -0.002136 0.010350 0.999944 -0.005159 0.016013 0.999858 
0.002120 0.024986 0.999686 -0.004838 -0.001121 0.999988 -0.000532 0.002008 0.999998 0.003239 -0.000197 0.999995 -0.001937 0.009385 0.999954 -0.005130 0.015926 0.999860 
0.002121 0.024993 0.999685 -0.004391 -0.001017 0.999990 -0.000479 0.001809 0.999998 0.003379 -0.000205 0.999994 -0.001757 0.008512 0.999962 -0.005108 0.015858 0.999861 
0.002121 0.025000 0.999685 -0.003989 -0.000924 0.999992 -0.000430 0.001623 0.999999 0.003568 -0.000217 0.999994 -0.001596 0.007735 0.999969 -0.005093 0.015810 0.999862 
0.002120 0.024973 0.999686 -0.003626 -0.000840 0.999993 -0.000388 0.001465 0.999999 0.003796 -0.000231 0.999993 -0.001451 0.007029 0.999974 -0.005082 0.015778 0.999863 
0.002114 0.024903 0.999688 -0.006053 -0.001401 0.999981 -0.000359 0.001357 0.999999 0.003911 -0.000238 0.999992 -0.001712 0.008303 0.999964 -0.005338 0.016588 0.999848 
0.002120 0.024948 0.999687 -0.007375 -0.001705 0.999971 -0.000384 0.001451 0.999999 0.003827 -0.000233 0.999993 -0.001991 0.009674 0.999951 -0.005444 0.016923 0.999842 
0.002135 0.025112 0.999682 -0.006684 -0.001545 0.999976 -0.000347 0.001314 0.999999 0.003779 -0.000230 0.999993 -0.001806 0.008775 0.999960 -0.005405 0.016805 0.999844 
0.002150 0.025270 0.999678 -0.006060 -0.001401 0.999981 -0.000314 0.001189 0.999999 0.003744 -0.000228 0.999993 -0.001640 0.007966 0.999967 -0.005372 0.016705 0.999846 
0.002162 0.025392 0.999675 -0.005499 -0.001271 0.999984 -0.000284 0.001076 0.999999 0.003746 -0.000229 0.999993 -0.001491 0.007245 0.999973 -0.005342 0.016614 0.999848 
0.002166 0.025428 0.999674 -0.004989 -0.001153 0.999987 -0.000257 0.000974 0.999999 0.003827 -0.000234 0.999993 -0.001356 0.006588 0.999977 -0.005311 0.016518 0.999849 
0.002159 0.025343 0.999676 -0.006671 -0.001543 0.999977 -0.000192 0.000726 1.000000 0.003848 -0.000235 0.999993 -0.001336 0.006487 0.999978 -0.005535 0.017232 0.999836 
0.002148 0.025215 0.999680 -0.006051 -0.001399 0.999981 -0.000174 0.000658 1.000000 0.003883 -0.000237 0.999992 -0.001218 0.005912 0.999982 -0.005450 0.016970 0.999841 
0.002138 0.025085 0.999683 -0.008082 -0.001865 0.999966 -0.000202 0.000768 1.000000 0.003786 -0.000231 0.999993 -0.001668 0.008117 0.999966 -0.005559 0.017321 0.999835 
0.002136 0.025021 0.999685 -0.006514 -0.001502 0.999978 -0.000321 0.001216 0.999999 0.003657 -0.000224 0.999993 -0.001713 0.008343 0.999964 -0.005360 0.016696 0.999846 
0.002127 0.024897 0.999688 -0.008136 -0.001875 0.999965 -0.000313 0.001189 0.999999 0.003345 -0.000205 0.999994 -0.001892 0.009221 0.999956 -0.005483 0.017094 0.999839 
0.002129 0.024893 0.999688 -0.007479 -0.001724 0.999971 -0.000289 0.001097 0.999999 0.002804 -0.000172 0.999996 -0.001663 0.008102 0.999966 -0.005405 0.016848 0.999843 
0.002130 0.024893 0.999688 -0.006785 -0.001564 0.999976 -0.000263 0.000997 0.999999 0.002712 -0.000167 0.999996 -0.001513 0.007371 0.999972 -0.005324 0.016598 0.999848 
0.002130 0.024868 0.999688 -0.006159 -0.001420 0.999980 -0.000238 0.000905 1.000000 0.002686 -0.000165 0.999996 -0.001379 0.006719 0.999976 -0.005252 0.016374 0.999852 
0.002113 0.024655 0.999694 -0.005594 -0.001289 0.999984 -0.000215 0.000817 1.000000 0.002669 -0.000164 0.999996 -0.001258 0.006129 0.999980 -0.005153 0.016067 0.999858 
0.002101 0.024506 0.999697 -0.006011 -0.001386 0.999981 -0.000221 0.000840 1.000000 0.002660 -0.000164 0.999996 -0.001390 0.006772 0.999976 -0.005134 0.016011 0.999859 
0.002089 0.024353 0.999701 -0.005460 -0.001259 0.999984 -0.000199 0.000754 1.000000 0.002689 -0.000166 0.999996 -0.001268 0.006176 0.999980 -0.005054 0.015765 0.999863 
0.002081 0.024244 0.999704 -0.005768 -0.001329 0.999982 -0.000190 0.000722 1.000000 0.002704 -0.000167 0.999996 -0.001325 0.006457 0.999978 -0.005050 0.015755 0.999863 
0.002074 0.024143 0.999706 -0.005877 -0.001354 0.999982 -0.000183 0.000696 1.000000 0.002725 -0.000168 0.999996 -0.001342 0.006544 0.999978 -0.005036 0.015715 0.999864 
0.002063 0.023987 0.999710 -0.006943 -0.001598 0.999975 -0.000286 0.001089 0.999999 0.002643 -0.000163 0.999996 -0.001635 0.007982 0.999967 -0.005139 0.016048 0.999858 
0.002062 0.023962 0.999711 -0.008716 -0.002007 0.999960 -0.000165 0.000630 1.000000 0.002569 -0.000159 0.999997 -0.001442 0.007035 0.999974 -0.005411 0.016921 0.999842 
0.002064 0.023967 0.999711 -0.006971 -0.001604 0.999974 -0.000301 0.001144 0.999999 0.002505 -0.000155 0.999997 -0.001478 0.007214 0.999973 -0.005225 0.016329 0.999853 
0.002068 0.023937 0.999711 -0.005523 -0.001271 0.999984 -0.000768 0.002918 0.999995 0.002015 -0.000125 0.999998 -0.002196 0.010717 0.999940 -0.005033 0.015710 0.999864 
0.002084 0.024092 0.999708 -0.005020 -0.001156 0.999987 -0.000695 0.002641 0.999996 0.002070 -0.000129 0.999998 -0.001996 0.009739 0.999951 -0.005007 0.015629 0.999865 
0.002098 0.024234 0.999704 -0.004566 -0.001051 0.999989 -0.000629 0.002391 0.999997 0.002144 -0.000134 0.999998 -0.001815 0.008858 0.999959 -0.004986 0.015565 0.999866 
0.002105 0.024310 0.999702 -0.005062 -0.001165 0.999987 -0.000581 0.002209 0.999997 0.002238 -0.000140 0.999997 -0.001843 0.008997 0.999958 -0.005028 0.015704 0.999864 
0.002106 0.024314 0.999702 -0.004606 -0.001060 0.999989 -0.000525 0.001994 0.999998 0.002391 -0.000149 0.999997 -0.001679 0.008195 0.999965 -0.004993 0.015594 0.999866 
0.002089 0.024145 0.999706 -0.009116 -0.002100 0.999956 -0.000314 0.001195 0.999999 0.002432 -0.000152 0.999997 -0.001582 0.007714 0.999969 -0.005588 0.017488 0.999831 
0.002090 0.024169 0.999706 -0.008280 -0.001907 0.999964 -0.000284 0.001082 0.999999 0.002477 -0.000154 0.999997 -0.001447 0.007056 0.999974 -0.005490 0.017182 0.999837 
