-0.002198 -0.004147 0.999989 -0.006621 0.003546 0.999972 -0.006791 0.003444 0.999971 -0.002245 -0.004174 0.999989 
-0.000452 -0.000854 1.000000 -0.004704 0.002520 0.999986 -0.004778 0.002424 0.999986 -0.000473 -0.000879 1.000000 
0.000352 0.000663 1.000000 -0.005136 0.002752 0.999983 -0.005180 0.002629 0.999983 0.000339 0.000630 1.000000 
0.000315 0.000595 1.000000 -0.004617 0.002474 0.999986 -0.004657 0.002363 0.999986 0.000304 0.000564 1.000000 
0.000279 0.000526 1.000000 -0.004146 0.002221 0.999989 -0.004182 0.002122 0.999989 0.000269 0.000499 1.000000 
0.000250 0.000472 1.000000 -0.003752 0.002010 0.999991 -0.003784 0.001920 0.999991 0.000241 0.000448 1.000000 
-0.000605 -0.001140 0.999999 -0.004360 0.002337 0.999988 -0.004436 0.002252 0.999988 -0.000626 -0.001163 0.999999 
-0.000543 -0.001025 0.999999 -0.003944 0.002114 0.999990 -0.004013 0.002037 0.999990 -0.000563 -0.001045 0.999999 
-0.001003 -0.001890 0.999998 -0.002495 0.001338 0.999996 -0.002566 0.001303 0.999996 -0.001023 -0.001899 0.999998 
-0.001215 -0.002288 0.999997 -0.002091 0.001122 0.999997 -0.002167 0.001101 0.999997 -0.001235 -0.002294 0.999997 
0.000365 0.000687 1.000000 -0.000494 0.000265 1.000000 -0.000484 0.000246 1.000000 0.000368 0.000682 1.000000 
0.000336 0.000633 1.000000 -0.000473 0.000254 1.000000 -0.000464 0.000236 1.000000 0.000339 0.000628 1.000000 
0.000256 0.000482 1.000000 -0.000610 0.000328 1.000000 -0.000606 0.000308 1.000000 0.000257 0.000476 1.000000 
0.003521 0.006626 0.999972 -0.005078 0.002726 0.999983 -0.004987 0.002536 0.999984 0.003545 0.006574 0.999972 
0.005347 0.010067 0.999935 -0.006339 0.003402 0.999974 -0.006186 0.003144 0.999976 0.005388 0.009995 0.999936 
0.004846 0.009124 0.999947 -0.005735 0.003078 0.999979 -0.005596 0.002844 0.999980 0.004883 0.009059 0.999947 
0.005658 0.010653 0.999927 -0.006209 0.003332 0.999975 -0.006041 0.003070 0.999977 0.005703 0.010581 0.999928 
0.005303 0.009986 0.999936 -0.005984 0.003211 0.999977 -0.005829 0.002962 0.999979 0.005345 0.009917 0.999937 
0.005100 0.009605 0.999941 -0.005976 0.003206 0.999977 -0.005829 0.002961 0.999979 0.005139 0.009537 0.999941 
0.005092 0.009592 0.999941 -0.006247 0.003351 0.999975 -0.006104 0.003101 0.999977 0.005130 0.009523 0.999941 
0.005343 0.010068 0.999935 -0.007029 0.003769 0.999968 -0.006884 0.003495 0.999970 0.005381 0.009992 0.999936 
0.004990 0.009404 0.999943 -0.006386 0.003424 0.999974 -0.006248 0.003173 0.999975 0.005027 0.009334 0.999944 
0.004895 0.009224 0.999945 -0.005817 0.003119 0.999978 -0.005677 0.002883 0.999980 0.004932 0.009159 0.999946 
0.004912 0.009256 0.999945 -0.005316 0.002850 0.999982 -0.005169 0.002625 0.999983 0.004951 0.009193 0.999945 
0.004690 0.008839 0.999950 -0.004854 0.002603 0.999985 -0.004711 0.002392 0.999986 0.004728 0.008780 0.999950 
0.004152 0.007825 0.999961 -0.004425 0.002373 0.999987 -0.004300 0.002184 0.999988 0.004186 0.007773 0.999961 
0.003254 0.006126 0.999976 -0.005976 0.003207 0.999977 -0.005907 0.003002 0.999978 0.003271 0.006070 0.999976 
0.005958 0.011218 0.999919 -0.006853 0.003677 0.999970 -0.006679 0.003394 0.999972 0.006004 0.011139 0.999920 
0.005388 0.010144 0.999934 -0.006220 0.003337 0.999975 -0.006063 0.003081 0.999977 0.005429 0.010073 0.999935 
0.005649 0.010641 0.999927 -0.007150 0.003835 0.999967 -0.006993 0.003552 0.999969 0.005691 0.010563 0.999928 
0.005109 0.009624 0.999941 -0.006488 0.003480 0.999973 -0.006346 0.003224 0.999975 0.005147 0.009553 0.999941 
0.004620 0.008701 0.999951 -0.005891 0.003160 0.999978 -0.005763 0.002928 0.999979 0.004653 0.008637 0.999952 
0.004884 0.009207 0.999946 -0.006673 0.003577 0.999971 -0.006543 0.003321 0.999973 0.004919 0.009137 0.999946 
0.004410 0.008314 0.999956 -0.006055 0.003245 0.999976 -0.005938 0.003014 0.999978 0.004441 0.008249 0.999956 
0.004518 0.008518 0.999954 -0.006541 0.003505 0.999972 -0.006425 0.003261 0.999974 0.004548 0.008451 0.999954 
0.004071 0.007676 0.999962 -0.005930 0.003177 0.999977 -0.005825 0.002956 0.999979 0.004098 0.007615 0.999963 
0.003968 0.007483 0.999964 -0.005970 0.003198 0.999977 -0.005870 0.002978 0.999978 0.003994 0.007422 0.999964 
0.003820 0.007205 0.999967 -0.005921 0.003172 0.999977 -0.005828 0.002957 0.999979 0.003845 0.007145 0.999967 
0.001852 0.003493 0.999992 -0.009211 0.004935 0.999945 -0.009239 0.004688 0.999946 0.001843 0.003425 0.999992 
0.001666 0.003143 0.999994 -0.008339 0.004467 0.999955 -0.008364 0.004244 0.999956 0.001658 0.003082 0.999994 
0.001497 0.002823 0.999995 -0.007548 0.004044 0.999963 -0.007572 0.003842 0.999964 0.001489 0.002767 0.999995 
0.001341 0.002529 0.999996 -0.006831 0.003660 0.999970 -0.006853 0.003477 0.999970 0.001334 0.002479 0.999996 
0.001198 0.002260 0.999997 -0.006181 0.003311 0.999975 -0.006201 0.003147 0.999976 0.001192 0.002215 0.999997 
0.003828 0.007227 0.999967 -0.013934 0.007456 0.999875 -0.013932 0.007060 0.999878 0.003826 0.007118 0.999967 
0.003153 0.005969 0.999977 -0.012003 0.006405 0.999907 -0.012006 0.006066 0.999910 0.003150 0.005877 0.999978 
0.002678 0.005071 0.999984 -0.010240 0.005464 0.999933 -0.010244 0.005176 0.999934 0.002675 0.004992 0.999984 
0.001827 0.003462 0.999992 -0.006543 0.003489 0.999973 -0.006540 0.003302 0.999973 0.001827 0.003411 0.999993 
-0.004487 -0.008626 0.999953 -0.004484 0.002358 0.999987 -0.004729 0.002353 0.999986 -0.004554 -0.008626 0.999952 
-0.002722 -0.005247 0.999983 -0.003895 0.002043 0.999990 -0.004057 0.002014 0.999990 -0.002767 -0.005254 0.999982 
-0.003828 -0.007924 0.999961 -0.000618 0.000302 1.000000 -0.000802 0.000370 1.000000 -0.003878 -0.007905 0.999961 
-0.008025 -0.018487 0.999797 0.001433 -0.000630 0.999999 0.001032 -0.000426 0.999999 -0.008134 -0.018429 0.999797 
-0.008778 -0.018067 0.999798 -0.000276 0.000136 1.000000 -0.000686 0.000318 1.000000 -0.008890 -0.018014 0.999798 
0.000605 0.001173 0.999999 0.000011 -0.000005 1.000000 0.000037 -0.000018 1.000000 0.000612 0.001170 0.999999 
0.000510 0.000980 0.999999 -0.012679 0.006670 0.999897 -0.012801 0.006374 0.999898 0.000475 0.000900 0.999999 
0.001799 0.003471 0.999992 -0.011146 0.005840 0.999921 -0.011194 0.005550 0.999922 0.001785 0.003392 0.999993 
0.000163 0.000322 1.000000 -0.008609 0.004395 0.999953 -0.008696 0.004197 0.999953 0.000138 0.000269 1.000000 
0.000596 0.001191 0.999999 -0.003091 0.001564 0.999994 -0.003097 0.001482 0.999994 0.000594 0.001168 0.999999 
0.000782 0.001555 0.999998 -0.001328 0.000638 0.999999 0.455277 -0.055601 0.888612 0.111061 0.065918 0.991625 -0.005007 -0.035072 0.999372 0.238610 0.146250 0.960040 
0.000143 0.000270 1.000000 -0.005283 0.002679 0.999982 0.456830 -0.049569 0.888172 0.099874 0.060622 0.993152 -0.001109 -0.009598 0.999953 0.217588 0.133617 0.966851 
0.375096 -0.050366 0.925617 -0.006868 0.003729 0.999969 -0.008776 -0.015500 0.999841 0.062400 0.042353 0.997152 0.000326 0.002414 0.999997 0.160452 0.101595 0.981801 
0.260335 -0.041223 0.964638 -0.007739 0.004358 0.999961 -0.018224 -0.031070 0.999351 0.015595 0.012102 0.999805 -0.001353 -0.008320 0.999964 0.092317 0.061280 0.993842 
0.178629 -0.032265 0.983387 -0.009264 0.005346 0.999943 -0.025675 -0.042748 0.998756 0.000324 0.000271 1.000000 -0.000560 -0.003059 0.999995 0.050030 0.033835 0.998174 
0.137006 -0.026327 0.990220 -0.019706 0.011781 0.999736 -0.036832 -0.059380 0.997556 -0.004952 -0.004119 0.999979 -0.001537 -0.007875 0.999968 0.028501 0.018893 0.999415 
0.093872 -0.020136 0.995381 -0.029167 0.018181 0.999409 -0.047526 -0.073757 0.996143 -0.010271 -0.008637 0.999910 -0.002781 -0.012778 0.999914 0.006882 0.004489 0.999966 
0.042448 -0.010334 0.999045 -0.024369 0.015615 0.999581 -0.040807 -0.061516 0.997272 -0.010410 -0.009129 0.999904 -0.003776 -0.015346 0.999875 -0.007911 -0.005135 0.999956 
-0.000883 0.000236 1.000000 -0.013163 0.008548 0.999877 -0.021860 -0.032418 0.999235 -0.010682 -0.010024 0.999893 -0.004018 -0.014929 0.999880 -0.015736 -0.010282 0.999823 
-0.000090 0.000025 1.000000 -0.002494 0.001584 0.999996 -0.001377 -0.002085 0.999997 -0.019924 -0.019934 0.999603 -0.005268 -0.018790 0.999810 -0.007566 -0.005037 0.999959 
-0.000421 0.000125 1.000000 0.000076 -0.000049 1.000000 0.009559 0.014124 0.999855 -0.023725 -0.023686 0.999438 -0.005476 -0.018290 0.999818 -0.001518 -0.000985 0.999998 
-0.000348 0.000109 1.000000 -0.005322 0.003633 0.999979 0.010864 0.015314 0.999824 -0.021349 -0.020044 0.999571 -0.004409 -0.013992 0.999892 0.001731 0.001064 0.999998 
-0.000274 0.000089 1.000000 -0.013196 0.009331 0.999869 0.008485 0.011548 0.999897 -0.019436 -0.017316 0.999661 -0.002946 -0.009001 0.999955 0.002142 0.001263 0.999997 
-0.000252 0.000085 1.000000 -0.020734 0.015060 0.999672 0.005258 0.006969 0.999962 -0.018740 -0.016156 0.999694 -0.001113 -0.003294 0.999994 0.000796 0.000457 1.000000 
-0.000050 0.000017 1.000000 -0.023631 0.017482 0.999568 0.003160 0.004114 0.999987 -0.017615 -0.014940 0.999733 -0.000296 -0.000862 1.000000 0.000163 0.000092 1.000000 
-0.000107 0.000037 1.000000 -0.021102 0.015826 0.999652 0.003001 0.003854 0.999988 -0.015624 -0.013417 0.999788 0.000076 0.000217 1.000000 -0.000045 -0.000026 1.000000 
-0.001081 0.000388 0.999999 -0.017648 0.013480 0.999753 0.002538 0.003201 0.999992 -0.012319 -0.010735 0.999866 0.000429 0.001188 0.999999 -0.000411 -0.000234 1.000000 
-0.001927 0.000717 0.999998 -0.013633 0.010664 0.999850 0.000488 0.000601 1.000000 -0.006319 -0.005553 0.999965 0.001022 0.002730 0.999996 -0.000508 -0.000288 1.000000 
-0.004286 0.001632 0.999989 -0.011469 0.009079 0.999893 0.000133 0.000162 1.000000 -0.001700 -0.001506 0.999997 0.001942 0.005073 0.999985 -0.000448 -0.000254 1.000000 
-0.006592 0.002542 0.999975 -0.010062 0.008048 0.999917 0.000683 0.000823 0.999999 0.002756 0.002456 0.999993 0.003957 0.010208 0.999940 -0.000382 -0.000216 1.000000 
-0.009030 0.003525 0.999953 -0.008948 0.007226 0.999934 0.001892 0.002258 0.999996 0.006551 0.005874 0.999961 0.006142 0.015644 0.999859 -0.000318 -0.000180 1.000000 
-0.011453 0.004531 0.999924 -0.008144 0.006637 0.999945 0.002954 0.003495 0.999990 0.010058 0.009063 0.999908 0.008185 0.020566 0.999755 -0.000261 -0.000148 1.000000 
-0.013785 0.005533 0.999890 -0.007063 0.005812 0.999958 0.003995 0.004680 0.999981 0.013167 0.011940 0.999842 0.009945 0.024626 0.999647 -0.000269 -0.000152 1.000000 
-0.015449 0.006274 0.999861 -0.006477 0.005375 0.999965 0.004589 0.005332 0.999975 0.015527 0.014125 0.999780 0.011307 0.027662 0.999553 -0.000256 -0.000145 1.000000 
-0.016477 0.006741 0.999842 -0.005919 0.004940 0.999970 0.005116 0.005910 0.999969 0.016795 0.015331 0.999741 0.012072 0.029315 0.999497 -0.000266 -0.000150 1.000000 
-0.016849 0.006911 0.999834 -0.005824 0.004870 0.999971 0.005375 0.006197 0.999966 0.017183 0.015706 0.999729 0.012345 0.029897 0.999477 -0.000225 -0.000127 1.000000 
-0.016640 0.006823 0.999838 -0.005913 0.004941 0.999970 0.005202 0.006002 0.999968 0.017172 0.015683 0.999730 0.012303 0.029805 0.999480 -0.000184 -0.000104 1.000000 
-0.015894 0.006514 0.999852 -0.005767 0.004815 0.999972 0.004515 0.005214 0.999976 0.017262 0.015742 0.999727 0.012107 0.029348 0.999496 -0.000143 -0.000081 1.000000 
-0.014737 0.006021 0.999873 -0.005488 0.004572 0.999974 0.003787 0.004382 0.999983 0.016813 0.015307 0.999741 0.011570 0.028138 0.999537 -0.000112 -0.000063 1.000000 
-0.013109 0.005330 0.999900 -0.005066 0.004208 0.999978 0.003020 0.003506 0.999989 0.015894 0.014436 0.999769 0.010806 0.026411 0.999593 -0.000085 -0.000048 1.000000 
-0.011264 0.004547 0.999926 -0.004797 0.003964 0.999981 0.002227 0.002599 0.999994 0.014468 0.013093 0.999810 0.009771 0.024061 0.999663 -0.000060 -0.000034 1.000000 
-0.009225 0.003691 0.999951 -0.004350 0.003571 0.999984 0.001571 0.001845 0.999997 0.012555 0.011313 0.999857 0.008487 0.021089 0.999742 -0.000046 -0.000026 1.000000 
-0.006893 0.002733 0.999973 -0.003736 0.003047 0.999988 0.000798 0.000943 0.999999 0.010410 0.009339 0.999902 0.007026 0.017623 0.999820 -0.000034 -0.000019 1.000000 
-0.004338 0.001705 0.999989 -0.002646 0.002147 0.999994 0.000215 0.000255 1.000000 0.007935 0.007098 0.999943 0.005406 0.013684 0.999892 -0.000021 -0.000012 1.000000 
-0.001845 0.000722 0.999998 -0.001348 0.001094 0.999998 0.000186 0.000220 1.000000 0.005079 0.004543 0.999977 0.003889 0.009888 0.999944 -0.000011 -0.000006 1.000000 
-0.000247 0.000097 1.000000 -0.000969 0.000786 0.999999 0.000151 0.000180 1.000000 0.002226 0.001992 0.999996 0.002315 0.005899 0.999980 -0.000032 -0.000018 1.000000 
-0.000252 0.000099 1.000000 -0.000202 0.000164 1.000000 0.000046 0.000055 1.000000 0.000860 0.000769 0.999999 0.000816 0.002079 0.999998 -0.000100 -0.000056 1.000000 
-0.000038 0.000015 1.000000 -0.000771 0.000625 1.000000 0.000595 0.000707 1.000000 -0.000086 -0.000077 1.000000 0.000073 0.000185 1.000000 0.000582 0.000328 1.000000 
0.000041 -0.000016 1.000000 -0.000673 0.000546 1.000000 0.000543 0.000646 1.000000 -0.000104 -0.000093 1.000000 0.000114 0.000290 1.000000 0.000502 0.000283 1.000000 
0.000027 -0.000011 1.000000 -0.000694 0.000562 1.000000 0.001462 0.001739 0.999997 -0.000308 -0.000275 1.000000 0.000097 0.000247 1.000000 0.001041 0.000587 0.999999 
0.000024 -0.000010 1.000000 0.000056 -0.000045 1.000000 0.001584 0.001886 0.999997 -0.000019 -0.000017 1.000000 0.000082 0.000210 1.000000 0.001051 0.000593 0.999999 
0.000024 -0.000009 1.000000 0.000107 -0.000087 1.000000 0.001447 0.001722 0.999997 -0.000016 -0.000014 1.000000 0.000067 0.000172 1.000000 0.000947 0.000534 0.999999 
0.000267 -0.000104 1.000000 0.000089 -0.000072 1.000000 0.001301 0.001548 0.999998 -0.000214 -0.000191 1.000000 -0.000052 -0.000132 1.000000 0.000932 0.000525 0.999999 
0.000646 -0.000252 1.000000 0.000108 -0.000087 1.000000 0.001208 0.001438 0.999998 -0.000501 -0.000446 1.000000 -0.000100 -0.000256 1.000000 0.000893 0.000503 0.999999 
0.000979 -0.000382 0.999999 0.000278 -0.000225 1.000000 0.001114 0.001327 0.999998 -0.000704 -0.000627 1.000000 -0.000168 -0.000429 1.000000 0.000844 0.000476 1.000000 
0.000898 -0.000350 1.000000 0.000419 -0.000339 1.000000 0.001018 0.001212 0.999999 -0.000637 -0.000567 1.000000 -0.000147 -0.000375 1.000000 0.000710 0.000400 1.000000 
0.000803 -0.000313 1.000000 0.000717 -0.000581 1.000000 0.001091 0.001299 0.999999 -0.000320 -0.000285 1.000000 -0.000139 -0.000354 1.000000 0.000808 0.000455 1.000000 
0.000720 -0.000281 1.000000 0.000916 -0.000741 0.999999 0.001010 0.001203 0.999999 -0.000281 -0.000250 1.000000 -0.000135 -0.000344 1.000000 0.000657 0.000371 1.000000 
0.001303 -0.000508 0.999999 0.001078 -0.000873 0.999999 0.001659 0.001975 0.999997 -0.000791 -0.000705 0.999999 -0.000015 -0.000039 1.000000 0.000913 0.000515 0.999999 
0.001182 -0.000461 0.999999 0.001009 -0.000817 0.999999 0.001516 0.001805 0.999997 -0.000715 -0.000637 1.000000 -0.000011 -0.000028 1.000000 0.000824 0.000465 1.000000 
0.001070 -0.000417 0.999999 0.000940 -0.000761 0.999999 0.001385 0.001649 0.999998 -0.000646 -0.000575 1.000000 -0.000007 -0.000017 1.000000 0.000744 0.000419 1.000000 
0.000966 -0.000377 0.999999 0.000875 -0.000708 0.999999 0.001266 0.001507 0.999998 -0.000581 -0.000518 1.000000 -0.000001 -0.000003 1.000000 0.000670 0.000378 1.000000 
0.001596 -0.000622 0.999999 0.000733 -0.000593 1.000000 0.001157 0.001377 0.999998 -0.001081 -0.000962 0.999999 -0.000158 -0.000404 1.000000 0.000747 0.000421 1.000000 
0.001373 -0.000535 0.999999 0.000692 -0.000560 1.000000 0.001062 0.001264 0.999999 -0.000920 -0.000818 0.999999 -0.000073 -0.000186 1.000000 0.000624 0.000352 1.000000 
0.001721 -0.000670 0.999998 0.001045 -0.000846 0.999999 0.000938 0.001117 0.999999 -0.000935 -0.000832 0.999999 0.000002 0.000006 1.000000 0.000502 0.000283 1.000000 
0.002557 -0.000995 0.999996 0.001419 -0.001149 0.999998 0.000797 0.000949 0.999999 -0.001026 -0.000913 0.999999 0.000310 0.000792 1.000000 0.000361 0.000203 1.000000 
0.002221 -0.000864 0.999997 0.000587 -0.000475 1.000000 0.002230 0.002658 0.999994 -0.001382 -0.001229 0.999998 0.000233 0.000597 1.000000 0.001363 0.000768 0.999999 
0.001927 -0.000750 0.999998 0.000529 -0.000428 1.000000 0.002020 0.002408 0.999995 -0.001258 -0.001118 0.999999 0.000175 0.000448 1.000000 0.001220 0.000688 0.999999 
0.001708 -0.000665 0.999998 0.000415 -0.000336 1.000000 0.001797 0.002142 0.999996 -0.001142 -0.001015 0.999999 0.000147 0.000376 1.000000 0.001095 0.000617 0.999999 
0.001512 -0.000588 0.999999 0.000362 -0.000293 1.000000 0.001628 0.001940 0.999997 -0.001036 -0.000921 0.999999 0.000125 0.000320 1.000000 0.000985 0.000555 0.999999 
0.001359 -0.000529 0.999999 0.000614 -0.000497 1.000000 0.001692 0.002017 0.999997 -0.000863 -0.000767 0.999999 0.000120 0.000307 1.000000 0.000981 0.000553 0.999999 
0.001214 -0.000472 0.999999 0.000543 -0.000439 1.000000 0.001539 0.001834 0.999997 -0.000780 -0.000693 0.999999 0.000114 0.000292 1.000000 0.000887 0.000500 0.999999 
0.001088 -0.000423 0.999999 -0.000402 0.000325 1.000000 0.002882 0.003436 0.999990 -0.000955 -0.000848 0.999999 0.000119 0.000303 1.000000 0.002025 0.001140 0.999997 
0.000969 -0.000377 0.999999 -0.000339 0.000274 1.000000 0.002617 0.003119 0.999992 -0.000841 -0.000746 0.999999 0.000123 0.000314 1.000000 0.001825 0.001028 0.999998 
0.000865 -0.000336 1.000000 -0.000292 0.000236 1.000000 0.002378 0.002835 0.999993 -0.000745 -0.000661 1.000000 0.000126 0.000323 1.000000 0.001646 0.000926 0.999998 
0.000772 -0.000300 1.000000 -0.001124 0.000909 0.999999 0.002875 0.003427 0.999990 -0.001079 -0.000957 0.999999 0.000137 0.000350 1.000000 0.002039 0.001147 0.999997 
0.000682 -0.000265 1.000000 -0.000986 0.000797 0.999999 0.002599 0.003099 0.999992 -0.000940 -0.000834 0.999999 0.000141 0.000360 1.000000 0.001834 0.001032 0.999998 
0.000615 -0.000239 1.000000 -0.001692 0.001368 0.999998 0.003251 0.003876 0.999987 -0.001232 -0.001092 0.999999 0.000150 0.000383 1.000000 0.002333 0.001313 0.999996 
0.000544 -0.000211 1.000000 -0.001514 0.001225 0.999998 0.002941 0.003506 0.999990 -0.001087 -0.000964 0.999999 0.000152 0.000389 1.000000 0.002104 0.001183 0.999997 
0.000486 -0.000189 1.000000 -0.002263 0.001830 0.999996 0.003607 0.004301 0.999984 -0.001413 -0.001252 0.999998 0.000146 0.000375 1.000000 0.002624 0.001475 0.999995 
0.000431 -0.000168 1.000000 -0.002006 0.001622 0.999997 0.003288 0.003920 0.999987 -0.001232 -0.001092 0.999999 0.000162 0.000414 1.000000 0.002378 0.001337 0.999996 
0.000371 -0.000144 1.000000 -0.001793 0.001450 0.999997 0.002973 0.003545 0.999989 -0.001090 -0.000965 0.999999 0.000153 0.000391 1.000000 0.002145 0.001206 0.999997 
0.000329 -0.000128 1.000000 -0.001605 0.001298 0.999998 0.002691 0.003208 0.999991 -0.000971 -0.000860 0.999999 0.000140 0.000359 1.000000 0.001940 0.001091 0.999998 
0.000292 -0.000114 1.000000 -0.001430 0.001156 0.999998 0.002436 0.002904 0.999993 -0.000862 -0.000764 0.999999 0.000128 0.000328 1.000000 0.001754 0.000986 0.999998 
0.000260 -0.000101 1.000000 -0.001064 0.000860 0.999999 0.002254 0.002687 0.999994 -0.000651 -0.000576 1.000000 0.000122 0.000311 1.000000 0.001616 0.000909 0.999998 
0.000312 -0.000121 1.000000 -0.000945 0.000764 0.999999 0.002048 0.002442 0.999995 -0.000604 -0.000535 1.000000 0.000131 0.000334 1.000000 0.001473 0.000828 0.999999 
0.000270 -0.000105 1.000000 -0.000031 0.000025 1.000000 0.002503 0.002984 0.999992 -0.000417 -0.000370 1.000000 0.000129 0.000329 1.000000 0.001562 0.000878 0.999998 
0.000243 -0.000094 1.000000 -0.000097 0.000078 1.000000 0.002129 0.002539 0.999995 -0.000205 -0.000181 1.000000 0.000126 0.000324 1.000000 0.001448 0.000814 0.999999 
0.000214 -0.000083 1.000000 -0.000109 0.000088 1.000000 0.001939 0.002312 0.999995 -0.000196 -0.000174 1.000000 0.000113 0.000291 1.000000 0.001318 0.000741 0.999999 
0.000188 -0.000073 1.000000 -0.000115 0.000093 1.000000 0.001771 0.002112 0.999996 -0.000192 -0.000170 1.000000 0.000098 0.000252 1.000000 0.001201 0.000675 0.999999 
0.000165 -0.000064 1.000000 -0.000119 0.000096 1.000000 0.001619 0.001931 0.999997 -0.000190 -0.000168 1.000000 0.000084 0.000215 1.000000 0.001096 0.000616 0.999999 
0.000153 -0.000060 1.000000 -0.000582 0.000471 1.000000 0.002520 0.003006 0.999992 -0.000421 -0.000372 1.000000 0.000086 0.000219 1.000000 0.001757 0.000988 0.999998 
0.000133 -0.000052 1.000000 -0.000511 0.000413 1.000000 0.002285 0.002725 0.999994 -0.000370 -0.000327 1.000000 0.000079 0.000203 1.000000 0.001590 0.000894 0.999998 
0.000116 -0.000045 1.000000 -0.000449 0.000363 1.000000 0.002072 0.002472 0.999995 -0.000328 -0.000290 1.000000 0.000070 0.000179 1.000000 0.001441 0.000810 0.999999 
0.000100 -0.000039 1.000000 -0.000396 0.000320 1.000000 0.001881 0.002244 0.999996 -0.000293 -0.000259 1.000000 0.000060 0.000154 1.000000 0.001307 0.000734 0.999999 
0.000094 -0.000036 1.000000 -0.000036 0.000029 1.000000 0.002700 0.003222 0.999991 -0.000145 -0.000128 1.000000 0.000074 0.000190 1.000000 0.001846 0.001037 0.999998 
0.000080 -0.000031 1.000000 -0.000400 0.000323 1.000000 0.002256 0.002692 0.999994 -0.000099 -0.000088 1.000000 0.000072 0.000186 1.000000 0.001687 0.000948 0.999998 
0.000068 -0.000026 1.000000 -0.000363 0.000294 1.000000 0.002058 0.002456 0.999995 -0.000096 -0.000085 1.000000 0.000065 0.000166 1.000000 0.001533 0.000862 0.999998 
0.000057 -0.000022 1.000000 -0.000335 0.000270 1.000000 0.001881 0.002245 0.999996 -0.000097 -0.000086 1.000000 0.000055 0.000142 1.000000 0.001397 0.000785 0.999999 
0.000071 -0.000028 1.000000 -0.000637 0.000515 1.000000 0.002467 0.002943 0.999993 -0.000394 -0.000348 1.000000 0.000062 0.000159 1.000000 0.001736 0.000975 0.999998 
-0.000068 0.000026 1.000000 -0.000650 0.000525 1.000000 0.002152 0.002568 0.999994 -0.000208 -0.000184 1.000000 0.000130 0.000333 1.000000 0.001515 0.000851 0.999998 
-0.000020 0.000008 1.000000 -0.000580 0.000469 1.000000 0.001962 0.002341 0.999995 -0.000202 -0.000179 1.000000 0.000127 0.000326 1.000000 0.001381 0.000776 0.999999 
-0.000020 0.000008 1.000000 -0.000521 0.000421 1.000000 0.001790 0.002137 0.999996 -0.000188 -0.000166 1.000000 0.000112 0.000286 1.000000 0.001258 0.000707 0.999999 
-0.000020 0.000008 1.000000 -0.000468 0.000378 1.000000 0.001636 0.001952 0.999997 -0.000177 -0.000156 1.000000 0.000098 0.000250 1.000000 0.001146 0.000644 0.999999 
-0.000021 0.000008 1.000000 -0.000423 0.000342 1.000000 0.001497 0.001787 0.999997 -0.000168 -0.000149 1.000000 0.000085 0.000218 1.000000 0.001044 0.000587 0.999999 
-0.000021 0.000008 1.000000 -0.000383 0.000310 1.000000 0.001372 0.001637 0.999998 -0.000163 -0.000144 1.000000 0.000073 0.000186 1.000000 0.000953 0.000535 0.999999 
0.001091 -0.000423 0.999999 -0.000502 0.000406 1.000000 0.001384 0.001651 0.999998 -0.000547 -0.000483 1.000000 0.000524 0.001344 0.999999 0.000929 0.000522 0.999999 
0.001904 -0.000739 0.999998 -0.000375 0.000303 1.000000 0.001271 0.001517 0.999998 -0.000915 -0.000808 0.999999 0.000591 0.001514 0.999999 0.000901 0.000506 0.999999 
0.000945 -0.000366 0.999999 -0.000343 0.000277 1.000000 0.001165 0.001391 0.999998 -0.000359 -0.000318 1.000000 0.000926 0.002374 0.999997 0.000441 0.000248 1.000000 
0.001274 -0.000494 0.999999 -0.000440 0.000356 1.000000 0.001052 0.001256 0.999999 -0.000502 -0.000444 1.000000 0.001141 0.002927 0.999995 0.000288 0.000162 1.000000 
0.001127 -0.000437 0.999999 -0.000406 0.000328 1.000000 0.000974 0.001163 0.999999 -0.000478 -0.000423 1.000000 0.001028 0.002637 0.999996 0.000254 0.000143 1.000000 
0.000993 -0.000385 0.999999 -0.000376 0.000304 1.000000 0.000904 0.001079 0.999999 -0.000459 -0.000405 1.000000 0.000926 0.002375 0.999997 0.000223 0.000126 1.000000 
0.000873 -0.000339 1.000000 -0.000349 0.000282 1.000000 0.000842 0.001005 0.999999 -0.000441 -0.000390 1.000000 0.000834 0.002140 0.999997 0.000195 0.000110 1.000000 
0.000432 -0.000167 1.000000 -0.000485 0.000392 1.000000 0.000893 0.001066 0.999999 -0.000369 -0.000326 1.000000 0.000894 0.002293 0.999997 0.000067 0.000038 1.000000 
0.000387 -0.000150 1.000000 -0.000871 0.000703 0.999999 0.001176 0.001403 0.999998 -0.000561 -0.000496 1.000000 0.000816 0.002093 0.999997 0.000328 0.000184 1.000000 
0.000560 -0.000217 1.000000 -0.000802 0.000647 0.999999 0.001068 0.001275 0.999999 -0.000566 -0.000500 1.000000 0.000827 0.002123 0.999997 0.000297 0.000167 1.000000 
0.000507 -0.000196 1.000000 -0.000837 0.000676 0.999999 0.002280 0.002723 0.999994 -0.000812 -0.000717 0.999999 0.000760 0.001952 0.999998 0.001045 0.000588 0.999999 
0.000698 -0.000271 1.000000 -0.001123 0.000907 0.999999 0.003861 0.004612 0.999982 -0.000954 -0.000841 0.999999 0.000714 0.001834 0.999998 0.002325 0.001306 0.999996 
0.002203 -0.000853 0.999997 -0.001030 0.000831 0.999999 0.003457 0.004129 0.999986 -0.001167 -0.001029 0.999999 0.001367 0.003511 0.999993 0.002062 0.001159 0.999997 
0.001801 -0.000697 0.999998 -0.000927 0.000748 0.999999 0.003134 0.003744 0.999988 -0.001012 -0.000892 0.999999 0.001272 0.003268 0.999994 0.001776 0.000998 0.999998 
0.001005 -0.000389 0.999999 -0.000541 0.000437 1.000000 0.003064 0.003660 0.999989 -0.000585 -0.000516 1.000000 0.001256 0.003230 0.999994 0.001488 0.000836 0.999999 
0.000894 -0.000346 1.000000 -0.001499 0.001209 0.999998 0.003522 0.004208 0.999985 -0.000938 -0.000827 0.999999 0.001138 0.002926 0.999995 0.001981 0.001113 0.999997 
0.000788 -0.000305 1.000000 -0.001355 0.001094 0.999998 0.003194 0.003816 0.999988 -0.000849 -0.000748 0.999999 0.001028 0.002643 0.999996 0.001789 0.001005 0.999998 
0.000699 -0.000270 1.000000 -0.001236 0.000997 0.999999 0.002897 0.003462 0.999990 -0.000772 -0.000680 0.999999 0.000935 0.002404 0.999997 0.001614 0.000907 0.999998 
0.001017 -0.000394 0.999999 -0.001123 0.000907 0.999999 0.002632 0.003144 0.999992 -0.000822 -0.000725 0.999999 0.000991 0.002549 0.999996 0.001457 0.000819 0.999999 
0.000904 -0.000350 1.000000 -0.001023 0.000826 0.999999 0.002392 0.002858 0.999993 -0.000757 -0.000668 0.999999 0.000895 0.002300 0.999997 0.001314 0.000738 0.999999 
0.001415 -0.000547 0.999999 -0.000956 0.000771 0.999999 0.002190 0.002617 0.999994 -0.000896 -0.000790 0.999999 0.001024 0.002635 0.999996 0.001195 0.000671 0.999999 
0.001260 -0.000488 0.999999 -0.000880 0.000710 0.999999 0.001998 0.002388 0.999995 -0.000832 -0.000733 0.999999 0.000925 0.002378 0.999997 0.001078 0.000605 0.999999 
0.001485 -0.000574 0.999999 -0.000824 0.000665 0.999999 0.001840 0.002198 0.999996 -0.000895 -0.000788 0.999999 0.000966 0.002485 0.999996 0.000977 0.000549 0.999999 
0.001326 -0.000513 0.999999 -0.001954 0.001576 0.999997 0.002837 0.003390 0.999990 -0.001408 -0.001239 0.999998 0.000875 0.002251 0.999997 0.001770 0.000994 0.999998 
0.000820 -0.000317 1.000000 -0.001770 0.001428 0.999997 0.002577 0.003078 0.999992 -0.000979 -0.000862 0.999999 0.001156 0.002976 0.999995 0.001324 0.000744 0.999999 
0.000726 -0.000281 1.000000 -0.001603 0.001293 0.999998 0.002342 0.002798 0.999993 -0.000896 -0.000789 0.999999 0.001043 0.002683 0.999996 0.001194 0.000671 0.999999 
0.000639 -0.000247 1.000000 -0.003077 0.002483 0.999992 0.003442 0.004113 0.999986 -0.001579 -0.001389 0.999998 0.000941 0.002421 0.999997 0.002121 0.001190 0.999997 
-0.000251 0.000097 1.000000 -0.002056 0.001659 0.999997 0.003830 0.004577 0.999982 -0.000866 -0.000763 0.999999 0.001034 0.002663 0.999996 0.001982 0.001113 0.999997 
-0.000222 0.000086 1.000000 -0.001859 0.001499 0.999997 0.003472 0.004150 0.999985 -0.000784 -0.000690 0.999999 0.000941 0.002424 0.999997 0.001795 0.001008 0.999998 
-0.000199 0.000077 1.000000 -0.001679 0.001354 0.999998 0.003148 0.003762 0.999988 -0.000708 -0.000623 1.000000 0.000858 0.002208 0.999997 0.001625 0.000913 0.999998 
-0.000177 0.000068 1.000000 -0.001519 0.001226 0.999998 0.002857 0.003414 0.999990 -0.000645 -0.000568 1.000000 0.000780 0.002009 0.999998 0.001471 0.000826 0.999999 
-0.000153 0.000059 1.000000 -0.002156 0.001738 0.999996 0.003670 0.004388 0.999984 -0.001040 -0.000914 0.999999 0.000715 0.001840 0.999998 0.002097 0.001177 0.999997 
-0.000131 0.000051 1.000000 -0.001962 0.001582 0.999997 0.003326 0.003976 0.999987 -0.000947 -0.000833 0.999999 0.000653 0.001682 0.999998 0.001899 0.001066 0.999998 
-0.000112 0.000043 1.000000 -0.001780 0.001435 0.999997 0.003019 0.003610 0.999989 -0.000866 -0.000761 0.999999 0.000596 0.001535 0.999999 0.001720 0.000966 0.999998 
-0.000093 0.000036 1.000000 -0.002087 0.001683 0.999996 0.003610 0.004317 0.999984 -0.001126 -0.000990 0.999999 0.000547 0.001408 0.999999 0.002136 0.001199 0.999997 
-0.000076 0.000029 1.000000 -0.001886 0.001520 0.999997 0.003274 0.003915 0.999987 -0.001022 -0.000898 0.999999 0.000502 0.001294 0.999999 0.001933 0.001085 0.999998 
-0.000061 0.000023 1.000000 -0.002134 0.001720 0.999996 0.003863 0.004619 0.999982 -0.001135 -0.000997 0.999999 0.000462 0.001190 0.999999 0.002413 0.001354 0.999996 
-0.000050 0.000019 1.000000 -0.001939 0.001563 0.999997 0.003505 0.004192 0.999985 -0.001031 -0.000906 0.999999 0.000427 0.001100 0.999999 0.002187 0.001227 0.999997 
-0.000035 0.000014 1.000000 -0.001951 0.001573 0.999997 0.003296 0.003942 0.999987 -0.000998 -0.000876 0.999999 0.000397 0.001023 0.999999 0.002094 0.001175 0.999997 
-0.000020 0.000008 1.000000 -0.001470 0.001185 0.999998 0.003743 0.004476 0.999983 -0.000838 -0.000736 0.999999 0.000373 0.000962 0.999999 0.002368 0.001328 0.999996 
-0.000009 0.000003 1.000000 -0.001328 0.001071 0.999999 0.003396 0.004061 0.999986 -0.000761 -0.000668 0.999999 0.000346 0.000891 1.000000 0.002145 0.001203 0.999997 
0.000028 -0.000011 1.000000 -0.001209 0.000974 0.999999 0.003084 0.003688 0.999988 -0.000707 -0.000621 1.000000 0.000324 0.000834 1.000000 0.001948 0.001092 0.999998 
0.000023 -0.000009 1.000000 -0.001176 0.000948 0.999999 0.002743 0.003280 0.999991 -0.000611 -0.000536 1.000000 0.000302 0.000778 1.000000 0.001770 0.000993 0.999998 
-0.000156 0.000060 1.000000 -0.000540 0.000435 1.000000 0.003212 0.003841 0.999987 -0.000245 -0.000215 1.000000 0.000412 0.001062 0.999999 0.001936 0.001086 0.999998 
-0.000115 0.000044 1.000000 -0.000495 0.000399 1.000000 0.002922 0.003495 0.999990 -0.000237 -0.000208 1.000000 0.000388 0.001000 0.999999 0.001755 0.000985 0.999998 
-0.000093 0.000036 1.000000 -0.000211 0.000170 1.000000 0.003384 0.004048 0.999986 -0.000086 -0.000076 1.000000 0.000363 0.000936 0.999999 0.002112 0.001185 0.999997 
0.000252 -0.000097 1.000000 -0.000197 0.000159 1.000000 0.003075 0.003679 0.999989 -0.000226 -0.000199 1.000000 0.000386 0.000996 0.999999 0.001941 0.001089 0.999998 
