0.000014 -0.000797 1.000000 -0.005406 -0.000074 0.999985 -0.005410 -0.000108 0.999985 -0.000004 -0.000918 1.000000 
0.000020 -0.001118 0.999999 -0.003690 -0.000051 0.999993 -0.003697 -0.000074 0.999993 -0.000005 -0.001200 0.999999 
0.000018 -0.001013 0.999999 -0.003339 -0.000046 0.999994 -0.003344 -0.000067 0.999994 -0.000005 -0.001088 0.999999 
0.000016 -0.000907 1.000000 -0.003028 -0.000042 0.999995 -0.003033 -0.000060 0.999995 -0.000004 -0.000974 1.000000 
0.000015 -0.000806 1.000000 -0.002747 -0.000038 0.999996 -0.002751 -0.000055 0.999996 -0.000004 -0.000867 1.000000 
-0.000010 0.000555 1.000000 -0.003523 -0.000049 0.999994 -0.003519 -0.000070 0.999994 0.000002 0.000477 1.000000 
-0.000022 0.001195 0.999999 -0.003184 -0.000045 0.999995 -0.003176 -0.000064 0.999995 0.000004 0.001124 0.999999 
-0.000038 0.002071 0.999998 -0.001577 -0.000022 0.999999 -0.001565 -0.000032 0.999999 0.000008 0.002036 0.999998 
-0.000039 0.002116 0.999998 -0.001603 -0.000023 0.999999 -0.001590 -0.000032 0.999999 0.000008 0.002081 0.999998 
-0.000092 0.004996 0.999988 -0.004409 -0.000062 0.999990 -0.004378 -0.000088 0.999990 0.000019 0.004898 0.999988 
-0.000086 0.004685 0.999989 -0.004023 -0.000057 0.999992 -0.003994 -0.000081 0.999992 0.000018 0.004595 0.999989 
-0.000100 0.005420 0.999985 -0.003702 -0.000052 0.999993 -0.003668 -0.000074 0.999993 0.000021 0.005337 0.999986 
-0.000125 0.006820 0.999977 -0.003288 -0.000046 0.999995 -0.003246 -0.000065 0.999995 0.000026 0.006746 0.999977 
-0.000127 0.006552 0.999979 -0.004072 -0.000061 0.999992 -0.004032 -0.000085 0.999992 0.000019 0.006462 0.999979 
-0.000057 0.002925 0.999996 -0.001683 -0.000025 0.999999 -0.001664 -0.000035 0.999999 0.000008 0.002888 0.999996 
-0.000049 0.007906 0.999969 -0.001740 -0.000003 0.999998 -0.001691 -0.000014 0.999999 0.000126 0.007865 0.999969 
0.000251 0.020638 0.999787 -0.007155 0.000117 0.999974 -0.007030 0.000072 0.999975 0.000705 0.020465 0.999790 
0.000062 0.031180 0.999514 -0.022853 0.000129 0.999739 -0.022663 -0.000011 0.999743 0.000745 0.030656 0.999530 
0.000663 0.023161 0.999732 -0.012241 0.000400 0.999925 -0.012102 0.000321 0.999927 0.001165 0.022865 0.999738 
0.000794 0.013027 0.999915 -0.000630 0.000041 1.000000 -0.000551 0.000033 1.000000 0.001083 0.012990 0.999915 
0.001331 0.021376 0.999771 -0.001394 0.000093 0.999999 -0.001264 0.000076 0.999999 0.001804 0.021307 0.999771 
0.001534 0.024795 0.999691 -0.006499 0.000429 0.999979 -0.006350 0.000381 0.999980 0.002074 0.024607 0.999695 
0.001217 0.023871 0.999714 -0.017277 0.000949 0.999850 -0.017137 0.000836 0.999853 0.001720 0.023449 0.999724 
0.002467 0.026171 0.999654 -0.007784 0.000766 0.999969 -0.007629 0.000704 0.999971 0.003030 0.025933 0.999659 
0.005535 0.029896 0.999538 -0.000935 0.000177 1.000000 -0.000753 0.000138 1.000000 0.006195 0.029740 0.999538 
0.002846 0.015568 0.999875 -0.000672 0.000126 1.000000 -0.000577 0.000104 1.000000 0.003189 0.015483 0.999875 
0.001438 0.012512 0.999921 -0.007569 0.000902 0.999971 -0.007498 0.000847 0.999972 0.001693 0.012306 0.999923 
0.000870 0.012832 0.999917 -0.023154 0.001665 0.999731 -0.023086 0.001518 0.999732 0.001110 0.012292 0.999924 
0.160176 0.082551 0.983631 0.001370 0.012960 0.999915 0.005571 -0.002512 0.999981 -0.003640 0.007007 0.999969 -0.018887 0.001533 0.999820 0.070606 -0.025373 0.997182 
0.108767 0.051990 0.992707 0.000492 0.003676 0.999993 -0.001496 0.000664 0.999999 -0.007772 0.016097 0.999840 -0.005681 0.000621 0.999984 0.041914 -0.014391 0.999018 
0.068517 0.031126 0.997164 0.000485 0.003710 0.999993 -0.001848 0.000820 0.999998 -0.006370 0.013914 0.999883 -0.007303 0.000776 0.999973 0.026530 -0.009135 0.999606 
0.032788 0.014794 0.999353 0.000748 0.006487 0.999979 -0.005714 0.002504 0.999981 -0.006150 0.013548 0.999889 -0.021825 0.001981 0.999760 0.013153 -0.004509 0.999903 
-0.000378 -0.000170 1.000000 0.001412 0.014706 0.999891 -0.011115 0.004831 0.999927 -0.005133 0.011355 0.999922 -0.041699 0.002966 0.999126 -0.000855 0.000295 1.000000 
0.004552 0.002037 0.999988 0.002098 0.023581 0.999720 -0.012989 0.005771 0.999899 -0.006203 0.013791 0.999886 -0.042955 0.002737 0.999073 -0.002313 0.000827 0.999997 
0.004976 0.002143 0.999985 0.001576 0.015279 0.999882 -0.011927 0.005440 0.999914 -0.005880 0.013585 0.999890 -0.039773 0.003113 0.999204 -0.000317 0.000116 1.000000 
0.004011 0.001716 0.999990 0.000590 0.005828 0.999983 -0.009554 0.004361 0.999945 -0.003954 0.009194 0.999950 -0.032275 0.002476 0.999476 0.000795 -0.000293 1.000000 
0.004104 0.001796 0.999990 0.000126 0.001416 0.999999 -0.004169 0.001883 0.999990 -0.001105 0.002512 0.999996 -0.014784 0.000954 0.999890 0.001283 -0.000470 0.999999 
0.010015 0.004539 0.999940 -0.000146 -0.001899 0.999998 0.002023 -0.000902 0.999998 0.003148 -0.006916 0.999971 0.003469 -0.000183 0.999994 0.003664 -0.001327 0.999992 
0.016731 0.007672 0.999831 -0.000067 -0.000877 1.000000 0.003185 -0.001420 0.999994 0.004874 -0.010587 0.999932 0.004244 -0.000221 0.999991 0.006148 -0.002222 0.999979 
0.016780 0.007743 0.999829 -0.000077 -0.001015 0.999999 0.005405 -0.002417 0.999982 0.006619 -0.014290 0.999876 0.002617 -0.000136 0.999997 0.008591 -0.003117 0.999958 
0.017221 0.007967 0.999820 -0.000075 -0.000988 1.000000 0.009590 -0.004299 0.999945 0.008881 -0.019129 0.999778 0.002369 -0.000122 0.999997 0.012826 -0.004668 0.999907 
0.018854 0.008722 0.999784 -0.000217 -0.002914 0.999996 0.013414 -0.006011 0.999892 0.010702 -0.023060 0.999677 0.000362 -0.000018 1.000000 0.018176 -0.006619 0.999813 
0.020251 0.009367 0.999751 -0.000091 -0.001227 0.999999 0.015810 -0.007084 0.999850 0.011866 -0.025578 0.999602 -0.003318 0.000167 0.999994 0.021825 -0.007950 0.999730 
0.020597 0.009488 0.999743 0.000161 0.002185 0.999998 0.017139 -0.007696 0.999824 0.012103 -0.026198 0.999584 -0.001785 0.000089 0.999998 0.022229 -0.008128 0.999720 
0.018974 0.008679 0.999782 0.000076 0.001036 0.999999 0.015823 -0.007139 0.999849 0.011694 -0.025486 0.999607 -0.001527 0.000076 0.999999 0.020364 -0.007497 0.999765 
0.016005 0.007247 0.999846 0.000114 0.001543 0.999999 0.012796 -0.005811 0.999901 0.010537 -0.023189 0.999676 -0.000724 0.000036 1.000000 0.015804 -0.005873 0.999858 
0.011945 0.005361 0.999914 0.000103 0.001394 0.999999 0.008486 -0.003877 0.999956 0.008979 -0.019927 0.999761 -0.000651 0.000032 1.000000 0.009897 -0.003708 0.999944 
0.006250 0.002786 0.999977 0.000158 0.002144 0.999998 0.003453 -0.001586 0.999993 0.007245 -0.016183 0.999843 -0.003326 0.000166 0.999994 0.003353 -0.001265 0.999994 
0.000225 0.000099 1.000000 0.000144 0.001941 0.999998 0.002034 -0.000935 0.999997 0.003920 -0.008834 0.999953 -0.003009 0.000150 0.999995 0.001129 -0.000427 0.999999 
0.000182 0.000080 1.000000 0.000134 0.001784 0.999998 0.001397 -0.000643 0.999999 0.002478 -0.005585 0.999981 -0.002741 0.000139 0.999996 0.001016 -0.000384 0.999999 
0.000153 0.000068 1.000000 0.000133 0.001680 0.999999 0.001027 -0.000474 0.999999 0.001731 -0.003897 0.999991 -0.002638 0.000145 0.999997 0.000925 -0.000350 1.000000 
0.000105 0.000047 1.000000 0.000042 0.000509 1.000000 0.000370 -0.000171 1.000000 0.000974 -0.002193 0.999997 -0.004592 0.000264 0.999989 0.001350 -0.000511 0.999999 
0.000020 0.000009 1.000000 0.000039 0.000475 1.000000 0.000160 -0.000074 1.000000 0.000845 -0.001899 0.999998 -0.004726 0.000274 0.999989 0.001181 -0.000447 0.999999 
0.000025 0.000011 1.000000 0.000034 0.000417 1.000000 0.000286 -0.000132 1.000000 0.000907 -0.002039 0.999998 -0.003955 0.000229 0.999992 0.001071 -0.000406 0.999999 
-0.000029 -0.000013 1.000000 -0.000077 -0.000942 1.000000 0.000277 -0.000128 1.000000 0.000987 -0.002219 0.999997 -0.004610 0.000267 0.999989 0.001485 -0.000562 0.999999 
-0.000014 -0.000006 1.000000 0.000060 0.000728 1.000000 0.000431 -0.000199 1.000000 0.001077 -0.002423 0.999996 -0.005397 0.000313 0.999985 0.001542 -0.000584 0.999999 
0.000017 0.000007 1.000000 0.000053 0.000645 1.000000 0.000469 -0.000217 1.000000 0.001154 -0.002597 0.999996 -0.004838 0.000281 0.999988 0.001400 -0.000530 0.999999 
0.000019 0.000008 1.000000 0.000047 0.000577 1.000000 0.000492 -0.000227 1.000000 0.001193 -0.002691 0.999996 -0.004364 0.000253 0.999990 0.001270 -0.000481 0.999999 
0.000025 0.000011 1.000000 0.000044 0.000538 1.000000 0.000547 -0.000253 1.000000 0.001314 -0.002969 0.999995 -0.003942 0.000229 0.999992 0.001151 -0.000436 0.999999 
0.000329 0.000145 1.000000 0.000210 0.002550 0.999997 0.000765 -0.000354 1.000000 0.001453 -0.003286 0.999994 -0.005780 0.000336 0.999983 0.001625 -0.000616 0.999998 
0.000916 0.000403 0.999999 0.000358 0.004342 0.999991 0.000935 -0.000433 0.999999 0.001465 -0.003311 0.999993 -0.007321 0.000427 0.999973 0.002153 -0.000816 0.999997 
0.001454 0.000640 0.999999 0.000351 0.004260 0.999991 0.001030 -0.000477 0.999999 0.001391 -0.003144 0.999994 -0.006039 0.000352 0.999982 0.002103 -0.000797 0.999997 
0.001997 0.000880 0.999998 0.000370 0.004499 0.999990 0.001229 -0.000569 0.999999 0.001272 -0.002874 0.999995 -0.004377 0.000254 0.999990 0.002017 -0.000765 0.999998 
0.002543 0.001120 0.999996 0.000337 0.004097 0.999992 0.001083 -0.000501 0.999999 0.001069 -0.002415 0.999997 -0.003967 0.000231 0.999992 0.002082 -0.000790 0.999998 
0.003099 0.001365 0.999994 0.000381 0.004634 0.999989 0.000940 -0.000435 0.999999 0.000870 -0.001966 0.999998 -0.004365 0.000253 0.999990 0.002218 -0.000842 0.999997 
0.003647 0.001606 0.999992 0.000347 0.004214 0.999991 0.000806 -0.000373 1.000000 0.000665 -0.001503 0.999999 -0.003949 0.000229 0.999992 0.002301 -0.000873 0.999997 
0.004233 0.001864 0.999989 0.000387 0.004700 0.999989 0.000743 -0.000344 1.000000 0.000673 -0.001521 0.999999 -0.004312 0.000250 0.999991 0.002439 -0.000926 0.999997 
0.004697 0.002069 0.999987 0.000365 0.004444 0.999990 0.000721 -0.000334 1.000000 0.000767 -0.001733 0.999998 -0.004718 0.000274 0.999989 0.002705 -0.001027 0.999996 
0.005167 0.002276 0.999984 0.000334 0.004056 0.999992 0.000668 -0.000309 1.000000 0.000720 -0.001628 0.999998 -0.004274 0.000248 0.999991 0.002764 -0.001049 0.999996 
0.005527 0.002434 0.999982 0.000307 0.003727 0.999993 0.000621 -0.000288 1.000000 0.000718 -0.001623 0.999998 -0.004690 0.000272 0.999989 0.003031 -0.001151 0.999995 
0.005858 0.002581 0.999980 0.000417 0.005068 0.999987 0.000835 -0.000387 1.000000 0.000801 -0.001809 0.999998 -0.004919 0.000285 0.999988 0.003165 -0.001202 0.999994 
0.006145 0.002709 0.999977 0.000512 0.006244 0.999980 0.001171 -0.000542 0.999999 0.000811 -0.001830 0.999998 -0.003423 0.000198 0.999994 0.002955 -0.001123 0.999995 
0.006370 0.002809 0.999976 0.000518 0.006317 0.999980 0.001290 -0.000598 0.999999 0.000862 -0.001946 0.999998 -0.002526 0.000146 0.999997 0.002853 -0.001084 0.999995 
0.006605 0.002913 0.999974 0.000481 0.005865 0.999983 0.001190 -0.000552 0.999999 0.000830 -0.001873 0.999998 -0.002400 0.000139 0.999997 0.002881 -0.001095 0.999995 
0.006845 0.003019 0.999972 0.000490 0.005975 0.999982 0.001144 -0.000530 0.999999 0.000977 -0.002205 0.999997 -0.002704 0.000156 0.999996 0.002907 -0.001105 0.999995 
0.006886 0.003037 0.999972 0.000648 0.007904 0.999969 0.001049 -0.000486 0.999999 0.000924 -0.002085 0.999997 -0.004553 0.000263 0.999990 0.003026 -0.001151 0.999995 
0.006906 0.003046 0.999972 0.000764 0.009315 0.999956 0.001153 -0.000535 0.999999 0.000884 -0.001996 0.999998 -0.004786 0.000277 0.999989 0.002968 -0.001130 0.999995 
0.006973 0.003075 0.999971 0.000940 0.011450 0.999934 0.001242 -0.000576 0.999999 0.000866 -0.001955 0.999998 -0.005851 0.000338 0.999983 0.003013 -0.001148 0.999995 
0.007077 0.003122 0.999970 0.000899 0.010955 0.999940 0.001376 -0.000638 0.999999 0.000949 -0.002141 0.999997 -0.004559 0.000264 0.999990 0.002861 -0.001090 0.999995 
0.007134 0.003145 0.999970 0.000959 0.011682 0.999931 0.001310 -0.000608 0.999999 0.000925 -0.002088 0.999997 -0.006242 0.000361 0.999980 0.003197 -0.001218 0.999994 
0.007395 0.003263 0.999967 0.001357 0.016598 0.999861 0.002670 -0.001241 0.999996 0.001079 -0.002434 0.999996 -0.001204 0.000069 0.999999 0.002276 -0.000869 0.999997 
0.007578 0.003343 0.999966 0.001271 0.015555 0.999878 0.002482 -0.001154 0.999996 0.001165 -0.002629 0.999996 -0.001550 0.000089 0.999999 0.002388 -0.000912 0.999997 
0.007956 0.003510 0.999962 0.001152 0.014102 0.999900 0.002256 -0.001049 0.999997 0.001183 -0.002670 0.999996 -0.001417 0.000081 0.999999 0.002486 -0.000949 0.999996 
0.008109 0.003576 0.999961 0.001068 0.013056 0.999914 0.002166 -0.001007 0.999997 0.001233 -0.002783 0.999995 -0.002018 0.000116 0.999998 0.002805 -0.001071 0.999995 
0.008220 0.003624 0.999960 0.000800 0.009764 0.999952 0.001510 -0.000702 0.999999 0.001291 -0.002916 0.999995 -0.005271 0.000304 0.999986 0.003709 -0.001416 0.999992 
0.008347 0.003679 0.999958 0.000727 0.008881 0.999960 0.001428 -0.000664 0.999999 0.001300 -0.002936 0.999995 -0.004759 0.000274 0.999989 0.003665 -0.001399 0.999992 
0.008494 0.003744 0.999957 0.000726 0.008876 0.999960 0.001733 -0.000805 0.999998 0.001347 -0.003042 0.999994 -0.002752 0.000159 0.999996 0.003429 -0.001309 0.999993 
0.008658 0.003818 0.999955 0.001226 0.014975 0.999887 0.002635 -0.001226 0.999996 0.001465 -0.003306 0.999993 -0.001417 0.000082 0.999999 0.002870 -0.001098 0.999995 
0.008766 0.003864 0.999954 0.001113 0.013594 0.999907 0.002436 -0.001134 0.999996 0.001443 -0.003258 0.999994 -0.001292 0.000074 0.999999 0.002915 -0.001115 0.999995 
0.008779 0.003868 0.999954 0.000873 0.010619 0.999943 0.001908 -0.000888 0.999998 0.001432 -0.003236 0.999994 -0.004265 0.000247 0.999991 0.003822 -0.001462 0.999992 
0.008863 0.003905 0.999953 0.000885 0.010770 0.999942 0.001981 -0.000922 0.999998 0.001475 -0.003332 0.999993 -0.003673 0.000213 0.999993 0.003700 -0.001415 0.999992 
0.008871 0.003907 0.999953 0.001021 0.012408 0.999922 0.001932 -0.000900 0.999998 0.001512 -0.003417 0.999993 -0.005315 0.000309 0.999986 0.003811 -0.001459 0.999992 
0.008877 0.003908 0.999953 0.001042 0.012648 0.999919 0.001802 -0.000839 0.999998 0.001523 -0.003444 0.999993 -0.006712 0.000390 0.999977 0.004041 -0.001547 0.999991 
0.008849 0.003895 0.999953 0.001256 0.015187 0.999884 0.002030 -0.000946 0.999997 0.001531 -0.003461 0.999993 -0.007155 0.000418 0.999974 0.003932 -0.001507 0.999991 
0.008873 0.003905 0.999953 0.001137 0.013759 0.999905 0.001914 -0.000892 0.999998 0.001546 -0.003497 0.999993 -0.006452 0.000377 0.999979 0.003857 -0.001478 0.999991 
0.008854 0.003895 0.999953 0.001203 0.014534 0.999894 0.001726 -0.000805 0.999998 0.001539 -0.003483 0.999993 -0.008237 0.000482 0.999966 0.004032 -0.001546 0.999991 
0.008874 0.003903 0.999953 0.001195 0.014432 0.999895 0.001835 -0.000856 0.999998 0.001548 -0.003502 0.999993 -0.007220 0.000422 0.999974 0.003865 -0.001483 0.999991 
0.008913 0.003920 0.999953 0.001193 0.014425 0.999895 0.002050 -0.000957 0.999997 0.001588 -0.003594 0.999992 -0.005570 0.000325 0.999984 0.003602 -0.001383 0.999993 
0.009052 0.003981 0.999951 0.001290 0.015507 0.999879 0.001982 -0.000925 0.999998 0.001612 -0.003649 0.999992 -0.006921 0.000408 0.999976 0.003762 -0.001445 0.999992 
0.009212 0.004053 0.999949 0.001514 0.018254 0.999832 0.002834 -0.001324 0.999995 0.001621 -0.003666 0.999992 -0.003039 0.000178 0.999995 0.003072 -0.001181 0.999995 
0.009372 0.004122 0.999948 0.001314 0.015794 0.999874 0.002406 -0.001124 0.999996 0.001606 -0.003635 0.999992 -0.004794 0.000282 0.999988 0.003662 -0.001408 0.999992 
0.009503 0.004178 0.999946 0.001453 0.017460 0.999846 0.002332 -0.001090 0.999997 0.001588 -0.003594 0.999992 -0.006841 0.000403 0.999977 0.003934 -0.001513 0.999991 
0.009658 0.004244 0.999944 0.001331 0.015997 0.999871 0.002161 -0.001010 0.999997 0.001545 -0.003499 0.999993 -0.006337 0.000373 0.999980 0.003937 -0.001515 0.999991 
0.009782 0.004297 0.999943 0.001342 0.016120 0.999869 0.002072 -0.000969 0.999997 0.001502 -0.003404 0.999993 -0.006838 0.000403 0.999977 0.004024 -0.001549 0.999991 
0.009923 0.004358 0.999941 0.001263 0.015169 0.999884 0.001934 -0.000904 0.999998 0.001484 -0.003364 0.999993 -0.006647 0.000392 0.999978 0.004044 -0.001557 0.999991 
0.010189 0.004476 0.999938 0.001287 0.015451 0.999880 0.002174 -0.001017 0.999997 0.001491 -0.003378 0.999993 -0.005273 0.000311 0.999986 0.003935 -0.001516 0.999991 
0.010384 0.004561 0.999936 0.001206 0.014492 0.999894 0.002033 -0.000951 0.999997 0.001485 -0.003365 0.999993 -0.005157 0.000304 0.999987 0.003990 -0.001537 0.999991 
0.010623 0.004665 0.999933 0.001096 0.013164 0.999913 0.001908 -0.000892 0.999998 0.001483 -0.003361 0.999993 -0.004664 0.000275 0.999989 0.004032 -0.001553 0.999991 
0.010770 0.004729 0.999931 0.000971 0.011659 0.999932 0.001719 -0.000804 0.999998 0.001475 -0.003344 0.999993 -0.005223 0.000309 0.999986 0.004336 -0.001670 0.999989 
0.010828 0.004754 0.999930 0.000958 0.011492 0.999934 0.001617 -0.000757 0.999998 0.001476 -0.003346 0.999993 -0.005491 0.000324 0.999985 0.004350 -0.001676 0.999989 
0.010788 0.004735 0.999931 0.001113 0.013320 0.999911 0.001497 -0.000701 0.999999 0.001462 -0.003316 0.999993 -0.007543 0.000447 0.999971 0.004473 -0.001724 0.999989 
0.010685 0.004688 0.999932 0.001263 0.015066 0.999886 0.001475 -0.000691 0.999999 0.001448 -0.003286 0.999994 -0.009104 0.000542 0.999958 0.004557 -0.001757 0.999988 
0.010580 0.004640 0.999933 0.001361 0.016199 0.999868 0.001468 -0.000688 0.999999 0.001455 -0.003302 0.999993 -0.010115 0.000604 0.999949 0.004597 -0.001774 0.999988 
0.010596 0.004647 0.999933 0.001294 0.015406 0.999880 0.001626 -0.000762 0.999998 0.001502 -0.003408 0.999993 -0.008346 0.000498 0.999965 0.004375 -0.001689 0.999989 
0.010521 0.004612 0.999934 0.001532 0.018163 0.999834 0.001598 -0.000749 0.999998 0.001513 -0.003437 0.999993 -0.010876 0.000652 0.999941 0.004548 -0.001757 0.999988 
0.010593 0.004643 0.999933 0.001659 0.019667 0.999805 0.002052 -0.000963 0.999997 0.001570 -0.003564 0.999992 -0.009259 0.000555 0.999957 0.004285 -0.001657 0.999989 
0.010682 0.004682 0.999932 0.001613 0.019119 0.999816 0.002013 -0.000945 0.999998 0.001625 -0.003690 0.999992 -0.009213 0.000553 0.999957 0.004335 -0.001677 0.999989 
0.010809 0.004736 0.999930 0.001485 0.017606 0.999844 0.001926 -0.000904 0.999998 0.001666 -0.003785 0.999991 -0.009059 0.000544 0.999959 0.004507 -0.001744 0.999988 
0.010958 0.004801 0.999928 0.001476 0.017483 0.999846 0.001969 -0.000925 0.999998 0.001717 -0.003899 0.999991 -0.008709 0.000523 0.999962 0.004500 -0.001741 0.999988 
0.011235 0.004922 0.999925 0.001729 0.020312 0.999792 0.002025 -0.000952 0.999997 0.001729 -0.003928 0.999991 -0.010367 0.000629 0.999946 0.004608 -0.001785 0.999988 
0.011399 0.004993 0.999923 0.001566 0.018402 0.999829 0.001912 -0.000899 0.999998 0.001723 -0.003917 0.999991 -0.009352 0.000568 0.999956 0.004594 -0.001779 0.999988 
0.011622 0.005091 0.999920 0.001566 0.018423 0.999829 0.002012 -0.000946 0.999998 0.001777 -0.004038 0.999990 -0.008658 0.000525 0.999962 0.004542 -0.001760 0.999988 
0.011850 0.005190 0.999916 0.001580 0.018557 0.999827 0.002035 -0.000957 0.999997 0.001809 -0.004111 0.999990 -0.009124 0.000555 0.999958 0.004750 -0.001841 0.999987 
0.012067 0.005284 0.999913 0.001688 0.019779 0.999803 0.002076 -0.000977 0.999997 0.001816 -0.004129 0.999990 -0.010089 0.000615 0.999949 0.004927 -0.001911 0.999986 
0.012238 0.005357 0.999911 0.001652 0.019330 0.999812 0.002001 -0.000942 0.999998 0.001822 -0.004144 0.999990 -0.009883 0.000604 0.999951 0.004916 -0.001908 0.999986 
0.012501 0.005472 0.999907 0.001611 0.018850 0.999821 0.002063 -0.000971 0.999997 0.001839 -0.004183 0.999990 -0.009167 0.000560 0.999958 0.004944 -0.001919 0.999986 
0.012748 0.005578 0.999903 0.001571 0.018383 0.999830 0.001962 -0.000924 0.999998 0.001880 -0.004276 0.999989 -0.009386 0.000574 0.999956 0.005046 -0.001959 0.999985 
0.013063 0.005716 0.999898 0.001505 0.017607 0.999844 0.001889 -0.000890 0.999998 0.001961 -0.004460 0.999988 -0.009281 0.000567 0.999957 0.005147 -0.001999 0.999985 
0.013236 0.005790 0.999896 0.001610 0.018786 0.999822 0.001855 -0.000874 0.999998 0.001958 -0.004456 0.999988 -0.010536 0.000646 0.999944 0.005322 -0.002068 0.999984 
0.013338 0.005833 0.999894 0.001694 0.019723 0.999804 0.001831 -0.000863 0.999998 0.001961 -0.004465 0.999988 -0.011537 0.000709 0.999933 0.005450 -0.002119 0.999983 
0.013433 0.005872 0.999893 0.001596 0.018581 0.999826 0.001938 -0.000914 0.999998 0.001943 -0.004425 0.999988 -0.009647 0.000593 0.999953 0.005258 -0.002045 0.999984 
0.013572 0.005930 0.999890 0.002137 0.024737 0.999692 0.002173 -0.001026 0.999997 0.001915 -0.004362 0.999989 -0.013001 0.000804 0.999915 0.005419 -0.002112 0.999983 
0.013977 0.006111 0.999884 0.002036 0.023592 0.999720 0.002385 -0.001126 0.999997 0.001926 -0.004384 0.999989 -0.011120 0.000687 0.999938 0.005451 -0.002124 0.999983 
0.014269 0.006235 0.999879 0.002081 0.024094 0.999708 0.002398 -0.001133 0.999996 0.001917 -0.004367 0.999989 -0.010962 0.000679 0.999940 0.005418 -0.002114 0.999983 
0.014560 0.006360 0.999874 0.002308 0.026669 0.999642 0.002434 -0.001151 0.999996 0.001891 -0.004310 0.999989 -0.013622 0.000844 0.999907 0.005887 -0.002299 0.999980 
0.014981 0.006543 0.999866 0.002208 0.025516 0.999672 0.002437 -0.001153 0.999996 0.001882 -0.004289 0.999989 -0.013429 0.000832 0.999909 0.006209 -0.002424 0.999978 
0.015439 0.006740 0.999858 0.002023 0.023362 0.999725 0.002437 -0.001153 0.999996 0.001915 -0.004368 0.999989 -0.011711 0.000728 0.999931 0.006240 -0.002437 0.999978 
0.015970 0.006969 0.999848 0.002167 0.024972 0.999686 0.002595 -0.001228 0.999996 0.001989 -0.004538 0.999988 -0.012225 0.000761 0.999925 0.006413 -0.002507 0.999976 
0.016367 0.007139 0.999841 0.002237 0.025753 0.999666 0.002761 -0.001307 0.999995 0.001939 -0.004425 0.999988 -0.011592 0.000723 0.999933 0.006419 -0.002511 0.999976 
0.016835 0.007340 0.999831 0.002415 0.027769 0.999611 0.003213 -0.001523 0.999994 0.001892 -0.004319 0.999989 -0.009927 0.000620 0.999951 0.006226 -0.002439 0.999978 
0.017549 0.007650 0.999817 0.002199 0.025255 0.999679 0.002988 -0.001417 0.999995 0.001900 -0.004340 0.999989 -0.009186 0.000575 0.999958 0.006462 -0.002531 0.999976 
0.018372 0.008007 0.999799 0.002121 0.024350 0.999701 0.002992 -0.001419 0.999995 0.001989 -0.004542 0.999988 -0.008529 0.000535 0.999963 0.006676 -0.002616 0.999974 
0.019156 0.008347 0.999782 0.002009 0.023034 0.999733 0.002861 -0.001357 0.999995 0.002090 -0.004774 0.999986 -0.008273 0.000520 0.999966 0.006916 -0.002711 0.999972 
0.019695 0.008578 0.999769 0.001894 0.021706 0.999763 0.002663 -0.001263 0.999996 0.002076 -0.004745 0.999987 -0.008347 0.000525 0.999965 0.007152 -0.002804 0.999970 
0.020149 0.008773 0.999759 0.001874 0.021441 0.999768 0.002738 -0.001299 0.999995 0.002042 -0.004669 0.999987 -0.007250 0.000457 0.999974 0.007124 -0.002794 0.999971 
0.020577 0.008958 0.999748 0.001821 0.020826 0.999781 0.002860 -0.001357 0.999995 0.002032 -0.004646 0.999987 -0.005623 0.000355 0.999984 0.007037 -0.002761 0.999971 
0.020972 0.009129 0.999738 0.001720 0.019656 0.999805 0.002785 -0.001322 0.999995 0.002021 -0.004622 0.999987 -0.005069 0.000320 0.999987 0.007146 -0.002804 0.999971 
0.021451 0.009337 0.999726 0.001608 0.018364 0.999830 0.002800 -0.001329 0.999995 0.002120 -0.004849 0.999986 -0.004025 0.000255 0.999992 0.007210 -0.002829 0.999970 
0.021813 0.009495 0.999717 0.001640 0.018721 0.999823 0.002968 -0.001410 0.999995 0.002191 -0.005011 0.999985 -0.003624 0.000229 0.999993 0.007305 -0.002867 0.999969 
0.022081 0.009608 0.999710 0.001598 0.018215 0.999833 0.002814 -0.001336 0.999995 0.002274 -0.005202 0.999984 -0.004250 0.000270 0.999991 0.007461 -0.002930 0.999968 
0.022520 0.009802 0.999698 0.001519 0.017308 0.999849 0.002878 -0.001367 0.999995 0.002430 -0.005557 0.999982 -0.003220 0.000204 0.999995 0.007471 -0.002934 0.999968 
0.022955 0.009997 0.999687 0.001399 0.015944 0.999872 0.002799 -0.001330 0.999995 0.002641 -0.006039 0.999978 -0.002946 0.000187 0.999996 0.007606 -0.002986 0.999967 
0.023230 0.010119 0.999679 0.001294 0.014740 0.999891 0.002746 -0.001304 0.999995 0.002875 -0.006572 0.999974 -0.002694 0.000171 0.999996 0.007680 -0.003015 0.999966 
0.023333 0.010169 0.999676 0.001249 0.014230 0.999898 0.002958 -0.001405 0.999995 0.003075 -0.007026 0.999971 -0.001225 0.000078 0.999999 0.007517 -0.002951 0.999967 
0.023178 0.010104 0.999680 0.001397 0.015867 0.999873 0.002857 -0.001358 0.999995 0.003234 -0.007386 0.999967 -0.003800 0.000242 0.999993 0.007739 -0.003040 0.999965 
0.022759 0.009920 0.999692 0.001380 0.015664 0.999876 0.002798 -0.001330 0.999995 0.003403 -0.007775 0.999964 -0.004605 0.000294 0.999989 0.007730 -0.003037 0.999966 
0.022254 0.009699 0.999705 0.001267 0.014387 0.999896 0.002758 -0.001311 0.999995 0.003607 -0.008241 0.999960 -0.004190 0.000267 0.999991 0.007534 -0.002960 0.999967 
0.021680 0.009448 0.999720 0.001162 0.013200 0.999912 0.002743 -0.001304 0.999995 0.003844 -0.008782 0.999954 -0.003813 0.000243 0.999993 0.007320 -0.002876 0.999969 
0.021112 0.009203 0.999735 0.001070 0.012148 0.999926 0.002745 -0.001305 0.999995 0.004103 -0.009375 0.999948 -0.003486 0.000222 0.999994 0.007109 -0.002793 0.999971 
0.020522 0.008947 0.999749 0.000974 0.011063 0.999938 0.002755 -0.001309 0.999995 0.004379 -0.010002 0.999940 -0.003231 0.000206 0.999995 0.006921 -0.002719 0.999972 
0.019945 0.008699 0.999763 0.000885 0.010048 0.999949 0.002786 -0.001324 0.999995 0.004665 -0.010653 0.999932 -0.002938 0.000188 0.999996 0.006732 -0.002644 0.999974 
0.019423 0.008475 0.999775 0.000954 0.010833 0.999941 0.002792 -0.001327 0.999995 0.004926 -0.011244 0.999925 -0.004511 0.000288 0.999990 0.006766 -0.002658 0.999974 
0.018760 0.008191 0.999790 0.000896 0.010175 0.999948 0.002931 -0.001393 0.999995 0.005216 -0.011899 0.999916 -0.003759 0.000240 0.999993 0.006464 -0.002539 0.999976 
0.018128 0.007917 0.999804 0.000815 0.009254 0.999957 0.002971 -0.001412 0.999995 0.005490 -0.012520 0.999907 -0.003421 0.000218 0.999994 0.006240 -0.002451 0.999978 
0.017555 0.007670 0.999816 0.001036 0.011758 0.999930 0.002913 -0.001385 0.999995 0.005699 -0.012989 0.999899 -0.006949 0.000444 0.999976 0.006474 -0.002544 0.999976 
0.016881 0.007378 0.999830 0.000973 0.011036 0.999939 0.002962 -0.001408 0.999995 0.005957 -0.013574 0.999890 -0.006881 0.000439 0.999976 0.006298 -0.002474 0.999977 
0.016223 0.007091 0.999843 0.000887 0.010061 0.999949 0.003025 -0.001438 0.999994 0.006224 -0.014182 0.999880 -0.006247 0.000399 0.999980 0.006015 -0.002363 0.999979 
0.015620 0.006828 0.999855 0.000807 0.009153 0.999958 0.003091 -0.001469 0.999994 0.006490 -0.014786 0.999870 -0.005668 0.000362 0.999984 0.005759 -0.002262 0.999981 
0.015179 0.006638 0.999863 0.000733 0.008324 0.999965 0.003159 -0.001502 0.999994 0.006754 -0.015382 0.999859 -0.005146 0.000329 0.999987 0.005565 -0.002186 0.999982 
0.014854 0.006500 0.999869 0.000667 0.007566 0.999971 0.003232 -0.001536 0.999994 0.007019 -0.015976 0.999848 -0.004669 0.000298 0.999989 0.005415 -0.002127 0.999983 
0.014335 0.006275 0.999878 0.000994 0.011264 0.999936 0.003496 -0.001663 0.999993 0.007247 -0.016490 0.999838 -0.005540 0.000354 0.999985 0.004982 -0.001959 0.999986 
0.013758 0.006023 0.999887 0.000878 0.009931 0.999950 0.003347 -0.001592 0.999993 0.007448 -0.016944 0.999829 -0.006925 0.000444 0.999976 0.005203 -0.002045 0.999984 
0.013274 0.005812 0.999895 0.001058 0.011895 0.999929 0.003348 -0.001593 0.999993 0.007623 -0.017340 0.999821 -0.009145 0.000591 0.999958 0.005254 -0.002066 0.999984 
0.012823 0.005616 0.999902 0.000941 0.010562 0.999944 0.003272 -0.001556 0.999993 0.007806 -0.017750 0.999812 -0.009988 0.000647 0.999950 0.005448 -0.002140 0.999983 
0.013113 0.005751 0.999897 0.000929 0.010411 0.999945 0.003208 -0.001525 0.999994 0.008189 -0.018597 0.999794 -0.011348 0.000737 0.999935 0.005737 -0.002253 0.999981 
0.012749 0.005592 0.999903 0.000905 0.010143 0.999948 0.003341 -0.001589 0.999993 0.008401 -0.019076 0.999783 -0.010730 0.000696 0.999942 0.005532 -0.002173 0.999982 
0.012356 0.005419 0.999909 0.000789 0.008846 0.999961 0.003430 -0.001631 0.999993 0.008593 -0.019516 0.999773 -0.009967 0.000647 0.999950 0.005431 -0.002133 0.999983 
0.012758 0.005604 0.999903 0.000875 0.009803 0.999952 0.003424 -0.001628 0.999993 0.008958 -0.020315 0.999753 -0.012057 0.000783 0.999927 0.005845 -0.002295 0.999980 
0.012557 0.005517 0.999906 0.000812 0.009096 0.999958 0.003616 -0.001720 0.999992 0.009172 -0.020795 0.999742 -0.010601 0.000689 0.999944 0.005593 -0.002196 0.999982 
0.012399 0.005449 0.999908 0.000882 0.009868 0.999951 0.003823 -0.001818 0.999991 0.009378 -0.021254 0.999730 -0.011531 0.000750 0.999933 0.005826 -0.002288 0.999980 
0.012207 0.005364 0.999911 0.000800 0.008954 0.999960 0.003888 -0.001849 0.999991 0.009524 -0.021589 0.999722 -0.010433 0.000678 0.999945 0.005606 -0.002202 0.999982 
0.011984 0.005265 0.999914 0.000680 0.007610 0.999971 0.003813 -0.001813 0.999991 0.009625 -0.021823 0.999716 -0.010250 0.000668 0.999947 0.005599 -0.002199 0.999982 
0.011759 0.005166 0.999918 0.000735 0.008227 0.999966 0.003888 -0.001849 0.999991 0.009716 -0.022027 0.999710 -0.010281 0.000669 0.999947 0.005456 -0.002143 0.999983 
0.011593 0.005093 0.999920 0.000668 0.007476 0.999972 0.003929 -0.001869 0.999991 0.009792 -0.022202 0.999706 -0.009314 0.000606 0.999956 0.005259 -0.002066 0.999984 
0.011475 0.005041 0.999921 0.000575 0.006436 0.999979 0.003906 -0.001858 0.999991 0.009852 -0.022340 0.999702 -0.008728 0.000569 0.999962 0.005186 -0.002037 0.999984 
0.012144 0.005344 0.999912 0.000531 0.005932 0.999982 0.004167 -0.001981 0.999989 0.010087 -0.022836 0.999688 -0.008130 0.000530 0.999967 0.005536 -0.002174 0.999982 
0.012122 0.005334 0.999912 0.000484 0.005414 0.999985 0.004190 -0.001993 0.999989 0.010155 -0.022991 0.999684 -0.007380 0.000481 0.999973 0.005393 -0.002117 0.999983 
0.012152 0.005348 0.999912 0.000465 0.005199 0.999986 0.004318 -0.002054 0.999989 0.010232 -0.023163 0.999679 -0.006338 0.000413 0.999980 0.005240 -0.002057 0.999984 
0.012234 0.005385 0.999911 0.000449 0.005023 0.999987 0.004341 -0.002064 0.999988 0.010325 -0.023369 0.999674 -0.005987 0.000390 0.999982 0.005176 -0.002032 0.999985 
0.012413 0.005465 0.999908 0.000410 0.004585 0.999989 0.004355 -0.002071 0.999988 0.010392 -0.023515 0.999669 -0.005441 0.000354 0.999985 0.005139 -0.002018 0.999985 
0.012509 0.005507 0.999907 0.000474 0.005296 0.999986 0.004284 -0.002037 0.999989 0.010389 -0.023508 0.999670 -0.006944 0.000452 0.999976 0.005413 -0.002125 0.999983 
0.012548 0.005523 0.999906 0.000344 0.003848 0.999993 0.004132 -0.001965 0.999990 0.010368 -0.023465 0.999671 -0.007449 0.000486 0.999972 0.005697 -0.002236 0.999981 
0.012572 0.005533 0.999906 0.000571 0.006377 0.999980 0.004106 -0.001953 0.999990 0.010325 -0.023369 0.999674 -0.009239 0.000603 0.999957 0.005747 -0.002257 0.999981 
0.012639 0.005562 0.999905 0.000522 0.005829 0.999983 0.004109 -0.001955 0.999990 0.010307 -0.023332 0.999675 -0.008391 0.000548 0.999965 0.005627 -0.002210 0.999982 
0.012839 0.005651 0.999902 0.000742 0.008231 0.999966 0.004117 -0.001959 0.999990 0.010274 -0.023253 0.999677 -0.011932 0.000785 0.999929 0.006346 -0.002493 0.999977 
0.013022 0.005731 0.999899 0.000706 0.007829 0.999969 0.004107 -0.001954 0.999990 0.010229 -0.023155 0.999680 -0.011478 0.000756 0.999934 0.006355 -0.002497 0.999977 
0.013228 0.005819 0.999896 0.000642 0.007122 0.999974 0.004096 -0.001949 0.999990 0.010177 -0.023044 0.999683 -0.010401 0.000685 0.999946 0.006241 -0.002452 0.999978 
0.013444 0.005913 0.999892 0.000585 0.006491 0.999979 0.004088 -0.001945 0.999990 0.010137 -0.022960 0.999685 -0.009432 0.000621 0.999955 0.006148 -0.002415 0.999978 
0.013667 0.006010 0.999889 0.000534 0.005921 0.999982 0.004076 -0.001939 0.999990 0.010089 -0.022857 0.999688 -0.008559 0.000564 0.999963 0.006073 -0.002386 0.999979 
0.013877 0.006101 0.999885 0.000521 0.005775 0.999983 0.004075 -0.001939 0.999990 0.010040 -0.022749 0.999691 -0.012244 0.000808 0.999925 0.007340 -0.002883 0.999969 
