0.001242 0.003566 0.999993 -0.005105 0.001802 0.999985 -0.005063 0.001661 0.999986 0.001252 0.003528 0.999993 
0.001111 0.003191 0.999994 -0.004594 0.001622 0.999988 -0.004557 0.001496 0.999988 0.001121 0.003156 0.999994 
0.001343 0.003854 0.999992 -0.003234 0.001143 0.999994 -0.003171 0.001042 0.999994 0.001360 0.003826 0.999992 
0.001204 0.003455 0.999993 -0.002847 0.001006 0.999995 -0.002790 0.000916 0.999996 0.001219 0.003430 0.999993 
0.001079 0.003096 0.999995 -0.002497 0.000882 0.999996 -0.002447 0.000804 0.999997 0.001092 0.003074 0.999995 
0.000910 0.002613 0.999996 -0.002212 0.000781 0.999997 -0.002169 0.000712 0.999997 0.000921 0.002593 0.999996 
0.001083 0.003111 0.999995 -0.001384 0.000489 0.999999 -0.001325 0.000435 0.999999 0.001099 0.003096 0.999995 
0.001820 0.005243 0.999985 0.004758 -0.001675 0.999987 0.004911 -0.001607 0.999987 0.001863 0.005261 0.999984 
0.000950 0.002737 0.999996 0.005975 -0.002104 0.999980 0.006081 -0.001990 0.999980 0.000980 0.002768 0.999996 
0.000380 0.001097 0.999999 0.007098 -0.002497 0.999972 0.007175 -0.002346 0.999972 0.000403 0.001138 0.999999 
-0.000713 -0.002057 0.999998 0.012496 -0.004395 0.999912 0.012543 -0.004099 0.999913 -0.000699 -0.001976 0.999998 
-0.000648 -0.001870 0.999998 0.011348 -0.003991 0.999928 0.011390 -0.003722 0.999928 -0.000635 -0.001796 0.999998 
-0.001679 -0.004841 0.999987 0.014123 -0.004967 0.999888 0.014120 -0.004615 0.999890 -0.001678 -0.004744 0.999987 
-0.001522 -0.004389 0.999989 0.012827 -0.004511 0.999908 0.012824 -0.004191 0.999909 -0.001522 -0.004301 0.999990 
-0.001387 -0.003997 0.999991 0.011712 -0.004119 0.999923 0.011710 -0.003827 0.999924 -0.001386 -0.003917 0.999991 
-0.001261 -0.003636 0.999993 0.010681 -0.003757 0.999936 0.010679 -0.003491 0.999937 -0.001260 -0.003563 0.999993 
-0.001154 -0.003327 0.999994 0.009845 -0.003463 0.999946 0.009844 -0.003218 0.999946 -0.001153 -0.003260 0.999994 
-0.001176 -0.003391 0.999994 0.009193 -0.003233 0.999953 0.009186 -0.003002 0.999953 -0.001177 -0.003328 0.999994 
-0.001473 -0.004260 0.999990 0.009174 -0.003218 0.999953 0.009147 -0.002981 0.999954 -0.001480 -0.004195 0.999990 
-0.002197 -0.006381 0.999977 0.009758 -0.003407 0.999947 0.009687 -0.003142 0.999948 -0.002215 -0.006308 0.999978 
-0.003164 -0.009246 0.999952 0.010388 -0.003604 0.999940 0.010256 -0.003304 0.999942 -0.003198 -0.009163 0.999953 
-0.004299 -0.012629 0.999911 0.011413 -0.003939 0.999927 0.011213 -0.003592 0.999931 -0.004352 -0.012533 0.999912 
-0.005339 -0.015783 0.999861 0.012247 -0.004200 0.999916 0.011981 -0.003812 0.999921 -0.005410 -0.015675 0.999862 
-0.006281 -0.018703 0.999805 0.012801 -0.004357 0.999909 0.012474 -0.003938 0.999914 -0.006368 -0.018586 0.999807 
-0.007139 -0.021439 0.999745 0.013079 -0.004414 0.999905 0.012691 -0.003970 0.999912 -0.007243 -0.021315 0.999747 
-0.007867 -0.023851 0.999685 0.013081 -0.004373 0.999905 0.012638 -0.003914 0.999912 -0.007986 -0.023722 0.999687 
