-0.000958 -0.001262 0.999999 0.005913 -0.004451 0.999973 0.005894 -0.004493 0.999973 -0.001027 -0.001416 0.999998 
-0.000853 -0.001123 0.999999 0.005358 -0.004033 0.999978 0.005340 -0.004071 0.999977 -0.000916 -0.001263 0.999999 
-0.000757 -0.000997 0.999999 0.004853 -0.003653 0.999982 0.004836 -0.003687 0.999982 -0.000814 -0.001123 0.999999 
-0.000235 -0.000309 1.000000 0.003453 -0.002599 0.999991 0.003439 -0.002621 0.999991 -0.000284 -0.000392 1.000000 
-0.000707 -0.000930 0.999999 0.006083 -0.004585 0.999971 0.006061 -0.004627 0.999971 -0.000786 -0.001082 0.999999 
-0.003065 -0.004024 0.999987 0.008616 -0.006503 0.999942 0.008601 -0.006575 0.999941 -0.003116 -0.004286 0.999986 
-0.002763 -0.003627 0.999990 0.007787 -0.005878 0.999952 0.007773 -0.005942 0.999952 -0.002809 -0.003863 0.999989 
-0.003398 -0.004460 0.999984 0.004223 -0.003188 0.999986 0.004231 -0.003235 0.999986 -0.003366 -0.004629 0.999984 
-0.003783 -0.004964 0.999981 0.003096 -0.002338 0.999992 0.003112 -0.002380 0.999992 -0.003721 -0.005116 0.999980 
-0.003706 -0.004863 0.999981 0.001938 -0.001464 0.999997 0.001959 -0.001498 0.999997 -0.003628 -0.004988 0.999981 
-0.005772 -0.007570 0.999955 -0.000404 0.000305 1.000000 -0.000356 0.000273 1.000000 -0.005594 -0.007687 0.999955 
-0.006426 -0.008429 0.999944 -0.000341 0.000257 1.000000 -0.000288 0.000220 1.000000 -0.006230 -0.008561 0.999944 
-0.008245 -0.010815 0.999908 -0.000280 0.000211 1.000000 -0.000212 0.000163 1.000000 -0.007996 -0.010988 0.999908 
-0.006770 -0.008913 0.999937 -0.000180 0.000135 1.000000 -0.000124 0.000095 1.000000 -0.006566 -0.009057 0.999937 
-0.007649 -0.010075 0.999920 0.001044 -0.000785 0.999999 0.001100 -0.000838 0.999999 -0.007438 -0.010265 0.999920 
-0.006968 -0.009178 0.999934 0.000945 -0.000711 0.999999 0.000997 -0.000759 0.999999 -0.006776 -0.009351 0.999933 
-0.006973 -0.009185 0.999934 0.000871 -0.000655 0.999999 0.000923 -0.000703 0.999999 -0.006780 -0.009356 0.999933 
-0.013781 -0.018152 0.999740 0.000758 -0.000570 1.000000 0.000865 -0.000659 0.999999 -0.013383 -0.018469 0.999740 
-0.009848 -0.013903 0.999855 0.004661 -0.003271 0.999984 0.004726 -0.003360 0.999983 -0.009605 -0.014222 0.999853 
-0.014417 -0.020338 0.999689 0.001667 -0.001171 0.999998 0.001784 -0.001269 0.999998 -0.013983 -0.020689 0.999688 
-0.016700 -0.023555 0.999583 0.001638 -0.001151 0.999998 0.001775 -0.001263 0.999998 -0.016193 -0.023955 0.999582 
-0.010905 -0.015382 0.999822 0.001448 -0.001017 0.999998 0.001535 -0.001093 0.999998 -0.010580 -0.015652 0.999822 
-0.001856 -0.002617 0.999995 0.000313 -0.000220 1.000000 0.000327 -0.000233 1.000000 -0.001801 -0.002665 0.999995 
0.007151 -0.050665 0.998690 0.000705 -0.000505 1.000000 0.025283 0.016993 0.999536 -0.004150 -0.000483 0.999991 -0.002642 -0.003885 0.999989 0.000925 0.000641 0.999999 
0.000158 -0.001118 0.999999 0.000154 -0.000110 1.000000 -0.002753 -0.001844 0.999995 -0.002399 -0.000280 0.999997 -0.004181 -0.006139 0.999972 0.000257 0.000178 1.000000 
0.000070 -0.000492 1.000000 0.000969 -0.000687 0.999999 -0.006655 -0.004457 0.999968 -0.009656 -0.001138 0.999953 -0.006059 -0.008999 0.999941 0.001329 0.000917 0.999999 
0.000062 -0.000431 1.000000 0.002598 -0.001820 0.999995 -0.007133 -0.004768 0.999963 -0.008749 -0.001035 0.999961 -0.006410 -0.009637 0.999933 0.002164 0.001485 0.999997 
0.000057 -0.000397 1.000000 0.002407 -0.001676 0.999996 -0.006043 -0.004010 0.999974 -0.007698 -0.000913 0.999970 -0.004167 -0.006305 0.999971 0.001137 0.000773 0.999999 
-0.000030 0.000209 1.000000 0.002946 -0.002048 0.999994 -0.005096 -0.003364 0.999981 -0.006093 -0.000728 0.999981 -0.002318 -0.003512 0.999991 0.001004 0.000677 0.999999 
-0.000000 0.000001 1.000000 0.002107 -0.001461 0.999997 -0.003691 -0.002435 0.999990 -0.004915 -0.000591 0.999988 -0.001380 -0.002096 0.999997 0.000578 0.000389 1.000000 
-0.000188 0.001289 0.999999 0.003108 -0.002151 0.999993 -0.002782 -0.001835 0.999994 -0.002854 -0.000345 0.999996 -0.000502 -0.000764 1.000000 0.001902 0.001279 0.999997 
-0.000275 0.001883 0.999998 0.003621 -0.002507 0.999990 -0.001788 -0.001179 0.999998 -0.001839 -0.000224 0.999998 0.000604 0.000919 0.999999 0.002681 0.001803 0.999995 
-0.000377 0.002532 0.999997 0.003290 -0.002278 0.999992 -0.001515 -0.001001 0.999998 -0.001207 -0.000150 0.999999 0.000550 0.000837 0.999999 0.002975 0.002003 0.999994 
-0.000464 0.003024 0.999995 0.002994 -0.002073 0.999993 -0.001133 -0.000751 0.999999 -0.000329 -0.000042 1.000000 0.000505 0.000768 1.000000 0.003208 0.002168 0.999993 
-0.000437 0.002786 0.999996 0.004204 -0.002900 0.999987 -0.000200 -0.000133 1.000000 0.001797 0.000238 0.999998 0.001472 0.002248 0.999996 0.003504 0.002371 0.999991 
-0.000358 0.002241 0.999997 0.003961 -0.002724 0.999988 0.000661 0.000440 1.000000 0.004233 0.000572 0.999991 0.001355 0.002076 0.999997 0.002946 0.001996 0.999994 
-0.000216 0.001331 0.999999 0.005528 -0.003781 0.999978 0.002061 0.001372 0.999997 0.006520 0.000897 0.999978 0.003117 0.004802 0.999984 0.002885 0.001950 0.999994 
-0.000291 0.001794 0.999998 0.006920 -0.004732 0.999965 0.001999 0.001331 0.999997 0.008684 0.001197 0.999962 0.002526 0.003892 0.999989 0.003889 0.002630 0.999989 
-0.000265 0.001631 0.999999 0.008391 -0.005737 0.999948 0.002590 0.001726 0.999995 0.010078 0.001389 0.999948 0.002901 0.004471 0.999986 0.004884 0.003306 0.999983 
-0.000239 0.001473 0.999999 0.007646 -0.005227 0.999957 0.003036 0.002023 0.999993 0.011077 0.001527 0.999937 0.002662 0.004102 0.999988 0.004409 0.002984 0.999986 
-0.000215 0.001325 0.999999 0.009464 -0.006460 0.999934 0.003338 0.002224 0.999992 0.011677 0.001611 0.999931 0.003954 0.006105 0.999974 0.004914 0.003325 0.999982 
-0.000194 0.001193 0.999999 0.008873 -0.006054 0.999942 0.003296 0.002197 0.999992 0.011885 0.001639 0.999928 0.003594 0.005550 0.999978 0.004437 0.003002 0.999986 
-0.000175 0.001074 0.999999 0.008833 -0.006025 0.999943 0.002832 0.001887 0.999994 0.011801 0.001628 0.999929 0.002974 0.004594 0.999985 0.004277 0.002894 0.999987 
-0.000156 0.000959 1.000000 0.010442 -0.007124 0.999920 0.002353 0.001569 0.999996 0.011099 0.001531 0.999937 0.002740 0.004233 0.999987 0.005557 0.003764 0.999977 
-0.000140 0.000861 1.000000 0.010095 -0.006887 0.999925 0.001923 0.001282 0.999997 0.010699 0.001476 0.999942 0.002471 0.003817 0.999990 0.005025 0.003403 0.999982 
-0.000125 0.000767 1.000000 0.009864 -0.006729 0.999929 0.001417 0.000945 0.999999 0.010176 0.001404 0.999947 0.002230 0.003445 0.999992 0.004536 0.003072 0.999985 
-0.000112 0.000686 1.000000 0.009546 -0.006512 0.999933 0.000979 0.000653 0.999999 0.009555 0.001319 0.999953 0.002010 0.003105 0.999993 0.004097 0.002775 0.999988 
-0.000102 0.000629 1.000000 0.011259 -0.007682 0.999907 0.000509 0.000340 1.000000 0.008859 0.001223 0.999960 0.001678 0.002592 0.999995 0.005611 0.003803 0.999977 
-0.000086 0.000529 1.000000 0.011716 -0.007989 0.999899 0.000563 0.000375 1.000000 0.007816 0.001080 0.999969 0.002059 0.003182 0.999993 0.006187 0.004194 0.999972 
-0.000079 0.000488 1.000000 0.010386 -0.007075 0.999921 0.000495 0.000330 1.000000 0.006744 0.000932 0.999977 0.001834 0.002836 0.999994 0.005570 0.003775 0.999977 
-0.000076 0.000465 1.000000 0.009701 -0.006607 0.999931 0.000187 0.000125 1.000000 0.005980 0.000826 0.999982 0.001649 0.002551 0.999995 0.005053 0.003424 0.999981 
-0.000073 0.000447 1.000000 0.009177 -0.006250 0.999938 -0.000187 -0.000125 1.000000 0.005214 0.000720 0.999986 0.001483 0.002294 0.999996 0.004583 0.003106 0.999985 
-0.000070 0.000430 1.000000 0.008671 -0.005905 0.999945 -0.000523 -0.000349 1.000000 0.004469 0.000617 0.999990 0.001333 0.002063 0.999997 0.004157 0.002817 0.999987 
-0.000067 0.000413 1.000000 0.008189 -0.005577 0.999951 -0.000824 -0.000550 1.000000 0.003760 0.000519 0.999993 0.001195 0.001849 0.999998 0.003771 0.002555 0.999990 
-0.000051 0.000312 1.000000 0.008432 -0.005740 0.999948 -0.000574 -0.000383 1.000000 0.003097 0.000428 0.999995 0.001906 0.002950 0.999994 0.003942 0.002670 0.999989 
-0.000045 0.000277 1.000000 0.007706 -0.005242 0.999957 -0.000549 -0.000366 1.000000 0.002545 0.000352 0.999997 0.001759 0.002724 0.999995 0.003686 0.002495 0.999990 
-0.000041 0.000252 1.000000 0.007373 -0.005014 0.999960 -0.000865 -0.000577 0.999999 0.002036 0.000281 0.999998 0.001589 0.002462 0.999996 0.003340 0.002261 0.999992 
-0.000038 0.000231 1.000000 0.007123 -0.004844 0.999963 -0.001170 -0.000780 0.999999 0.001621 0.000224 0.999999 0.001435 0.002224 0.999996 0.003028 0.002049 0.999993 
-0.000033 0.000205 1.000000 0.007055 -0.004797 0.999964 -0.001192 -0.000795 0.999999 0.001281 0.000177 0.999999 0.001833 0.002841 0.999994 0.002731 0.001848 0.999995 
-0.000030 0.000182 1.000000 0.006851 -0.004658 0.999966 -0.001469 -0.000979 0.999998 0.000928 0.000128 1.000000 0.001675 0.002596 0.999995 0.002470 0.001671 0.999996 
-0.000029 0.000176 1.000000 0.006677 -0.004540 0.999967 -0.001689 -0.001126 0.999998 0.000725 0.000100 1.000000 0.001532 0.002375 0.999996 0.002241 0.001516 0.999996 
-0.000027 0.000163 1.000000 0.006548 -0.004452 0.999969 -0.001876 -0.001250 0.999997 0.000636 0.000088 1.000000 0.001398 0.002167 0.999997 0.002027 0.001371 0.999997 
-0.000022 0.000137 1.000000 0.006350 -0.004317 0.999971 -0.001945 -0.001296 0.999997 0.000730 0.000101 1.000000 0.001285 0.001992 0.999997 0.001789 0.001210 0.999998 
-0.000014 0.000085 1.000000 0.006345 -0.004312 0.999971 -0.001729 -0.001151 0.999998 0.001133 0.000157 0.999999 0.001468 0.002276 0.999996 0.001676 0.001132 0.999998 
-0.000016 0.000097 1.000000 0.006130 -0.004166 0.999973 -0.001851 -0.001233 0.999998 0.000935 0.000130 1.000000 0.001339 0.002077 0.999997 0.001538 0.001039 0.999998 
-0.000017 0.000101 1.000000 0.005918 -0.004021 0.999974 -0.001918 -0.001277 0.999997 0.000800 0.000111 1.000000 0.001204 0.001867 0.999998 0.001444 0.000975 0.999998 
-0.000012 0.000075 1.000000 0.006128 -0.004161 0.999973 -0.001616 -0.001075 0.999998 0.001073 0.000149 0.999999 0.001604 0.002489 0.999996 0.001529 0.001032 0.999998 
-0.000014 0.000086 1.000000 0.005904 -0.004009 0.999975 -0.001729 -0.001151 0.999998 0.000909 0.000126 1.000000 0.001465 0.002273 0.999996 0.001386 0.000935 0.999999 
-0.000001 0.000007 1.000000 0.005718 -0.003879 0.999976 -0.001334 -0.000887 0.999999 0.001629 0.000227 0.999999 0.001606 0.002494 0.999996 0.001207 0.000813 0.999999 
-0.000003 0.000021 1.000000 0.005851 -0.003965 0.999975 -0.001135 -0.000755 0.999999 0.001480 0.000206 0.999999 0.001962 0.003052 0.999993 0.001357 0.000914 0.999999 
-0.000006 0.000036 1.000000 0.005630 -0.003814 0.999977 -0.001275 -0.000848 0.999999 0.001286 0.000179 0.999999 0.001788 0.002780 0.999995 0.001230 0.000829 0.999999 
-0.000009 0.000053 1.000000 0.005440 -0.003686 0.999978 -0.001418 -0.000942 0.999999 0.001086 0.000151 0.999999 0.001650 0.002567 0.999995 0.001100 0.000741 0.999999 
-0.000010 0.000061 1.000000 0.005328 -0.003610 0.999979 -0.001578 -0.001049 0.999998 0.000924 0.000129 1.000000 0.001506 0.002342 0.999996 0.000997 0.000671 0.999999 
-0.000010 0.000062 1.000000 0.005234 -0.003546 0.999980 -0.001706 -0.001134 0.999998 0.000841 0.000117 1.000000 0.001375 0.002138 0.999997 0.000899 0.000606 0.999999 
-0.000010 0.000064 1.000000 0.005148 -0.003488 0.999981 -0.001816 -0.001207 0.999998 0.000781 0.000109 1.000000 0.001258 0.001956 0.999997 0.000809 0.000545 1.000000 
-0.000010 0.000062 1.000000 0.005020 -0.003401 0.999982 -0.001863 -0.001238 0.999997 0.000766 0.000107 1.000000 0.001127 0.001753 0.999998 0.000752 0.000506 1.000000 
-0.000093 0.000564 1.000000 0.005027 -0.003405 0.999982 -0.002095 -0.001393 0.999997 0.001441 0.000201 0.999999 0.000788 0.001226 0.999999 0.000803 0.000541 1.000000 
-0.000086 0.000523 1.000000 0.004987 -0.003378 0.999982 -0.002179 -0.001448 0.999997 0.001351 0.000189 0.999999 0.000728 0.001133 0.999999 0.000721 0.000486 1.000000 
-0.000079 0.000483 1.000000 0.004997 -0.003384 0.999982 -0.002140 -0.001422 0.999997 0.001284 0.000179 0.999999 0.000799 0.001243 0.999999 0.000722 0.000486 1.000000 
-0.000073 0.000447 1.000000 0.004960 -0.003359 0.999982 -0.002222 -0.001477 0.999996 0.001198 0.000167 0.999999 0.000738 0.001148 0.999999 0.000647 0.000436 1.000000 
-0.000068 0.000413 1.000000 0.004929 -0.003338 0.999982 -0.002299 -0.001528 0.999996 0.001119 0.000156 0.999999 0.000680 0.001058 0.999999 0.000581 0.000391 1.000000 
-0.000063 0.000382 1.000000 0.004901 -0.003319 0.999982 -0.002368 -0.001574 0.999996 0.001049 0.000147 0.999999 0.000626 0.000974 0.999999 0.000521 0.000350 1.000000 
-0.000106 0.000642 1.000000 0.005701 -0.003860 0.999976 -0.002019 -0.001342 0.999997 0.001688 0.000236 0.999999 0.001356 0.002111 0.999997 0.000952 0.000641 0.999999 
-0.000033 0.000202 1.000000 0.005419 -0.003669 0.999979 -0.001815 -0.001205 0.999998 0.003328 0.000465 0.999994 0.001251 0.001947 0.999997 -0.000067 -0.000045 1.000000 
-0.000032 0.000197 1.000000 0.005266 -0.003565 0.999980 -0.001873 -0.001243 0.999997 0.003068 0.000429 0.999995 0.001148 0.001787 0.999998 -0.000069 -0.000046 1.000000 
-0.000031 0.000189 1.000000 0.005681 -0.003845 0.999976 -0.001582 -0.001050 0.999998 0.002844 0.000398 0.999996 0.001581 0.002462 0.999996 0.000412 0.000277 1.000000 
-0.000030 0.000180 1.000000 0.005869 -0.003971 0.999975 -0.001323 -0.000878 0.999999 0.002716 0.000380 0.999996 0.001940 0.003023 0.999994 0.000662 0.000444 1.000000 
-0.000030 0.000183 1.000000 0.005529 -0.003741 0.999978 -0.001327 -0.000880 0.999999 0.002530 0.000354 0.999997 0.001764 0.002747 0.999995 0.000598 0.000401 1.000000 
-0.000031 0.000191 1.000000 0.005298 -0.003584 0.999980 -0.001375 -0.000913 0.999999 0.002389 0.000334 0.999997 0.001607 0.002503 0.999996 0.000537 0.000360 1.000000 
-0.000115 0.000699 1.000000 0.005055 -0.003419 0.999981 -0.001544 -0.001025 0.999998 0.002722 0.000381 0.999996 0.001469 0.002289 0.999996 0.000438 0.000294 1.000000 
-0.000107 0.000648 1.000000 0.004973 -0.003364 0.999982 -0.001643 -0.001090 0.999998 0.002554 0.000358 0.999997 0.001343 0.002092 0.999997 0.000388 0.000260 1.000000 
-0.000098 0.000597 1.000000 0.004928 -0.003333 0.999982 -0.001756 -0.001165 0.999998 0.002388 0.000335 0.999997 0.001225 0.001908 0.999997 0.000342 0.000230 1.000000 
-0.000091 0.000553 1.000000 0.004880 -0.003301 0.999983 -0.001851 -0.001228 0.999998 0.002239 0.000314 0.999997 0.001128 0.001757 0.999998 0.000297 0.000200 1.000000 
0.000090 -0.000545 1.000000 0.004787 -0.003237 0.999983 -0.001533 -0.001016 0.999998 0.003112 0.000436 0.999995 0.001035 0.001613 0.999998 -0.000539 -0.000361 1.000000 
0.000153 -0.000929 1.000000 0.004488 -0.003034 0.999985 -0.001307 -0.000865 0.999999 0.004339 0.000609 0.999990 0.000957 0.001491 0.999998 -0.001326 -0.000888 0.999999 
-0.000206 0.001247 0.999999 0.004239 -0.002865 0.999987 -0.001484 -0.000983 0.999998 0.006354 0.000893 0.999979 0.001031 0.001607 0.999998 -0.001174 -0.000786 0.999999 
-0.000189 0.001145 0.999999 0.004764 -0.003219 0.999983 -0.001221 -0.000809 0.999999 0.005799 0.000816 0.999983 0.001592 0.002483 0.999996 -0.000656 -0.000439 1.000000 
-0.000174 0.001050 0.999999 0.005051 -0.003411 0.999981 -0.000977 -0.000647 0.999999 0.005292 0.000744 0.999986 0.001990 0.003106 0.999993 -0.000253 -0.000169 1.000000 
-0.000161 0.000974 1.000000 0.004726 -0.003191 0.999984 -0.000968 -0.000641 0.999999 0.004867 0.000685 0.999988 0.001806 0.002818 0.999994 -0.000225 -0.000150 1.000000 
-0.000148 0.000898 1.000000 0.004495 -0.003035 0.999985 -0.000999 -0.000661 0.999999 0.004488 0.000631 0.999990 0.001644 0.002566 0.999995 -0.000206 -0.000138 1.000000 
-0.000137 0.000831 1.000000 0.004379 -0.002956 0.999986 -0.000950 -0.000629 0.999999 0.004148 0.000584 0.999991 0.001621 0.002530 0.999995 -0.000111 -0.000074 1.000000 
-0.000127 0.000769 1.000000 0.004255 -0.002873 0.999987 -0.001031 -0.000682 0.999999 0.003855 0.000543 0.999992 0.001471 0.002296 0.999996 -0.000104 -0.000069 1.000000 
-0.000117 0.000708 1.000000 0.004212 -0.002843 0.999987 -0.001153 -0.000763 0.999999 0.003575 0.000503 0.999993 0.001341 0.002094 0.999997 -0.000102 -0.000068 1.000000 
-0.000108 0.000651 1.000000 0.005327 -0.003595 0.999979 -0.000786 -0.000520 1.000000 0.003310 0.000466 0.999994 0.002333 0.003643 0.999991 0.000600 0.000401 1.000000 
-0.000101 0.000611 1.000000 0.005069 -0.003421 0.999981 -0.000849 -0.000562 0.999999 0.003113 0.000439 0.999995 0.002113 0.003299 0.999992 0.000544 0.000364 1.000000 
-0.000094 0.000571 1.000000 0.004886 -0.003298 0.999983 -0.000941 -0.000623 0.999999 0.002929 0.000413 0.999996 0.001915 0.002990 0.999994 0.000490 0.000328 1.000000 
-0.000088 0.000529 1.000000 0.004751 -0.003206 0.999984 -0.001044 -0.000691 0.999999 0.002755 0.000388 0.999996 0.001740 0.002718 0.999995 0.000437 0.000292 1.000000 
-0.000077 0.000463 1.000000 0.005119 -0.003454 0.999981 -0.000844 -0.000558 0.999999 0.002862 0.000404 0.999996 0.002075 0.003241 0.999993 0.000638 0.000426 1.000000 
-0.000073 0.000440 1.000000 0.004959 -0.003346 0.999982 -0.000966 -0.000639 0.999999 0.002675 0.000377 0.999996 0.001878 0.002934 0.999994 0.000578 0.000387 1.000000 
-0.000070 0.000420 1.000000 0.004807 -0.003242 0.999983 -0.000993 -0.000657 0.999999 0.002534 0.000358 0.999997 0.001768 0.002762 0.999995 0.000555 0.000370 1.000000 
-0.000067 0.000401 1.000000 0.004717 -0.003182 0.999984 -0.001120 -0.000741 0.999999 0.002402 0.000339 0.999997 0.001607 0.002511 0.999996 0.000497 0.000332 1.000000 
-0.000062 0.000376 1.000000 0.004614 -0.003112 0.999985 -0.001065 -0.000704 0.999999 0.002390 0.000337 0.999997 0.001583 0.002474 0.999996 0.000485 0.000324 1.000000 
-0.000045 0.000274 1.000000 0.004904 -0.003307 0.999983 -0.000593 -0.000392 1.000000 0.002319 0.000328 0.999997 0.002601 0.004066 0.999988 0.000427 0.000285 1.000000 
-0.000043 0.000260 1.000000 0.006142 -0.004140 0.999973 -0.000597 -0.000394 1.000000 0.002193 0.000310 0.999998 0.002565 0.004009 0.999989 0.001625 0.001085 0.999998 
-0.000043 0.000261 1.000000 0.005651 -0.003809 0.999977 -0.000565 -0.000374 1.000000 0.002120 0.000300 0.999998 0.002323 0.003632 0.999991 0.001473 0.000983 0.999998 
-0.000042 0.000253 1.000000 0.005417 -0.003651 0.999979 -0.000411 -0.000272 1.000000 0.002057 0.000291 0.999998 0.002350 0.003675 0.999990 0.001466 0.000978 0.999998 
-0.000041 0.000246 1.000000 0.005123 -0.003453 0.999981 -0.000481 -0.000318 1.000000 0.001997 0.000282 0.999998 0.002133 0.003336 0.999992 0.001324 0.000883 0.999999 
-0.000041 0.000245 1.000000 0.005129 -0.003456 0.999981 -0.000463 -0.000306 1.000000 0.001996 0.000282 0.999998 0.002057 0.003216 0.999993 0.001420 0.000947 0.999999 
-0.000039 0.000234 1.000000 0.004905 -0.003305 0.999983 -0.000550 -0.000363 1.000000 0.001959 0.000277 0.999998 0.001868 0.002921 0.999994 0.001280 0.000853 0.999999 
-0.000037 0.000222 1.000000 0.004737 -0.003192 0.999984 -0.000668 -0.000441 1.000000 0.001879 0.000266 0.999998 0.001701 0.002660 0.999995 0.001149 0.000767 0.999999 
-0.000035 0.000212 1.000000 0.004573 -0.003081 0.999985 -0.000774 -0.000512 1.000000 0.001797 0.000254 0.999998 0.001557 0.002435 0.999996 0.001019 0.000679 0.999999 
-0.000030 0.000182 1.000000 0.004409 -0.002971 0.999986 -0.000815 -0.000539 1.000000 0.001849 0.000261 0.999998 0.001388 0.002172 0.999997 0.000918 0.000612 0.999999 
-0.000021 0.000126 1.000000 0.005357 -0.003609 0.999979 -0.000421 -0.000278 1.000000 0.002272 0.000322 0.999997 0.002222 0.003475 0.999991 0.001312 0.000874 0.999999 
-0.000020 0.000122 1.000000 0.007149 -0.004817 0.999963 0.000064 0.000042 1.000000 0.002197 0.000311 0.999998 0.003376 0.005280 0.999980 0.002588 0.001725 0.999995 
-0.000022 0.000132 1.000000 0.006441 -0.004340 0.999970 0.000113 0.000074 1.000000 0.002116 0.000300 0.999998 0.003052 0.004774 0.999984 0.002347 0.001564 0.999996 
-0.000025 0.000148 1.000000 0.005908 -0.003980 0.999975 0.000106 0.000070 1.000000 0.002108 0.000299 0.999998 0.002764 0.004324 0.999987 0.002126 0.001417 0.999997 
-0.000026 0.000157 1.000000 0.005512 -0.003713 0.999978 0.000087 0.000058 1.000000 0.002219 0.000314 0.999997 0.002508 0.003923 0.999989 0.001923 0.001281 0.999997 
-0.000027 0.000162 1.000000 0.005150 -0.003470 0.999981 0.000068 0.000045 1.000000 0.002302 0.000326 0.999997 0.002305 0.003606 0.999991 0.001714 0.001142 0.999998 
-0.000027 0.000161 1.000000 0.004888 -0.003293 0.999983 0.000065 0.000043 1.000000 0.002326 0.000330 0.999997 0.002165 0.003386 0.999992 0.001585 0.001056 0.999998 
-0.000027 0.000163 1.000000 0.004718 -0.003179 0.999984 -0.000093 -0.000062 1.000000 0.002255 0.000320 0.999997 0.001970 0.003082 0.999993 0.001430 0.000952 0.999999 
-0.000026 0.000158 1.000000 0.004605 -0.003102 0.999985 -0.000294 -0.000194 1.000000 0.002103 0.000298 0.999998 0.001792 0.002804 0.999994 0.001289 0.000858 0.999999 
-0.000025 0.000153 1.000000 0.005800 -0.003907 0.999976 0.000040 0.000026 1.000000 0.001989 0.000282 0.999998 0.002842 0.004446 0.999986 0.001934 0.001288 0.999997 
-0.000025 0.000151 1.000000 0.006282 -0.004232 0.999971 0.000189 0.000125 1.000000 0.001907 0.000270 0.999998 0.003294 0.005155 0.999981 0.002205 0.001468 0.999996 
-0.000026 0.000158 1.000000 0.005892 -0.003969 0.999975 0.000076 0.000050 1.000000 0.001877 0.000266 0.999998 0.002984 0.004670 0.999985 0.001996 0.001329 0.999997 
-0.000026 0.000159 1.000000 0.005566 -0.003749 0.999977 -0.000039 -0.000026 1.000000 0.001856 0.000263 0.999998 0.002710 0.004240 0.999987 0.001803 0.001201 0.999998 
-0.000026 0.000158 1.000000 0.005293 -0.003565 0.999980 -0.000171 -0.000113 1.000000 0.001807 0.000256 0.999998 0.002456 0.003843 0.999990 0.001630 0.001085 0.999998 
-0.000025 0.000152 1.000000 0.005073 -0.003417 0.999981 -0.000321 -0.000212 1.000000 0.001718 0.000244 0.999998 0.002233 0.003493 0.999991 0.001468 0.000978 0.999998 
-0.000025 0.000151 1.000000 0.005012 -0.003375 0.999982 -0.000357 -0.000236 1.000000 0.001643 0.000233 0.999999 0.002201 0.003445 0.999992 0.001428 0.000951 0.999999 
-0.000024 0.000146 1.000000 0.004857 -0.003271 0.999983 -0.000533 -0.000352 1.000000 0.001520 0.000216 0.999999 0.002003 0.003134 0.999993 0.001287 0.000857 0.999999 
-0.000023 0.000137 1.000000 0.004742 -0.003194 0.999984 -0.000722 -0.000476 1.000000 0.001366 0.000194 0.999999 0.001827 0.002859 0.999994 0.001156 0.000770 0.999999 
-0.000021 0.000127 1.000000 0.005120 -0.003447 0.999981 -0.000708 -0.000467 1.000000 0.001234 0.000175 0.999999 0.002108 0.003300 0.999992 0.001322 0.000880 0.999999 
-0.000020 0.000121 1.000000 0.004962 -0.003340 0.999982 -0.000868 -0.000573 0.999999 0.001109 0.000157 0.999999 0.001920 0.003006 0.999994 0.001189 0.000791 0.999999 
-0.000020 0.000118 1.000000 0.004815 -0.003242 0.999983 -0.001016 -0.000671 0.999999 0.000987 0.000140 1.000000 0.001746 0.002734 0.999995 0.001072 0.000713 0.999999 
-0.000020 0.000122 1.000000 0.004677 -0.003149 0.999984 -0.001147 -0.000757 0.999999 0.000874 0.000124 1.000000 0.001593 0.002494 0.999996 0.000967 0.000644 0.999999 
-0.000021 0.000126 1.000000 0.004571 -0.003077 0.999985 -0.001283 -0.000847 0.999999 0.000756 0.000107 1.000000 0.001455 0.002277 0.999996 0.000873 0.000581 0.999999 
-0.000021 0.000124 1.000000 0.004505 -0.003033 0.999985 -0.001428 -0.000942 0.999999 0.000646 0.000092 1.000000 0.001329 0.002081 0.999997 0.000786 0.000523 1.000000 
-0.000017 0.000104 1.000000 0.004396 -0.002959 0.999986 -0.001463 -0.000965 0.999998 0.000782 0.000111 1.000000 0.001218 0.001906 0.999997 0.000658 0.000438 1.000000 
-0.000018 0.000111 1.000000 0.004332 -0.002916 0.999986 -0.001578 -0.001041 0.999998 0.000681 0.000097 1.000000 0.001116 0.001746 0.999998 0.000592 0.000394 1.000000 
-0.000017 0.000100 1.000000 0.004247 -0.002859 0.999987 -0.001621 -0.001070 0.999998 0.000730 0.000104 1.000000 0.001028 0.001610 0.999998 0.000503 0.000334 1.000000 
-0.000015 0.000087 1.000000 0.004184 -0.002816 0.999987 -0.001661 -0.001095 0.999998 0.000835 0.000119 1.000000 0.000951 0.001488 0.999998 0.000402 0.000267 1.000000 
-0.000015 0.000091 1.000000 0.004140 -0.002786 0.999988 -0.001741 -0.001148 0.999998 0.000763 0.000109 1.000000 0.000882 0.001382 0.999999 0.000354 0.000235 1.000000 
-0.000013 0.000080 1.000000 0.004038 -0.002718 0.999988 -0.001738 -0.001146 0.999998 0.000842 0.000120 1.000000 0.000818 0.001280 0.999999 0.000276 0.000184 1.000000 
-0.000014 0.000085 1.000000 0.004319 -0.002907 0.999986 -0.001641 -0.001082 0.999998 0.000810 0.000115 1.000000 0.001087 0.001702 0.999998 0.000439 0.000292 1.000000 
-0.000014 0.000086 1.000000 0.004243 -0.002855 0.999987 -0.001622 -0.001070 0.999998 0.000800 0.000114 1.000000 0.001062 0.001664 0.999998 0.000423 0.000281 1.000000 
-0.000015 0.000091 1.000000 0.004614 -0.003104 0.999985 -0.001498 -0.000988 0.999998 0.000779 0.000111 1.000000 0.001396 0.002186 0.999997 0.000640 0.000425 1.000000 
-0.000016 0.000098 1.000000 0.004945 -0.003326 0.999982 -0.001300 -0.000857 0.999999 0.000801 0.000114 1.000000 0.001758 0.002754 0.999995 0.000876 0.000582 0.999999 
-0.000017 0.000101 1.000000 0.004744 -0.003191 0.999984 -0.001335 -0.000880 0.999999 0.000811 0.000116 1.000000 0.001602 0.002511 0.999996 0.000783 0.000520 1.000000 
-0.000017 0.000103 1.000000 0.004588 -0.003086 0.999985 -0.001386 -0.000914 0.999999 0.000812 0.000116 1.000000 0.001465 0.002295 0.999996 0.000697 0.000463 1.000000 
-0.000017 0.000104 1.000000 0.004465 -0.003003 0.999986 -0.001453 -0.000958 0.999998 0.000790 0.000113 1.000000 0.001338 0.002097 0.999997 0.000621 0.000413 1.000000 
-0.000018 0.000108 1.000000 0.004365 -0.002936 0.999986 -0.001529 -0.001008 0.999998 0.000749 0.000107 1.000000 0.001225 0.001920 0.999997 0.000553 0.000368 1.000000 
-0.000018 0.000109 1.000000 0.004355 -0.002929 0.999986 -0.001501 -0.000990 0.999998 0.000740 0.000105 1.000000 0.001247 0.001954 0.999997 0.000567 0.000376 1.000000 
-0.000018 0.000110 1.000000 0.004248 -0.002857 0.999987 -0.001559 -0.001028 0.999998 0.000704 0.000100 1.000000 0.001148 0.001798 0.999998 0.000500 0.000332 1.000000 
-0.000019 0.000111 1.000000 0.004657 -0.003132 0.999984 -0.001015 -0.000669 0.999999 0.000736 0.000105 1.000000 0.001834 0.002874 0.999994 0.000968 0.000643 0.999999 
-0.000019 0.000111 1.000000 0.004549 -0.003059 0.999985 -0.001119 -0.000738 0.999999 0.000760 0.000108 1.000000 0.001673 0.002622 0.999995 0.000863 0.000573 0.999999 
-0.000019 0.000113 1.000000 0.004453 -0.002995 0.999986 -0.001221 -0.000805 0.999999 0.000764 0.000109 1.000000 0.001527 0.002393 0.999996 0.000770 0.000512 1.000000 
-0.000019 0.000112 1.000000 0.004336 -0.002915 0.999986 -0.001309 -0.000863 0.999999 0.000740 0.000106 1.000000 0.001394 0.002184 0.999997 0.000677 0.000449 1.000000 
-0.000019 0.000115 1.000000 0.004875 -0.003277 0.999983 -0.001090 -0.000718 0.999999 0.000794 0.000113 1.000000 0.001892 0.002967 0.999994 0.000988 0.000656 0.999999 
-0.000010 0.000062 1.000000 0.004435 -0.002981 0.999986 -0.000764 -0.000503 1.000000 0.001412 0.000202 0.999999 0.001773 0.002780 0.999995 0.000787 0.000522 1.000000 
-0.000011 0.000064 1.000000 0.004185 -0.002812 0.999987 -0.000602 -0.000396 1.000000 0.001487 0.000213 0.999999 0.001743 0.002734 0.999995 0.000767 0.000508 1.000000 
-0.000012 0.000073 1.000000 0.004053 -0.002723 0.999988 -0.000674 -0.000444 1.000000 0.001516 0.000217 0.999999 0.001594 0.002500 0.999996 0.000678 0.000449 1.000000 
-0.000013 0.000076 1.000000 0.004076 -0.002738 0.999988 -0.000669 -0.000440 1.000000 0.001542 0.000221 0.999999 0.001603 0.002515 0.999996 0.000687 0.000455 1.000000 
-0.000014 0.000081 1.000000 0.004250 -0.002854 0.999987 -0.000656 -0.000432 1.000000 0.001530 0.000219 0.999999 0.001731 0.002716 0.999995 0.000756 0.000501 1.000000 
-0.000008 0.000048 1.000000 0.004040 -0.002713 0.999988 -0.000580 -0.000381 1.000000 0.001885 0.000271 0.999998 0.001581 0.002482 0.999996 0.000603 0.000399 1.000000 
-0.000010 0.000058 1.000000 0.003932 -0.002641 0.999989 -0.000680 -0.000447 1.000000 0.001812 0.000260 0.999998 0.001447 0.002272 0.999996 0.000534 0.000354 1.000000 
-0.000004 0.000026 1.000000 0.003797 -0.002549 0.999990 -0.000653 -0.000429 1.000000 0.002115 0.000304 0.999998 0.001327 0.002083 0.999997 0.000384 0.000254 1.000000 
-0.000006 0.000036 1.000000 0.003723 -0.002500 0.999990 -0.000758 -0.000499 1.000000 0.002007 0.000289 0.999998 0.001218 0.001912 0.999997 0.000334 0.000221 1.000000 
-0.000007 0.000043 1.000000 0.003658 -0.002456 0.999990 -0.000855 -0.000562 0.999999 0.001908 0.000275 0.999998 0.001119 0.001756 0.999998 0.000287 0.000190 1.000000 
-0.000008 0.000047 1.000000 0.003599 -0.002417 0.999991 -0.000941 -0.000619 0.999999 0.001818 0.000262 0.999998 0.001034 0.001623 0.999998 0.000243 0.000161 1.000000 
-0.000003 0.000016 1.000000 0.003939 -0.002645 0.999989 -0.000722 -0.000474 1.000000 0.002122 0.000306 0.999998 0.001368 0.002148 0.999997 0.000373 0.000247 1.000000 
-0.000005 0.000031 1.000000 0.003813 -0.002559 0.999989 -0.000774 -0.000509 1.000000 0.002065 0.000298 0.999998 0.001256 0.001972 0.999997 0.000328 0.000217 1.000000 
-0.000006 0.000036 1.000000 0.004547 -0.003052 0.999985 -0.000594 -0.000390 1.000000 0.002021 0.000291 0.999998 0.001858 0.002916 0.999994 0.000722 0.000477 1.000000 
-0.000009 0.000053 1.000000 0.004306 -0.002890 0.999987 -0.000617 -0.000406 1.000000 0.001988 0.000287 0.999998 0.001696 0.002663 0.999995 0.000645 0.000426 1.000000 
-0.000010 0.000061 1.000000 0.004090 -0.002745 0.999988 -0.000636 -0.000418 1.000000 0.001966 0.000283 0.999998 0.001553 0.002439 0.999996 0.000569 0.000376 1.000000 
-0.000011 0.000063 1.000000 0.004692 -0.003149 0.999984 -0.000201 -0.000132 1.000000 0.002007 0.000290 0.999998 0.002287 0.003593 0.999991 0.001018 0.000673 0.999999 
-0.000012 0.000074 1.000000 0.004334 -0.002908 0.999986 -0.000161 -0.000106 1.000000 0.002047 0.000295 0.999998 0.002080 0.003267 0.999992 0.000921 0.000609 0.999999 
-0.000014 0.000085 1.000000 0.004094 -0.002747 0.999988 -0.000170 -0.000112 1.000000 0.002154 0.000311 0.999998 0.001888 0.002966 0.999994 0.000819 0.000541 1.000000 
-0.000015 0.000091 1.000000 0.003948 -0.002649 0.999989 -0.000222 -0.000146 1.000000 0.002236 0.000323 0.999997 0.001723 0.002707 0.999995 0.000729 0.000482 1.000000 
-0.000014 0.000081 1.000000 0.004336 -0.002909 0.999986 0.000224 0.000147 1.000000 0.002198 0.000317 0.999998 0.002340 0.003677 0.999991 0.001134 0.000749 0.999999 
-0.000014 0.000081 1.000000 0.004195 -0.002813 0.999987 0.000442 0.000290 1.000000 0.002263 0.000327 0.999997 0.002421 0.003805 0.999990 0.001191 0.000786 0.999999 
-0.000146 0.000861 1.000000 0.004403 -0.002951 0.999986 0.000527 0.000346 1.000000 0.003403 0.000492 0.999994 0.002708 0.004258 0.999987 0.001276 0.000842 0.999999 
-0.000121 0.000713 1.000000 0.006339 -0.004248 0.999971 0.000811 0.000533 1.000000 0.003698 0.000536 0.999993 0.003478 0.005471 0.999979 0.002466 0.001627 0.999996 
-0.000105 0.000616 1.000000 0.006413 -0.004297 0.999970 0.000924 0.000606 0.999999 0.004441 0.000645 0.999990 0.002977 0.004684 0.999985 0.002698 0.001779 0.999995 
-0.000100 0.000588 1.000000 0.005827 -0.003905 0.999975 0.001123 0.000737 0.999999 0.004873 0.000707 0.999988 0.002714 0.004269 0.999987 0.002436 0.001606 0.999996 
-0.000093 0.000546 1.000000 0.005643 -0.003781 0.999977 0.001337 0.000877 0.999999 0.005314 0.000772 0.999986 0.002688 0.004228 0.999987 0.002328 0.001535 0.999996 
-0.000088 0.000515 1.000000 0.005881 -0.003939 0.999975 0.001557 0.001022 0.999998 0.005725 0.000831 0.999983 0.002925 0.004603 0.999985 0.002400 0.001582 0.999996 
-0.000061 0.000360 1.000000 0.006117 -0.004096 0.999973 0.001726 0.001133 0.999998 0.006083 0.000884 0.999981 0.003130 0.004927 0.999983 0.002361 0.001557 0.999996 
-0.000056 0.000327 1.000000 0.006768 -0.004530 0.999967 0.001893 0.001243 0.999997 0.006437 0.000936 0.999979 0.003568 0.005618 0.999978 0.002581 0.001702 0.999995 
-0.000051 0.000301 1.000000 0.006199 -0.004149 0.999972 0.001992 0.001308 0.999997 0.006744 0.000980 0.999977 0.003239 0.005102 0.999982 0.002322 0.001531 0.999996 
-0.000046 0.000271 1.000000 0.006553 -0.004385 0.999969 0.002125 0.001395 0.999997 0.007079 0.001030 0.999974 0.003483 0.005488 0.999979 0.002413 0.001591 0.999996 
-0.000042 0.000248 1.000000 0.006580 -0.004402 0.999969 0.002238 0.001469 0.999996 0.007335 0.001067 0.999973 0.003536 0.005572 0.999978 0.002397 0.001580 0.999996 
