-0.000416 -0.000083 1.000000 -0.000282 0.001384 0.999999 -0.000249 0.001380 0.999999 -0.000407 -0.000083 1.000000 
-0.000936 -0.000186 1.000000 -0.000258 0.001265 0.999999 -0.000225 0.001250 0.999999 -0.000927 -0.000190 1.000000 
-0.000853 -0.000170 1.000000 -0.000234 0.001147 0.999999 -0.000204 0.001133 0.999999 -0.000845 -0.000174 1.000000 
-0.000778 -0.000155 1.000000 -0.000211 0.001037 0.999999 -0.000185 0.001024 0.999999 -0.000771 -0.000158 1.000000 
-0.002200 -0.000438 0.999997 -0.000142 0.000694 1.000000 -0.000117 0.000648 1.000000 -0.002193 -0.000451 0.999997 
-0.004839 -0.000966 0.999988 0.000157 -0.000766 1.000000 0.000159 -0.000878 1.000000 -0.004838 -0.000997 0.999988 
-0.005749 -0.001150 0.999983 0.000160 -0.000780 1.000000 0.000165 -0.000912 1.000000 -0.005747 -0.001186 0.999983 
-0.004380 -0.000876 0.999990 0.000359 -0.001755 0.999998 0.000337 -0.001860 0.999998 -0.004385 -0.000905 0.999990 
-0.003081 -0.000616 0.999995 0.000675 -0.003304 0.999994 0.000614 -0.003387 0.999994 -0.003097 -0.000639 0.999995 
-0.000272 -0.000054 1.000000 0.001031 -0.005041 0.999987 0.000920 -0.005068 0.999987 -0.000303 -0.000062 1.000000 
-0.000231 -0.000046 1.000000 0.000984 -0.004812 0.999988 0.000878 -0.004837 0.999988 -0.000260 -0.000054 1.000000 
-0.000185 -0.000037 1.000000 0.001482 -0.007244 0.999973 0.001321 -0.007278 0.999973 -0.000229 -0.000047 1.000000 
-0.000165 -0.000033 1.000000 0.001549 -0.007641 0.999970 0.001379 -0.007676 0.999970 -0.000212 -0.000043 1.000000 
-0.000150 -0.000030 1.000000 0.001481 -0.007304 0.999972 0.001318 -0.007338 0.999972 -0.000195 -0.000040 1.000000 
-0.000135 -0.000027 1.000000 0.001353 -0.006672 0.999977 0.001204 -0.006702 0.999977 -0.000176 -0.000036 1.000000 
-0.000116 -0.000023 1.000000 0.001242 -0.006125 0.999980 0.001105 -0.006153 0.999980 -0.000154 -0.000031 1.000000 
-0.000094 -0.000019 1.000000 0.001753 -0.008647 0.999961 0.001560 -0.008685 0.999961 -0.000147 -0.000030 1.000000 
-0.001994 -0.000272 0.999998 0.001419 -0.010087 0.999948 0.001199 -0.010160 0.999948 -0.002054 -0.000293 0.999998 
0.000221 0.000019 1.000000 0.000017 -0.000196 1.000000 0.000013 -0.000191 1.000000 0.000220 0.000020 1.000000 
0.002148 0.000199 0.999998 0.000137 -0.001415 0.999999 0.000102 -0.001370 0.999999 0.002138 0.000211 0.999998 
0.002897 0.000281 0.999996 0.000504 -0.004970 0.999988 0.000388 -0.004915 0.999988 0.002865 0.000296 0.999996 
0.000665 0.000065 1.000000 0.000690 -0.006760 0.999977 0.000538 -0.006758 0.999977 0.000623 0.000065 1.000000 
0.000450 0.000010 1.000000 0.000227 -0.008702 0.999962 0.000033 -0.008694 0.999962 0.000397 0.000011 1.000000 
0.000369 -0.000001 1.000000 0.000005 -0.007731 0.999970 -0.000167 -0.007719 0.999970 0.000322 0.000001 1.000000 
0.000290 -0.000000 1.000000 0.000020 -0.006533 0.999979 -0.000126 -0.006524 0.999979 0.000250 0.000001 1.000000 
0.000244 -0.000000 1.000000 0.000017 -0.005905 0.999983 -0.000115 -0.005897 0.999983 0.000207 0.000001 1.000000 
0.000335 -0.000003 1.000000 -0.000622 0.000047 1.000000 -0.000488 -0.006599 0.999978 -0.000890 0.001239 0.999999 -0.000220 -0.006779 0.999977 -0.000602 0.000819 0.999999 
0.000285 -0.000005 1.000000 -0.000587 0.000049 1.000000 -0.000454 -0.005526 0.999985 -0.000607 0.000846 0.999999 -0.000276 -0.006570 0.999978 -0.000547 0.000745 1.000000 
0.000230 -0.000007 1.000000 -0.000522 0.000048 1.000000 -0.000555 -0.006135 0.999981 -0.000075 0.000105 1.000000 -0.000489 -0.009105 0.999958 -0.000488 0.000671 1.000000 
0.000189 -0.000008 1.000000 -0.000454 0.000045 1.000000 -0.000771 -0.007853 0.999969 0.000384 -0.000546 1.000000 -0.000842 -0.012498 0.999922 -0.000432 0.000600 1.000000 
0.000170 -0.000009 1.000000 -0.000381 0.000040 1.000000 -0.000909 -0.008833 0.999961 0.000633 -0.000905 0.999999 -0.001098 -0.014272 0.999898 -0.000383 0.000536 1.000000 
0.002187 -0.000122 0.999998 0.000118 -0.000013 1.000000 -0.000880 -0.008417 0.999964 0.000773 -0.001109 0.999999 -0.001330 -0.016633 0.999861 -0.000330 0.000463 1.000000 
0.001991 -0.000112 0.999998 0.000113 -0.000012 1.000000 -0.000739 -0.007054 0.999975 0.000844 -0.001211 0.999999 -0.001216 -0.015155 0.999884 -0.000302 0.000424 1.000000 
0.001682 -0.000094 0.999999 0.000405 -0.000043 1.000000 -0.000663 -0.006308 0.999980 0.000911 -0.001306 0.999999 -0.001036 -0.012916 0.999916 -0.000106 0.000149 1.000000 
0.001234 -0.000069 0.999999 0.000153 -0.000016 1.000000 -0.000445 -0.004237 0.999991 0.000782 -0.001121 0.999999 -0.000800 -0.009976 0.999950 -0.000116 0.000163 1.000000 
0.000689 -0.000039 1.000000 0.000154 -0.000016 1.000000 -0.000210 -0.002000 0.999998 0.000581 -0.000833 0.999999 -0.000521 -0.006501 0.999979 -0.000242 0.000339 1.000000 
0.000488 -0.000027 1.000000 0.000278 -0.000030 1.000000 -0.000045 -0.000426 1.000000 0.000200 -0.000287 1.000000 -0.000212 -0.002646 0.999996 -0.000231 0.000324 1.000000 
0.000381 -0.000021 1.000000 0.001151 -0.000126 0.999999 -0.000004 -0.000034 1.000000 0.000085 -0.000122 1.000000 -0.000133 -0.001658 0.999999 -0.000572 0.000802 1.000000 
-0.000646 0.000036 1.000000 0.002214 -0.000243 0.999998 0.000144 0.001330 0.999999 0.000145 -0.000207 1.000000 -0.000113 -0.001406 0.999999 -0.001538 0.002158 0.999996 
-0.000410 0.000023 1.000000 0.003591 -0.000396 0.999993 0.000372 0.003425 0.999994 0.000057 -0.000082 1.000000 -0.000077 -0.000956 1.000000 -0.002435 0.003432 0.999991 
-0.000086 0.000005 1.000000 0.005021 -0.000558 0.999987 0.000563 0.005151 0.999987 -0.000043 0.000062 1.000000 -0.000050 -0.000627 1.000000 -0.003271 0.004637 0.999984 
-0.000070 0.000004 1.000000 0.006180 -0.000691 0.999981 0.000744 0.006770 0.999977 -0.000048 0.000070 1.000000 -0.000043 -0.000536 1.000000 -0.004052 0.005769 0.999975 
0.001175 -0.000066 0.999999 0.007055 -0.000792 0.999975 0.000890 0.008058 0.999967 -0.000508 0.000742 1.000000 0.000044 0.000544 1.000000 -0.004451 0.006355 0.999970 
-0.001433 0.000079 0.999999 0.007522 -0.000845 0.999971 0.001007 0.009117 0.999958 -0.000547 0.000800 1.000000 0.000213 0.002672 0.999996 -0.005364 0.007680 0.999956 
-0.003428 0.000189 0.999994 0.007655 -0.000858 0.999970 0.001087 0.009863 0.999951 -0.000138 0.000203 1.000000 -0.000017 -0.000213 1.000000 -0.006546 0.009392 0.999934 
-0.001389 0.000076 0.999999 0.007805 -0.000875 0.999969 0.001108 0.010052 0.999949 -0.000778 0.001141 0.999999 0.000153 0.001935 0.999998 -0.006081 0.008718 0.999944 
-0.002813 0.000155 0.999996 0.007861 -0.000880 0.999969 0.001077 0.009776 0.999952 -0.000612 0.000899 0.999999 0.000163 0.002060 0.999998 -0.006349 0.009108 0.999938 
-0.001965 0.000108 0.999998 0.007971 -0.000893 0.999968 0.001004 0.009113 0.999958 -0.000604 0.000886 0.999999 0.000097 0.001229 0.999999 -0.006109 0.008764 0.999943 
-0.001767 0.000097 0.999998 0.007932 -0.000889 0.999968 0.000929 0.008426 0.999964 -0.000549 0.000806 1.000000 0.000087 0.001099 0.999999 -0.005835 0.008371 0.999948 
-0.001049 0.000057 0.999999 0.007838 -0.000879 0.999969 0.000826 0.007488 0.999972 -0.000915 0.001342 0.999999 0.000119 0.001507 0.999999 -0.005610 0.008047 0.999952 
-0.000940 0.000052 1.000000 0.007659 -0.000860 0.999970 0.000715 0.006477 0.999979 -0.000829 0.001216 0.999999 0.000106 0.001345 0.999999 -0.005215 0.007480 0.999958 
-0.000844 0.000046 1.000000 0.007486 -0.000841 0.999972 0.000597 0.005400 0.999985 -0.000750 0.001101 0.999999 0.000095 0.001200 0.999999 -0.004816 0.006907 0.999965 
0.000472 -0.000026 1.000000 0.007280 -0.000818 0.999973 0.000475 0.004295 0.999991 -0.000776 0.001139 0.999999 -0.000024 -0.000306 1.000000 -0.004379 0.006281 0.999971 
0.000423 -0.000023 1.000000 0.007029 -0.000791 0.999975 0.000352 0.003177 0.999995 -0.000701 0.001028 0.999999 -0.000023 -0.000289 1.000000 -0.003960 0.005680 0.999976 
0.000376 -0.000021 1.000000 0.006813 -0.000768 0.999976 0.000233 0.002097 0.999998 -0.000632 0.000927 0.999999 -0.000022 -0.000276 1.000000 -0.003570 0.005120 0.999981 
0.000425 -0.000023 1.000000 0.006573 -0.000742 0.999978 0.000127 0.001140 0.999999 -0.000582 0.000854 0.999999 -0.000025 -0.000322 1.000000 -0.003198 0.004587 0.999984 
0.000380 -0.000021 1.000000 0.006268 -0.000707 0.999980 0.000042 0.000381 1.000000 -0.000557 0.000817 1.000000 -0.000025 -0.000315 1.000000 -0.002896 0.004155 0.999987 
0.000337 -0.000018 1.000000 0.005928 -0.000666 0.999982 -0.000015 -0.000139 1.000000 -0.000556 0.000817 1.000000 -0.000025 -0.000311 1.000000 -0.002663 0.003821 0.999989 
0.000298 -0.000016 1.000000 0.005525 -0.000620 0.999985 -0.000030 -0.000273 1.000000 -0.000527 0.000773 1.000000 -0.000024 -0.000306 1.000000 -0.002466 0.003539 0.999991 
0.000092 -0.000005 1.000000 0.005154 -0.000577 0.999987 -0.000032 -0.000291 1.000000 -0.000450 0.000661 1.000000 -0.000036 -0.000462 1.000000 -0.002357 0.003382 0.999992 
0.000076 -0.000004 1.000000 0.004844 -0.000542 0.999988 -0.000038 -0.000346 1.000000 -0.000423 0.000621 1.000000 -0.000035 -0.000444 1.000000 -0.002203 0.003163 0.999993 
0.000067 -0.000004 1.000000 0.004567 -0.000511 0.999989 -0.000049 -0.000450 1.000000 -0.000408 0.000599 1.000000 -0.000034 -0.000433 1.000000 -0.002063 0.002961 0.999993 
0.000060 -0.000003 1.000000 0.004352 -0.000486 0.999990 -0.000061 -0.000559 1.000000 -0.000397 0.000583 1.000000 -0.000033 -0.000418 1.000000 -0.001946 0.002794 0.999994 
0.000050 -0.000003 1.000000 0.004204 -0.000470 0.999991 -0.000073 -0.000662 1.000000 -0.000387 0.000568 1.000000 -0.000032 -0.000409 1.000000 -0.001859 0.002669 0.999995 
-0.000914 0.000050 1.000000 0.004121 -0.000460 0.999991 -0.000078 -0.000710 1.000000 -0.000170 0.000249 1.000000 -0.000098 -0.001246 0.999999 -0.002133 0.003063 0.999993 
-0.001557 0.000085 0.999999 0.004103 -0.000458 0.999991 -0.000082 -0.000745 1.000000 -0.000069 0.000101 1.000000 -0.000114 -0.001445 0.999999 -0.002291 0.003291 0.999992 
-0.000688 0.000037 1.000000 0.004108 -0.000458 0.999991 -0.000082 -0.000744 1.000000 -0.000136 0.000199 1.000000 -0.000166 -0.002109 0.999998 -0.002202 0.003163 0.999993 
-0.000613 0.000033 1.000000 0.004168 -0.000464 0.999991 -0.000079 -0.000720 1.000000 -0.000134 0.000197 1.000000 -0.000153 -0.001945 0.999998 -0.002163 0.003107 0.999993 
-0.000547 0.000030 1.000000 0.004240 -0.000472 0.999991 -0.000075 -0.000682 1.000000 -0.000130 0.000191 1.000000 -0.000141 -0.001794 0.999998 -0.002134 0.003067 0.999993 
-0.000847 0.000046 1.000000 0.004255 -0.000474 0.999991 -0.000069 -0.000631 1.000000 -0.000081 0.000119 1.000000 -0.000200 -0.002546 0.999997 -0.002383 0.003424 0.999991 
-0.000221 0.000012 1.000000 0.004332 -0.000482 0.999991 -0.000063 -0.000576 1.000000 -0.000120 0.000176 1.000000 -0.000231 -0.002946 0.999996 -0.002330 0.003349 0.999992 
-0.000191 0.000010 1.000000 0.004385 -0.000488 0.999990 -0.000059 -0.000535 1.000000 -0.000114 0.000168 1.000000 -0.000212 -0.002711 0.999996 -0.002288 0.003288 0.999992 
0.000694 -0.000038 1.000000 0.004418 -0.000492 0.999990 -0.000046 -0.000419 1.000000 -0.000339 0.000499 1.000000 -0.000152 -0.001940 0.999998 -0.002064 0.002966 0.999993 
0.000628 -0.000034 1.000000 0.004409 -0.000491 0.999990 -0.000042 -0.000383 1.000000 -0.000311 0.000457 1.000000 -0.000141 -0.001791 0.999998 -0.002029 0.002915 0.999994 
0.000571 -0.000031 1.000000 0.004402 -0.000490 0.999990 -0.000039 -0.000360 1.000000 -0.000286 0.000421 1.000000 -0.000131 -0.001665 0.999999 -0.001997 0.002870 0.999994 
-0.001062 0.000057 0.999999 0.004383 -0.000488 0.999990 -0.000037 -0.000338 1.000000 0.000069 -0.000101 1.000000 -0.000231 -0.002955 0.999996 -0.002512 0.003612 0.999990 
-0.000953 0.000051 1.000000 0.004429 -0.000493 0.999990 -0.000037 -0.000335 1.000000 0.000052 -0.000077 1.000000 -0.000211 -0.002701 0.999996 -0.002449 0.003521 0.999991 
-0.000856 0.000046 1.000000 0.004487 -0.000499 0.999990 -0.000034 -0.000315 1.000000 0.000040 -0.000059 1.000000 -0.000193 -0.002473 0.999997 -0.002400 0.003450 0.999991 
-0.000767 0.000041 1.000000 0.004557 -0.000507 0.999989 -0.000031 -0.000282 1.000000 0.000031 -0.000046 1.000000 -0.000177 -0.002270 0.999997 -0.002363 0.003397 0.999991 
-0.000683 0.000037 1.000000 0.004629 -0.000515 0.999989 -0.000027 -0.000246 1.000000 0.000023 -0.000034 1.000000 -0.000163 -0.002086 0.999998 -0.002333 0.003355 0.999992 
-0.000606 0.000033 1.000000 0.004700 -0.000523 0.999989 -0.000023 -0.000206 1.000000 0.000016 -0.000024 1.000000 -0.000150 -0.001918 0.999998 -0.002309 0.003319 0.999992 
-0.000535 0.000029 1.000000 0.004762 -0.000530 0.999989 -0.000014 -0.000126 1.000000 0.000014 -0.000021 1.000000 -0.000138 -0.001765 0.999998 -0.002291 0.003294 0.999992 
-0.000473 0.000026 1.000000 0.004815 -0.000536 0.999988 -0.000006 -0.000051 1.000000 0.000012 -0.000018 1.000000 -0.000127 -0.001628 0.999999 -0.002275 0.003272 0.999992 
-0.000418 0.000023 1.000000 0.004863 -0.000541 0.999988 -0.000003 -0.000031 1.000000 0.000008 -0.000012 1.000000 -0.000118 -0.001503 0.999999 -0.002253 0.003240 0.999992 
-0.000367 0.000020 1.000000 0.004903 -0.000546 0.999988 0.000002 0.000020 1.000000 0.000006 -0.000009 1.000000 -0.000109 -0.001392 0.999999 -0.002238 0.003218 0.999992 
-0.000323 0.000017 1.000000 0.004939 -0.000550 0.999988 0.000004 0.000034 1.000000 0.000003 -0.000005 1.000000 -0.000102 -0.001307 0.999999 -0.002221 0.003194 0.999992 
-0.000284 0.000015 1.000000 0.004972 -0.000554 0.999987 0.000005 0.000048 1.000000 0.000001 -0.000001 1.000000 -0.000096 -0.001224 0.999999 -0.002206 0.003172 0.999993 
-0.000250 0.000013 1.000000 0.005000 -0.000557 0.999987 0.000006 0.000058 1.000000 -0.000001 0.000002 1.000000 -0.000091 -0.001158 0.999999 -0.002193 0.003153 0.999993 
-0.000218 0.000012 1.000000 0.005026 -0.000560 0.999987 0.000010 0.000088 1.000000 -0.000001 0.000002 1.000000 -0.000085 -0.001090 0.999999 -0.002182 0.003137 0.999993 
-0.000188 0.000010 1.000000 0.005051 -0.000562 0.999987 0.000010 0.000095 1.000000 -0.000003 0.000004 1.000000 -0.000080 -0.001030 0.999999 -0.002169 0.003119 0.999993 
-0.000156 0.000008 1.000000 0.005075 -0.000565 0.999987 0.000012 0.000107 1.000000 -0.000005 0.000007 1.000000 -0.000076 -0.000975 1.000000 -0.002159 0.003104 0.999993 
-0.000007 0.000000 1.000000 0.005099 -0.000568 0.999987 0.000013 0.000118 1.000000 -0.000044 0.000064 1.000000 -0.000066 -0.000841 1.000000 -0.002126 0.003057 0.999993 
0.001753 -0.000095 0.999998 0.005092 -0.000567 0.999987 0.000012 0.000109 1.000000 -0.000216 0.000317 1.000000 -0.000190 -0.002424 0.999997 -0.002030 0.002919 0.999994 
-0.000545 0.000029 1.000000 0.005024 -0.000559 0.999987 0.000008 0.000069 1.000000 0.000225 -0.000331 1.000000 -0.000315 -0.004036 0.999992 -0.002737 0.003940 0.999988 
-0.000483 0.000026 1.000000 0.005025 -0.000559 0.999987 0.000002 0.000016 1.000000 0.000186 -0.000274 1.000000 -0.000285 -0.003651 0.999993 -0.002654 0.003820 0.999989 
-0.000428 0.000023 1.000000 0.005031 -0.000560 0.999987 -0.000001 -0.000010 1.000000 0.000155 -0.000229 1.000000 -0.000259 -0.003312 0.999994 -0.002584 0.003719 0.999990 
-0.000378 0.000020 1.000000 0.005049 -0.000562 0.999987 -0.000003 -0.000027 1.000000 0.000130 -0.000191 1.000000 -0.000235 -0.003013 0.999995 -0.002526 0.003636 0.999990 
-0.000333 0.000018 1.000000 0.005079 -0.000565 0.999987 -0.000004 -0.000036 1.000000 0.000109 -0.000160 1.000000 -0.000215 -0.002751 0.999996 -0.002480 0.003570 0.999991 
-0.000286 0.000015 1.000000 0.005114 -0.000569 0.999987 -0.000004 -0.000035 1.000000 0.000090 -0.000133 1.000000 -0.000197 -0.002518 0.999997 -0.002442 0.003514 0.999991 
-0.000247 0.000013 1.000000 0.005148 -0.000573 0.999987 -0.000001 -0.000013 1.000000 0.000077 -0.000113 1.000000 -0.000181 -0.002311 0.999997 -0.002411 0.003470 0.999991 
-0.000211 0.000011 1.000000 0.005180 -0.000576 0.999986 -0.000000 -0.000001 1.000000 0.000064 -0.000095 1.000000 -0.000166 -0.002120 0.999998 -0.002382 0.003428 0.999991 
-0.000178 0.000010 1.000000 0.005208 -0.000580 0.999986 0.000002 0.000016 1.000000 0.000054 -0.000080 1.000000 -0.000153 -0.001957 0.999998 -0.002357 0.003392 0.999991 
-0.000148 0.000008 1.000000 0.005234 -0.000582 0.999986 0.000002 0.000019 1.000000 0.000044 -0.000065 1.000000 -0.000141 -0.001811 0.999998 -0.002333 0.003358 0.999992 
0.000372 -0.000020 1.000000 0.005258 -0.000585 0.999986 0.000002 0.000020 1.000000 -0.000003 0.000005 1.000000 -0.000175 -0.002236 0.999997 -0.002301 0.003313 0.999992 
0.000809 -0.000044 1.000000 0.005246 -0.000584 0.999986 -0.000000 -0.000001 1.000000 -0.000091 0.000134 1.000000 -0.000174 -0.002234 0.999997 -0.002226 0.003203 0.999992 
0.000739 -0.000040 1.000000 0.005202 -0.000579 0.999986 -0.000004 -0.000034 1.000000 -0.000099 0.000146 1.000000 -0.000159 -0.002033 0.999998 -0.002189 0.003151 0.999993 
0.000657 -0.000035 1.000000 0.005153 -0.000573 0.999987 -0.000008 -0.000076 1.000000 -0.000102 0.000151 1.000000 -0.000145 -0.001858 0.999998 -0.002154 0.003101 0.999993 
-0.000527 0.000028 1.000000 0.005052 -0.000562 0.999987 -0.000012 -0.000105 1.000000 0.000031 -0.000046 1.000000 -0.000181 -0.002330 0.999997 -0.002508 0.003611 0.999990 
-0.000467 0.000025 1.000000 0.005034 -0.000560 0.999987 -0.000015 -0.000133 1.000000 0.000016 -0.000024 1.000000 -0.000167 -0.002149 0.999998 -0.002446 0.003523 0.999991 
-0.000411 0.000022 1.000000 0.005040 -0.000560 0.999987 -0.000016 -0.000151 1.000000 0.000007 -0.000010 1.000000 -0.000154 -0.001979 0.999998 -0.002395 0.003449 0.999991 
-0.000360 0.000019 1.000000 0.005058 -0.000562 0.999987 -0.000017 -0.000156 1.000000 -0.000004 0.000006 1.000000 -0.000142 -0.001820 0.999998 -0.002356 0.003393 0.999991 
-0.000312 0.000017 1.000000 0.005091 -0.000566 0.999987 -0.000017 -0.000151 1.000000 -0.000012 0.000017 1.000000 -0.000131 -0.001684 0.999999 -0.002328 0.003353 0.999992 
-0.000264 0.000014 1.000000 0.005135 -0.000571 0.999987 -0.000015 -0.000136 1.000000 -0.000015 0.000023 1.000000 -0.000121 -0.001560 0.999999 -0.002306 0.003321 0.999992 
-0.000224 0.000012 1.000000 0.005174 -0.000575 0.999986 -0.000013 -0.000121 1.000000 -0.000019 0.000028 1.000000 -0.000113 -0.001454 0.999999 -0.002289 0.003296 0.999992 
-0.000188 0.000010 1.000000 0.005207 -0.000579 0.999986 -0.000012 -0.000110 1.000000 -0.000021 0.000031 1.000000 -0.000107 -0.001371 0.999999 -0.002273 0.003274 0.999992 
-0.000153 0.000008 1.000000 0.005238 -0.000582 0.999986 -0.000011 -0.000097 1.000000 -0.000023 0.000034 1.000000 -0.000101 -0.001300 0.999999 -0.002260 0.003255 0.999992 
-0.000122 0.000007 1.000000 0.005265 -0.000585 0.999986 -0.000007 -0.000061 1.000000 -0.000022 0.000032 1.000000 -0.000097 -0.001241 0.999999 -0.002252 0.003243 0.999992 
-0.000094 0.000005 1.000000 0.005291 -0.000588 0.999986 -0.000006 -0.000051 1.000000 -0.000022 0.000032 1.000000 -0.000092 -0.001188 0.999999 -0.002242 0.003229 0.999992 
-0.000070 0.000004 1.000000 0.005314 -0.000591 0.999986 -0.000005 -0.000042 1.000000 -0.000023 0.000034 1.000000 -0.000088 -0.001135 0.999999 -0.002232 0.003215 0.999992 
-0.000045 0.000002 1.000000 0.005335 -0.000593 0.999986 -0.000004 -0.000035 1.000000 -0.000025 0.000037 1.000000 -0.000084 -0.001078 0.999999 -0.002222 0.003200 0.999992 
-0.000024 0.000001 1.000000 0.005353 -0.000595 0.999985 -0.000003 -0.000028 1.000000 -0.000026 0.000038 1.000000 -0.000081 -0.001036 0.999999 -0.002214 0.003188 0.999992 
-0.000007 0.000000 1.000000 0.005368 -0.000597 0.999985 -0.000003 -0.000023 1.000000 -0.000026 0.000038 1.000000 -0.000078 -0.001009 0.999999 -0.002208 0.003180 0.999993 
-0.000001 0.000000 1.000000 0.005375 -0.000598 0.999985 -0.000003 -0.000027 1.000000 -0.000028 0.000041 1.000000 -0.000075 -0.000964 1.000000 -0.002199 0.003167 0.999993 
0.000003 -0.000000 1.000000 0.005380 -0.000598 0.999985 -0.000004 -0.000034 1.000000 -0.000030 0.000044 1.000000 -0.000071 -0.000916 1.000000 -0.002188 0.003152 0.999993 
0.000007 -0.000000 1.000000 0.005385 -0.000599 0.999985 -0.000004 -0.000040 1.000000 -0.000031 0.000046 1.000000 -0.000068 -0.000872 1.000000 -0.002179 0.003138 0.999993 
-0.000248 0.000013 1.000000 0.005384 -0.000599 0.999985 -0.000005 -0.000046 1.000000 -0.000027 0.000040 1.000000 -0.000055 -0.000701 1.000000 -0.002225 0.003205 0.999992 
-0.000212 0.000011 1.000000 0.005401 -0.000600 0.999985 -0.000005 -0.000049 1.000000 -0.000029 0.000043 1.000000 -0.000053 -0.000687 1.000000 -0.002217 0.003193 0.999992 
-0.000181 0.000010 1.000000 0.005420 -0.000602 0.999985 -0.000005 -0.000048 1.000000 -0.000031 0.000046 1.000000 -0.000052 -0.000671 1.000000 -0.002211 0.003184 0.999992 
-0.000151 0.000008 1.000000 0.005440 -0.000605 0.999985 -0.000005 -0.000044 1.000000 -0.000032 0.000047 1.000000 -0.000051 -0.000658 1.000000 -0.002206 0.003178 0.999993 
-0.000126 0.000007 1.000000 0.005458 -0.000607 0.999985 -0.000005 -0.000041 1.000000 -0.000033 0.000048 1.000000 -0.000051 -0.000652 1.000000 -0.002203 0.003174 0.999993 
-0.000097 0.000005 1.000000 0.005475 -0.000609 0.999985 -0.000005 -0.000043 1.000000 -0.000034 0.000050 1.000000 -0.000050 -0.000647 1.000000 -0.002200 0.003168 0.999993 
-0.000070 0.000004 1.000000 0.005492 -0.000611 0.999985 -0.000005 -0.000045 1.000000 -0.000036 0.000053 1.000000 -0.000050 -0.000644 1.000000 -0.002197 0.003164 0.999993 
-0.000047 0.000002 1.000000 0.005507 -0.000612 0.999985 -0.000005 -0.000048 1.000000 -0.000038 0.000056 1.000000 -0.000050 -0.000640 1.000000 -0.002194 0.003160 0.999993 
-0.000023 0.000001 1.000000 0.005520 -0.000614 0.999985 -0.000006 -0.000053 1.000000 -0.000039 0.000058 1.000000 -0.000050 -0.000642 1.000000 -0.002191 0.003156 0.999993 
-0.000005 0.000000 1.000000 0.005530 -0.000615 0.999985 -0.000006 -0.000056 1.000000 -0.000041 0.000060 1.000000 -0.000050 -0.000640 1.000000 -0.002189 0.003152 0.999993 
0.000001 -0.000000 1.000000 0.005534 -0.000615 0.999985 -0.000007 -0.000063 1.000000 -0.000042 0.000062 1.000000 -0.000049 -0.000630 1.000000 -0.002185 0.003147 0.999993 
0.000998 -0.000054 1.000000 0.005503 -0.000612 0.999985 -0.000008 -0.000074 1.000000 -0.000354 0.000521 1.000000 -0.000104 -0.001338 0.999999 -0.002302 0.003314 0.999992 
0.000905 -0.000049 1.000000 0.005452 -0.000606 0.999985 -0.000013 -0.000115 1.000000 -0.000331 0.000488 1.000000 -0.000098 -0.001260 0.999999 -0.002265 0.003262 0.999992 
0.000822 -0.000044 1.000000 0.005398 -0.000600 0.999985 -0.000018 -0.000165 1.000000 -0.000314 0.000463 1.000000 -0.000092 -0.001184 0.999999 -0.002228 0.003209 0.999992 
0.000749 -0.000040 1.000000 0.005338 -0.000593 0.999986 -0.000024 -0.000219 1.000000 -0.000299 0.000440 1.000000 -0.000088 -0.001126 0.999999 -0.002191 0.003155 0.999993 
0.000682 -0.000037 1.000000 0.005277 -0.000586 0.999986 -0.000028 -0.000253 1.000000 -0.000281 0.000414 1.000000 -0.000084 -0.001074 0.999999 -0.002154 0.003103 0.999993 
0.000622 -0.000033 1.000000 0.005223 -0.000580 0.999986 -0.000030 -0.000279 1.000000 -0.000266 0.000391 1.000000 -0.000079 -0.001017 0.999999 -0.002121 0.003054 0.999993 
-0.000805 0.000043 1.000000 0.005220 -0.000579 0.999986 -0.000031 -0.000285 1.000000 0.000010 -0.000015 1.000000 -0.000188 -0.002430 0.999997 -0.002670 0.003849 0.999989 
-0.001819 0.000097 0.999998 0.005404 -0.000599 0.999985 -0.000035 -0.000318 1.000000 0.000201 -0.000297 1.000000 -0.000226 -0.002921 0.999996 -0.003007 0.004338 0.999986 
-0.001615 0.000086 0.999999 0.005357 -0.000593 0.999985 -0.000038 -0.000352 1.000000 0.000155 -0.000229 1.000000 -0.000205 -0.002652 0.999996 -0.002894 0.004175 0.999987 
-0.001444 0.000077 0.999999 0.005461 -0.000605 0.999985 -0.000082 -0.000753 1.000000 0.000146 -0.000216 1.000000 -0.000189 -0.002444 0.999997 -0.002738 0.003950 0.999988 
-0.001289 0.000068 0.999999 0.005400 -0.000598 0.999985 -0.000079 -0.000727 1.000000 0.000119 -0.000175 1.000000 -0.000175 -0.002261 0.999997 -0.002653 0.003827 0.999989 
-0.001487 0.000079 0.999999 0.005339 -0.000591 0.999986 -0.000076 -0.000697 1.000000 0.000088 -0.000130 1.000000 -0.000137 -0.001770 0.999998 -0.002628 0.003792 0.999989 
-0.001323 0.000070 0.999999 0.005295 -0.000586 0.999986 -0.000074 -0.000680 1.000000 0.000065 -0.000097 1.000000 -0.000128 -0.001657 0.999999 -0.002554 0.003685 0.999990 
-0.001177 0.000063 0.999999 0.005268 -0.000583 0.999986 -0.000073 -0.000670 1.000000 0.000044 -0.000065 1.000000 -0.000120 -0.001546 0.999999 -0.002490 0.003593 0.999990 
-0.001048 0.000056 0.999999 0.005261 -0.000582 0.999986 -0.000071 -0.000650 1.000000 0.000029 -0.000043 1.000000 -0.000113 -0.001457 0.999999 -0.002441 0.003522 0.999991 
-0.000932 0.000050 1.000000 0.005273 -0.000584 0.999986 -0.000069 -0.000631 1.000000 0.000015 -0.000022 1.000000 -0.000106 -0.001372 0.999999 -0.002403 0.003468 0.999991 
-0.000665 0.000035 1.000000 0.005309 -0.000588 0.999986 -0.000067 -0.000611 1.000000 -0.000008 0.000011 1.000000 -0.000117 -0.001513 0.999999 -0.002381 0.003436 0.999991 
-0.000581 0.000031 1.000000 0.005352 -0.000592 0.999986 -0.000063 -0.000579 1.000000 -0.000016 0.000024 1.000000 -0.000110 -0.001425 0.999999 -0.002362 0.003408 0.999991 
-0.000508 0.000027 1.000000 0.005408 -0.000599 0.999985 -0.000058 -0.000533 1.000000 -0.000023 0.000034 1.000000 -0.000102 -0.001327 0.999999 -0.002351 0.003393 0.999991 
-0.000440 0.000023 1.000000 0.005465 -0.000605 0.999985 -0.000053 -0.000487 1.000000 -0.000027 0.000039 1.000000 -0.000097 -0.001253 0.999999 -0.002345 0.003384 0.999992 
-0.000379 0.000020 1.000000 0.005515 -0.000610 0.999985 -0.000049 -0.000446 1.000000 -0.000030 0.000045 1.000000 -0.000092 -0.001189 0.999999 -0.002340 0.003376 0.999992 
-0.000326 0.000017 1.000000 0.005559 -0.000615 0.999984 -0.000045 -0.000410 1.000000 -0.000032 0.000047 1.000000 -0.000088 -0.001143 0.999999 -0.002336 0.003371 0.999992 
-0.000278 0.000015 1.000000 0.005599 -0.000620 0.999984 -0.000041 -0.000379 1.000000 -0.000033 0.000049 1.000000 -0.000085 -0.001105 0.999999 -0.002333 0.003366 0.999992 
-0.000233 0.000012 1.000000 0.005634 -0.000624 0.999984 -0.000038 -0.000352 1.000000 -0.000034 0.000050 1.000000 -0.000083 -0.001069 0.999999 -0.002329 0.003360 0.999992 
-0.000195 0.000010 1.000000 0.005665 -0.000627 0.999984 -0.000036 -0.000327 1.000000 -0.000036 0.000052 1.000000 -0.000080 -0.001031 0.999999 -0.002325 0.003355 0.999992 
-0.000155 0.000008 1.000000 0.005696 -0.000630 0.999984 -0.000033 -0.000306 1.000000 -0.000037 0.000055 1.000000 -0.000078 -0.001005 0.999999 -0.002322 0.003351 0.999992 
-0.000119 0.000006 1.000000 0.005724 -0.000634 0.999983 -0.000031 -0.000287 1.000000 -0.000038 0.000056 1.000000 -0.000076 -0.000982 1.000000 -0.002320 0.003347 0.999992 
-0.000086 0.000005 1.000000 0.005748 -0.000636 0.999983 -0.000030 -0.000271 1.000000 -0.000039 0.000058 1.000000 -0.000074 -0.000964 1.000000 -0.002317 0.003344 0.999992 
-0.000062 0.000003 1.000000 0.005767 -0.000638 0.999983 -0.000028 -0.000259 1.000000 -0.000040 0.000060 1.000000 -0.000073 -0.000945 1.000000 -0.002315 0.003340 0.999992 
-0.000033 0.000002 1.000000 0.005786 -0.000640 0.999983 -0.000027 -0.000249 1.000000 -0.000042 0.000062 1.000000 -0.000072 -0.000930 1.000000 -0.002312 0.003336 0.999992 
-0.000008 0.000000 1.000000 0.005801 -0.000642 0.999983 -0.000026 -0.000242 1.000000 -0.000044 0.000065 1.000000 -0.000071 -0.000916 1.000000 -0.002309 0.003331 0.999992 
0.000003 -0.000000 1.000000 0.005810 -0.000643 0.999983 -0.000026 -0.000239 1.000000 -0.000046 0.000067 1.000000 -0.000069 -0.000891 1.000000 -0.002304 0.003325 0.999992 
0.000011 -0.000001 1.000000 0.005816 -0.000644 0.999983 -0.000026 -0.000238 1.000000 -0.000047 0.000069 1.000000 -0.000067 -0.000868 1.000000 -0.002300 0.003319 0.999992 
0.000016 -0.000001 1.000000 0.005819 -0.000644 0.999983 -0.000026 -0.000239 1.000000 -0.000049 0.000072 1.000000 -0.000065 -0.000845 1.000000 -0.002296 0.003313 0.999992 
0.000021 -0.000001 1.000000 0.005823 -0.000644 0.999983 -0.000026 -0.000242 1.000000 -0.000050 0.000075 1.000000 -0.000064 -0.000823 1.000000 -0.002291 0.003306 0.999992 
0.000025 -0.000001 1.000000 0.005825 -0.000645 0.999983 -0.000026 -0.000243 1.000000 -0.000052 0.000077 1.000000 -0.000062 -0.000804 1.000000 -0.002288 0.003301 0.999992 
0.000033 -0.000002 1.000000 0.005831 -0.000645 0.999983 -0.000027 -0.000244 1.000000 -0.000054 0.000079 1.000000 -0.000060 -0.000783 1.000000 -0.002284 0.003296 0.999992 
0.000042 -0.000002 1.000000 0.005835 -0.000646 0.999983 -0.000027 -0.000247 1.000000 -0.000056 0.000082 1.000000 -0.000060 -0.000774 1.000000 -0.002281 0.003292 0.999992 
0.000042 -0.000002 1.000000 0.005834 -0.000646 0.999983 -0.000028 -0.000253 1.000000 -0.000058 0.000085 1.000000 -0.000058 -0.000758 1.000000 -0.002278 0.003287 0.999992 
0.000047 -0.000003 1.000000 0.005836 -0.000646 0.999983 -0.000028 -0.000256 1.000000 -0.000059 0.000087 1.000000 -0.000058 -0.000751 1.000000 -0.002276 0.003284 0.999992 
0.000048 -0.000003 1.000000 0.005836 -0.000646 0.999983 -0.000028 -0.000260 1.000000 -0.000061 0.000089 1.000000 -0.000057 -0.000736 1.000000 -0.002273 0.003280 0.999992 
0.001583 -0.000084 0.999999 0.005821 -0.000644 0.999983 -0.000029 -0.000262 1.000000 -0.000435 0.000642 1.000000 -0.000123 -0.001599 0.999999 -0.002305 0.003326 0.999992 
0.001436 -0.000076 0.999999 0.005808 -0.000642 0.999983 -0.000027 -0.000252 1.000000 -0.000394 0.000582 1.000000 -0.000115 -0.001495 0.999999 -0.002288 0.003302 0.999992 
0.001300 -0.000069 0.999999 0.005785 -0.000639 0.999983 -0.000031 -0.000290 1.000000 -0.000372 0.000549 1.000000 -0.000107 -0.001392 0.999999 -0.002272 0.003280 0.999992 
0.001176 -0.000062 0.999999 0.005742 -0.000634 0.999983 -0.000035 -0.000326 1.000000 -0.000350 0.000517 1.000000 -0.000101 -0.001310 0.999999 -0.002252 0.003250 0.999992 
0.001061 -0.000056 0.999999 0.005657 -0.000625 0.999984 -0.000039 -0.000357 1.000000 -0.000331 0.000489 1.000000 -0.000094 -0.001219 0.999999 -0.002214 0.003196 0.999992 
-0.000854 0.000045 1.000000 0.005564 -0.000614 0.999984 -0.000041 -0.000375 1.000000 0.000040 -0.000060 1.000000 -0.000204 -0.002656 0.999996 -0.002807 0.004056 0.999988 
-0.000753 0.000040 1.000000 0.005479 -0.000604 0.999985 -0.000046 -0.000427 1.000000 0.000017 -0.000025 1.000000 -0.000188 -0.002457 0.999997 -0.002706 0.003910 0.999989 
-0.000660 0.000035 1.000000 0.005389 -0.000594 0.999985 -0.000051 -0.000474 1.000000 -0.000002 0.000003 1.000000 -0.000176 -0.002296 0.999997 -0.002613 0.003775 0.999989 
0.002138 -0.000113 0.999998 0.005275 -0.000581 0.999986 -0.000055 -0.000506 1.000000 -0.000174 0.000258 1.000000 -0.000506 -0.006586 0.999978 -0.002721 0.003932 0.999989 
0.000109 -0.000006 1.000000 0.005237 -0.000576 0.999986 -0.000064 -0.000587 1.000000 0.000067 -0.000099 1.000000 -0.000510 -0.006652 0.999978 -0.003180 0.004599 0.999984 
0.000101 -0.000005 1.000000 0.005192 -0.000570 0.999986 -0.000071 -0.000653 1.000000 0.000035 -0.000051 1.000000 -0.000463 -0.006038 0.999982 -0.003043 0.004402 0.999986 
0.000095 -0.000005 1.000000 0.005112 -0.000562 0.999987 -0.000074 -0.000689 1.000000 0.000009 -0.000014 1.000000 -0.000420 -0.005481 0.999985 -0.002907 0.004205 0.999987 
0.000086 -0.000004 1.000000 0.005031 -0.000553 0.999987 -0.000077 -0.000710 1.000000 -0.000010 0.000015 1.000000 -0.000382 -0.004985 0.999987 -0.002782 0.004024 0.999988 
0.000140 -0.000007 1.000000 0.004906 -0.000539 0.999988 -0.000084 -0.000776 1.000000 -0.000422 0.000624 1.000000 -0.000292 -0.003816 0.999993 -0.002865 0.004145 0.999987 
0.000131 -0.000007 1.000000 0.004893 -0.000537 0.999988 -0.000094 -0.000868 1.000000 -0.000413 0.000610 1.000000 -0.000269 -0.003518 0.999994 -0.002763 0.003998 0.999988 
0.000124 -0.000007 1.000000 0.004889 -0.000537 0.999988 -0.000103 -0.000952 1.000000 -0.000405 0.000600 1.000000 -0.000248 -0.003247 0.999995 -0.002675 0.003870 0.999989 
0.001825 -0.000095 0.999998 0.005208 -0.000572 0.999986 -0.000106 -0.000980 1.000000 -0.000499 0.000738 1.000000 -0.000427 -0.005599 0.999984 -0.002809 0.004066 0.999988 
0.000064 -0.000003 1.000000 0.005154 -0.000566 0.999987 -0.000107 -0.000991 1.000000 -0.000173 0.000257 1.000000 -0.000483 -0.006359 0.999980 -0.003253 0.004712 0.999984 
-0.001212 0.000063 0.999999 0.005111 -0.000560 0.999987 -0.000100 -0.000930 1.000000 0.000113 -0.000167 1.000000 -0.000529 -0.006982 0.999975 -0.003552 0.005149 0.999980 
0.000077 -0.000004 1.000000 0.005061 -0.000554 0.999987 -0.000103 -0.000960 1.000000 -0.000016 0.000024 1.000000 -0.000581 -0.007677 0.999970 -0.003358 0.004868 0.999983 
0.000069 -0.000004 1.000000 0.005068 -0.000555 0.999987 -0.000114 -0.001061 0.999999 -0.000058 0.000086 1.000000 -0.000528 -0.006969 0.999976 -0.003220 0.004669 0.999984 
-0.001385 0.000071 0.999999 0.005010 -0.000548 0.999987 -0.000123 -0.001146 0.999999 0.000173 -0.000256 1.000000 -0.000565 -0.007497 0.999972 -0.003580 0.005194 0.999980 
-0.001234 0.000063 0.999999 0.004860 -0.000531 0.999988 -0.000136 -0.001261 0.999999 0.000108 -0.000160 1.000000 -0.000517 -0.006853 0.999976 -0.003365 0.004882 0.999982 
