-0.002310 0.000488 0.999997 0.000061 0.000295 1.000000 0.000056 0.000242 1.000000 -0.002311 0.000474 0.999997 
-0.002090 0.000442 0.999998 0.000055 0.000268 1.000000 0.000051 0.000220 1.000000 -0.002091 0.000429 0.999998 
-0.000255 0.000054 1.000000 -0.000272 -0.001316 0.999999 -0.000303 -0.001315 0.999999 -0.000263 0.000054 1.000000 
-0.000241 0.000051 1.000000 -0.000241 -0.001165 0.999999 -0.000268 -0.001165 0.999999 -0.000249 0.000051 1.000000 
-0.001700 0.000359 0.999998 -0.000209 -0.001014 0.999999 -0.000241 -0.001047 0.999999 -0.001708 0.000350 0.999998 
-0.002041 0.000432 0.999998 0.000197 0.000950 1.000000 0.000207 0.000900 1.000000 -0.002037 0.000418 0.999998 
-0.005334 0.001126 0.999985 -0.000127 -0.000614 1.000000 -0.000168 -0.000730 1.000000 -0.005345 0.001094 0.999985 
-0.003924 0.000828 0.999992 -0.000356 -0.001726 0.999998 -0.000415 -0.001805 0.999998 -0.003939 0.000806 0.999992 
-0.004671 0.000984 0.999989 -0.001160 -0.005630 0.999983 -0.001309 -0.005706 0.999983 -0.004711 0.000962 0.999988 
-0.004215 0.000888 0.999991 -0.001074 -0.005212 0.999986 -0.001211 -0.005280 0.999985 -0.004253 0.000869 0.999991 
-0.003762 0.000792 0.999993 -0.001514 -0.007346 0.999972 -0.001696 -0.007393 0.999971 -0.003812 0.000779 0.999992 
-0.001518 0.000318 0.999999 -0.002118 -0.010324 0.999944 -0.002356 -0.010306 0.999944 -0.001583 0.000322 0.999999 
-0.001358 0.000285 0.999999 -0.001912 -0.009317 0.999955 -0.002126 -0.009301 0.999954 -0.001417 0.000288 0.999999 
-0.001237 0.000259 0.999999 -0.002167 -0.010584 0.999942 -0.002408 -0.010559 0.999941 -0.001303 0.000264 0.999999 
-0.001028 0.000215 0.999999 -0.002853 -0.013919 0.999899 -0.003168 -0.013873 0.999899 -0.001114 0.000226 0.999999 
-0.000927 0.000194 1.000000 -0.004032 -0.019668 0.999798 -0.004473 -0.019591 0.999798 -0.001049 0.000213 0.999999 
0.000895 -0.000170 1.000000 -0.004822 -0.026050 0.999649 -0.005397 -0.025913 0.999650 0.000736 -0.000135 1.000000 
0.000674 -0.000144 1.000000 -0.004033 -0.019357 0.999804 -0.004460 -0.019244 0.999805 0.000557 -0.000115 1.000000 
0.000565 -0.000120 1.000000 -0.003690 -0.017704 0.999836 -0.004081 -0.017602 0.999837 0.000458 -0.000095 1.000000 
0.000514 -0.000109 1.000000 -0.003847 -0.018459 0.999822 -0.004255 -0.018354 0.999822 0.000401 -0.000083 1.000000 
0.000492 -0.000105 1.000000 -0.003558 -0.017072 0.999848 -0.003935 -0.016975 0.999848 0.000389 -0.000080 1.000000 
0.000788 -0.000176 1.000000 -0.000037 -0.000006 1.000000 0.000117 -0.007565 0.999971 -0.005030 -0.020216 0.999783 0.001964 -0.010451 0.999943 -0.000734 0.010419 0.999945 
0.002141 -0.000519 0.999998 -0.000008 -0.000001 1.000000 0.000132 -0.009178 0.999958 -0.006862 -0.025579 0.999649 0.000077 -0.000428 1.000000 -0.000056 0.000700 1.000000 
0.005231 -0.001302 0.999985 -0.000008 -0.000001 1.000000 0.000168 -0.011049 0.999939 -0.008103 -0.029479 0.999533 0.000064 -0.000356 1.000000 0.000360 -0.004191 0.999991 
0.010847 -0.002712 0.999937 -0.002523 -0.000390 0.999997 0.000223 -0.012581 0.999921 -0.008830 -0.031974 0.999450 0.000422 -0.002356 0.999997 0.001363 -0.014806 0.999889 
0.015486 -0.003904 0.999872 -0.003418 -0.000519 0.999994 0.000241 -0.013269 0.999912 -0.009220 -0.033114 0.999409 0.000693 -0.003926 0.999992 0.002063 -0.021588 0.999765 
0.018896 -0.004838 0.999810 -0.001752 -0.000263 0.999998 0.000233 -0.013999 0.999902 -0.009243 -0.032708 0.999422 0.000822 -0.004711 0.999989 0.002398 -0.025219 0.999679 
0.021298 -0.005508 0.999758 -0.000724 -0.000108 1.000000 0.000214 -0.013814 0.999905 -0.008866 -0.031084 0.999477 0.000850 -0.004894 0.999988 0.002631 -0.027996 0.999605 
0.022521 -0.005850 0.999729 -0.000435 -0.000064 1.000000 0.000190 -0.012666 0.999920 -0.008070 -0.028181 0.999570 0.000787 -0.004546 0.999989 0.002789 -0.029739 0.999554 
0.022754 -0.005930 0.999723 -0.000080 -0.000012 1.000000 0.000159 -0.010835 0.999941 -0.006857 -0.023883 0.999691 0.000631 -0.003671 0.999993 0.002853 -0.030291 0.999537 
0.022308 -0.005807 0.999734 0.000663 0.000097 1.000000 0.000129 -0.008712 0.999962 -0.005355 -0.018678 0.999811 0.000471 -0.002749 0.999996 0.002800 -0.029617 0.999557 
0.021314 -0.005528 0.999758 0.000620 0.000091 1.000000 0.000093 -0.006116 0.999981 -0.003645 -0.012766 0.999912 0.000417 -0.002434 0.999997 0.002693 -0.028354 0.999594 
0.019746 -0.005096 0.999792 0.003064 0.000449 0.999995 0.000055 -0.003542 0.999994 -0.001733 -0.006102 0.999980 -0.000143 0.000837 1.000000 0.002495 -0.026191 0.999654 
0.017424 -0.004466 0.999838 0.005233 0.000768 0.999986 0.000021 -0.001281 0.999999 -0.000180 -0.000637 1.000000 -0.000303 0.001765 0.999998 0.002002 -0.020895 0.999780 
0.015349 -0.003913 0.999875 0.007854 0.001163 0.999968 -0.000005 0.000295 1.000000 0.000021 0.000073 1.000000 -0.000803 0.004649 0.999989 0.001365 -0.014202 0.999898 
0.014397 -0.003646 0.999890 0.010627 0.001598 0.999942 -0.000043 0.002375 0.999997 0.000128 0.000459 1.000000 -0.001443 0.008238 0.999965 0.000779 -0.008104 0.999967 
0.012931 -0.003234 0.999911 0.013185 0.002017 0.999911 -0.000080 0.004192 0.999991 0.000152 0.000552 1.000000 -0.002187 0.012294 0.999922 0.000219 -0.002297 0.999997 
0.010969 -0.002693 0.999936 0.015226 0.002382 0.999881 -0.000122 0.005900 0.999983 0.000322 0.001186 0.999999 -0.002915 0.016068 0.999867 -0.000287 0.003042 0.999995 
0.007987 -0.001916 0.999966 0.016713 0.002695 0.999857 -0.000172 0.007611 0.999971 0.000881 0.003319 0.999994 -0.003712 0.019915 0.999795 -0.000713 0.007658 0.999970 
0.004252 -0.000993 0.999990 0.017579 0.002933 0.999841 -0.000231 0.009288 0.999957 0.001556 0.006006 0.999981 -0.004553 0.023700 0.999709 -0.001094 0.011967 0.999928 
0.000300 -0.000068 1.000000 0.017841 0.003087 0.999836 -0.000298 0.010904 0.999941 0.002085 0.008263 0.999964 -0.005429 0.027354 0.999611 -0.001446 0.016108 0.999869 
0.000273 -0.000062 1.000000 0.018254 0.003241 0.999828 -0.000360 0.012362 0.999924 0.002002 0.007934 0.999967 -0.006225 0.030648 0.999511 -0.001546 0.017115 0.999852 
0.000230 -0.000052 1.000000 0.018680 0.003331 0.999820 -0.000401 0.013600 0.999907 0.002453 0.009720 0.999950 -0.006823 0.033450 0.999417 -0.001476 0.016324 0.999866 
0.000168 -0.000038 1.000000 0.019099 0.003394 0.999812 -0.000426 0.014583 0.999894 0.002891 0.011457 0.999930 -0.007254 0.035666 0.999337 -0.001410 0.015601 0.999877 
0.000101 -0.000023 1.000000 0.019130 0.003382 0.999811 -0.000445 0.015397 0.999881 0.003180 0.012603 0.999916 -0.007593 0.037500 0.999268 -0.001341 0.014857 0.999889 
0.000029 -0.000007 1.000000 0.018566 0.003271 0.999822 -0.000458 0.015980 0.999872 0.003302 0.013083 0.999909 -0.007834 0.038801 0.999216 -0.001249 0.013860 0.999903 
-0.000000 0.000000 1.000000 0.017357 0.003054 0.999845 -0.000465 0.016299 0.999867 0.003235 0.012818 0.999913 -0.007960 0.039481 0.999189 -0.001130 0.012558 0.999921 
0.000000 -0.000000 1.000000 0.015584 0.002741 0.999875 -0.000465 0.016335 0.999866 0.003004 0.011904 0.999925 -0.007958 0.039496 0.999188 -0.000988 0.010992 0.999939 
-0.000000 0.000000 1.000000 0.013371 0.002350 0.999908 -0.000455 0.016078 0.999871 0.002632 0.010431 0.999942 -0.007817 0.038837 0.999215 -0.000834 0.009289 0.999957 
-0.000001 0.000000 1.000000 0.011020 0.001931 0.999937 -0.000435 0.015524 0.999879 0.002115 0.008382 0.999963 -0.007520 0.037487 0.999269 -0.000707 0.007890 0.999969 
-0.000000 0.000000 1.000000 0.008481 0.001481 0.999963 -0.000409 0.014761 0.999891 0.001479 0.005862 0.999982 -0.007125 0.035655 0.999339 -0.000594 0.006632 0.999978 
-0.000001 0.000000 1.000000 0.005514 0.000959 0.999984 -0.000379 0.013824 0.999904 0.000724 0.002869 0.999996 -0.006653 0.033424 0.999419 -0.000463 0.005183 0.999986 
-0.001174 0.000267 0.999999 0.002193 0.000380 0.999998 -0.000341 0.012620 0.999920 0.000496 0.001964 0.999998 -0.006122 0.030881 0.999504 -0.000241 0.002705 0.999996 
-0.001606 0.000365 0.999999 0.000225 0.000039 1.000000 -0.000309 0.011549 0.999933 0.000465 0.001842 0.999998 -0.005500 0.027873 0.999596 -0.000094 0.001059 0.999999 
-0.001368 0.000311 0.999999 0.000209 0.000036 1.000000 -0.000268 0.010018 0.999950 0.000424 0.001678 0.999999 -0.004763 0.024148 0.999697 -0.000077 0.000861 1.000000 
-0.000108 0.000025 1.000000 0.000457 0.000079 1.000000 -0.000231 0.008580 0.999963 0.000261 0.001034 0.999999 -0.003967 0.020129 0.999790 -0.000044 0.000491 1.000000 
-0.000937 0.000213 1.000000 0.000337 0.000058 1.000000 -0.000190 0.007059 0.999975 0.000416 0.001645 0.999999 -0.003268 0.016586 0.999857 -0.000072 0.000801 1.000000 
-0.000828 0.000188 1.000000 0.000307 0.000053 1.000000 -0.000153 0.005667 0.999984 0.000362 0.001432 0.999999 -0.002629 0.013344 0.999908 -0.000061 0.000676 1.000000 
-0.000742 0.000169 1.000000 0.000265 0.000046 1.000000 -0.000119 0.004428 0.999990 0.000292 0.001157 0.999999 -0.002072 0.010519 0.999943 -0.000052 0.000578 1.000000 
-0.000669 0.000152 1.000000 0.000228 0.000039 1.000000 -0.000091 0.003371 0.999994 0.000202 0.000800 1.000000 -0.001621 0.008229 0.999965 -0.000045 0.000500 1.000000 
-0.000592 0.000134 1.000000 0.000164 0.000028 1.000000 -0.000067 0.002468 0.999997 0.000035 0.000140 1.000000 -0.001300 0.006602 0.999977 -0.000035 0.000391 1.000000 
-0.000358 0.000081 1.000000 -0.000452 -0.000078 1.000000 -0.000055 0.002009 0.999998 -0.000346 -0.001370 0.999999 -0.001165 0.005910 0.999982 -0.000017 0.000192 1.000000 
-0.000010 0.000002 1.000000 0.000085 0.000015 1.000000 -0.000047 0.001742 0.999998 -0.000440 -0.001742 0.999998 -0.001181 0.006000 0.999981 -0.000012 0.000129 1.000000 
-0.000008 0.000002 1.000000 0.000068 0.000012 1.000000 -0.000049 0.001795 0.999998 -0.000408 -0.001615 0.999999 -0.001185 0.006020 0.999981 -0.000008 0.000086 1.000000 
-0.000004 0.000001 1.000000 0.000048 0.000008 1.000000 -0.000052 0.001931 0.999998 -0.000365 -0.001445 0.999999 -0.001222 0.006206 0.999980 -0.000003 0.000028 1.000000 
-0.000004 0.000001 1.000000 0.000022 0.000004 1.000000 -0.000057 0.002100 0.999998 -0.000328 -0.001301 0.999999 -0.001277 0.006486 0.999978 0.000002 -0.000021 1.000000 
0.000113 -0.000026 1.000000 -0.000465 -0.000080 1.000000 -0.000067 0.002451 0.999997 -0.000274 -0.001085 0.999999 -0.001400 0.007109 0.999974 0.000077 -0.000850 1.000000 
0.000907 -0.000206 1.000000 -0.000335 -0.000058 1.000000 -0.000084 0.003043 0.999995 -0.000104 -0.000413 1.000000 -0.001473 0.007478 0.999971 0.000131 -0.001437 0.999999 
0.000614 -0.000139 1.000000 0.000280 0.000048 1.000000 -0.000090 0.003290 0.999995 0.000021 0.000084 1.000000 -0.001666 0.008469 0.999963 0.000088 -0.000967 1.000000 
0.000555 -0.000126 1.000000 0.000240 0.000041 1.000000 -0.000096 0.003483 0.999994 0.000019 0.000075 1.000000 -0.001753 0.008908 0.999959 0.000082 -0.000905 1.000000 
0.000501 -0.000114 1.000000 0.000245 0.000042 1.000000 -0.000101 0.003665 0.999993 0.000017 0.000066 1.000000 -0.001842 0.009365 0.999954 0.000075 -0.000827 1.000000 
0.001246 -0.000283 0.999999 -0.000109 -0.000019 1.000000 -0.000124 0.004480 0.999990 0.000293 0.001162 0.999999 -0.001967 0.009993 0.999948 0.000196 -0.002143 0.999998 
-0.000390 0.000089 1.000000 -0.000061 -0.000010 1.000000 -0.000123 0.004465 0.999990 0.000421 0.001667 0.999999 -0.002055 0.010440 0.999943 0.000061 -0.000672 1.000000 
-0.000348 0.000079 1.000000 -0.000036 -0.000006 1.000000 -0.000126 0.004585 0.999989 0.000381 0.001509 0.999999 -0.002126 0.010802 0.999939 0.000056 -0.000617 1.000000 
-0.000310 0.000070 1.000000 -0.000014 -0.000002 1.000000 -0.000129 0.004679 0.999989 0.000347 0.001372 0.999999 -0.002183 0.011091 0.999936 0.000052 -0.000571 1.000000 
0.000578 -0.000131 1.000000 0.000006 0.000001 1.000000 -0.000148 0.005344 0.999986 0.000606 0.002396 0.999997 -0.002226 0.011311 0.999934 0.000135 -0.001471 0.999999 
0.000520 -0.000118 1.000000 0.000017 0.000003 1.000000 -0.000148 0.005341 0.999986 0.000546 0.002161 0.999998 -0.002262 0.011494 0.999931 0.000122 -0.001330 0.999999 
0.000465 -0.000106 1.000000 0.000039 0.000007 1.000000 -0.000147 0.005317 0.999986 0.000493 0.001953 0.999998 -0.002287 0.011621 0.999930 0.000110 -0.001202 0.999999 
-0.000826 0.000188 1.000000 -0.000002 -0.000000 1.000000 -0.000154 0.005588 0.999984 0.000814 0.003221 0.999994 -0.002591 0.013161 0.999910 0.000125 -0.001372 0.999999 
-0.000741 0.000168 1.000000 0.000010 0.000002 1.000000 -0.000154 0.005573 0.999984 0.000736 0.002913 0.999995 -0.002596 0.013188 0.999910 0.000114 -0.001254 0.999999 
-0.000666 0.000151 1.000000 0.000022 0.000004 1.000000 -0.000153 0.005542 0.999985 0.000666 0.002637 0.999996 -0.002594 0.013175 0.999910 0.000105 -0.001153 0.999999 
-0.000598 0.000136 1.000000 0.000038 0.000007 1.000000 -0.000152 0.005508 0.999985 0.000603 0.002387 0.999997 -0.002590 0.013158 0.999910 0.000096 -0.001057 0.999999 
-0.000537 0.000122 1.000000 0.000051 0.000009 1.000000 -0.000151 0.005474 0.999985 0.000546 0.002161 0.999998 -0.002586 0.013137 0.999910 0.000089 -0.000975 1.000000 
-0.000884 0.000201 1.000000 0.000713 0.000123 1.000000 -0.000146 0.005342 0.999986 0.000594 0.002352 0.999997 -0.002722 0.013840 0.999901 0.000059 -0.000651 1.000000 
-0.000796 0.000181 1.000000 0.000673 0.000116 1.000000 -0.000146 0.005343 0.999986 0.000539 0.002132 0.999998 -0.002717 0.013811 0.999901 0.000055 -0.000605 1.000000 
-0.001224 0.000278 0.999999 0.000424 0.000073 1.000000 -0.000148 0.005418 0.999985 0.000490 0.001937 0.999998 -0.002712 0.013786 0.999901 -0.000001 0.000010 1.000000 
-0.000910 0.000207 1.000000 0.001060 0.000182 0.999999 -0.000162 0.005944 0.999982 0.000890 0.003520 0.999993 -0.002835 0.014424 0.999892 0.000037 -0.000404 1.000000 
-0.000825 0.000188 1.000000 0.000972 0.000167 1.000000 -0.000162 0.005931 0.999982 0.000806 0.003188 0.999995 -0.002835 0.014425 0.999892 0.000034 -0.000375 1.000000 
-0.000742 0.000169 1.000000 0.000896 0.000154 1.000000 -0.000161 0.005913 0.999983 0.000730 0.002886 0.999996 -0.002833 0.014413 0.999892 0.000032 -0.000353 1.000000 
-0.000669 0.000152 1.000000 0.000823 0.000141 1.000000 -0.000161 0.005899 0.999983 0.000661 0.002614 0.999996 -0.002831 0.014402 0.999892 0.000030 -0.000333 1.000000 
-0.000604 0.000137 1.000000 0.000757 0.000130 1.000000 -0.000160 0.005882 0.999983 0.000599 0.002368 0.999997 -0.002828 0.014387 0.999893 0.000029 -0.000317 1.000000 
0.000653 -0.000149 1.000000 0.000712 0.000122 1.000000 -0.000179 0.006509 0.999979 0.000734 0.002901 0.999996 -0.002825 0.014374 0.999893 0.000115 -0.001258 0.999999 
0.000589 -0.000134 1.000000 0.001357 0.000233 0.999999 -0.000169 0.006188 0.999981 0.000585 0.002311 0.999997 -0.002953 0.015036 0.999883 0.000093 -0.001019 0.999999 
0.001175 -0.000267 0.999999 0.001218 0.000209 0.999999 -0.000177 0.006461 0.999979 0.000543 0.002145 0.999998 -0.002954 0.015042 0.999882 0.000119 -0.001301 0.999999 
-0.000497 0.000113 1.000000 0.001829 0.000313 0.999998 -0.000161 0.005979 0.999982 0.000384 0.001518 0.999999 -0.003242 0.016520 0.999858 -0.000010 0.000106 1.000000 
-0.000450 0.000102 1.000000 0.001670 0.000286 0.999999 -0.000163 0.006041 0.999982 0.000350 0.001386 0.999999 -0.003241 0.016514 0.999858 -0.000007 0.000079 1.000000 
-0.000407 0.000092 1.000000 0.001531 0.000262 0.999999 -0.000164 0.006076 0.999982 0.000320 0.001267 0.999999 -0.003231 0.016464 0.999859 -0.000005 0.000053 1.000000 
0.001168 -0.000266 0.999999 0.001800 0.000308 0.999998 -0.000189 0.006957 0.999976 0.000809 0.003196 0.999995 -0.003294 0.016792 0.999854 0.000173 -0.001906 0.999998 
0.001051 -0.000239 0.999999 0.001641 0.000281 0.999999 -0.000187 0.006901 0.999976 0.000731 0.002888 0.999996 -0.003276 0.016704 0.999855 0.000157 -0.001728 0.999998 
0.000944 -0.000215 1.000000 0.001492 0.000255 0.999999 -0.000186 0.006859 0.999976 0.000661 0.002613 0.999996 -0.003264 0.016642 0.999856 0.000143 -0.001574 0.999999 
0.000849 -0.000193 1.000000 0.001372 0.000235 0.999999 -0.000185 0.006833 0.999977 0.000599 0.002366 0.999997 -0.003262 0.016632 0.999856 0.000130 -0.001431 0.999999 
0.000760 -0.000173 1.000000 0.001249 0.000214 0.999999 -0.000185 0.006826 0.999977 0.000542 0.002141 0.999998 -0.003265 0.016647 0.999856 0.000119 -0.001304 0.999999 
-0.000679 0.000155 1.000000 0.000958 0.000164 1.000000 -0.000180 0.006663 0.999978 0.000625 0.002473 0.999997 -0.003255 0.016593 0.999857 0.000027 -0.000296 1.000000 
-0.000619 0.000141 1.000000 0.000889 0.000152 1.000000 -0.000181 0.006700 0.999978 0.000589 0.002327 0.999997 -0.003265 0.016647 0.999856 0.000028 -0.000311 1.000000 
-0.000117 0.000027 1.000000 0.000667 0.000114 1.000000 -0.000190 0.006987 0.999976 0.000680 0.002685 0.999996 -0.003262 0.016628 0.999856 0.000092 -0.001012 0.999999 
0.000250 -0.000057 1.000000 0.000459 0.000079 1.000000 -0.000192 0.007060 0.999975 0.000585 0.002311 0.999997 -0.003256 0.016596 0.999857 0.000118 -0.001290 0.999999 
0.000221 -0.000050 1.000000 0.000424 0.000073 1.000000 -0.000192 0.007032 0.999975 0.000532 0.002101 0.999998 -0.003259 0.016612 0.999857 0.000108 -0.001184 0.999999 
0.000197 -0.000045 1.000000 0.000399 0.000068 1.000000 -0.000191 0.007007 0.999975 0.000484 0.001913 0.999998 -0.003263 0.016631 0.999856 0.000099 -0.001088 0.999999 
0.000936 -0.000213 1.000000 0.000970 0.000166 1.000000 -0.000197 0.007233 0.999974 0.000564 0.002228 0.999997 -0.003368 0.017182 0.999847 0.000147 -0.001613 0.999999 
0.002119 -0.000483 0.999998 0.001797 0.000307 0.999998 -0.000215 0.007872 0.999969 0.000961 0.003795 0.999992 -0.003712 0.018952 0.999814 0.000340 -0.003718 0.999993 
0.001808 -0.000412 0.999998 0.001624 0.000278 0.999999 -0.000218 0.007949 0.999968 0.000849 0.003352 0.999994 -0.003648 0.018625 0.999820 0.000245 -0.002667 0.999996 
0.001629 -0.000371 0.999999 0.001479 0.000253 0.999999 -0.000216 0.007899 0.999969 0.000769 0.003037 0.999995 -0.003641 0.018591 0.999821 0.000222 -0.002415 0.999997 
0.000433 -0.000099 1.000000 0.001346 0.000230 0.999999 -0.000211 0.007742 0.999970 0.000723 0.002856 0.999996 -0.003625 0.018514 0.999822 0.000094 -0.001030 0.999999 
0.000383 -0.000087 1.000000 0.001234 0.000211 0.999999 -0.000211 0.007735 0.999970 0.000657 0.002594 0.999996 -0.003635 0.018564 0.999821 0.000086 -0.000939 1.000000 
0.000341 -0.000078 1.000000 0.001143 0.000195 0.999999 -0.000210 0.007692 0.999970 0.000597 0.002356 0.999997 -0.003629 0.018532 0.999822 0.000079 -0.000858 1.000000 
0.000302 -0.000069 1.000000 0.001057 0.000181 0.999999 -0.000208 0.007638 0.999971 0.000543 0.002144 0.999998 -0.003614 0.018459 0.999823 0.000072 -0.000783 1.000000 
0.000265 -0.000060 1.000000 0.000963 0.000165 1.000000 -0.000207 0.007588 0.999971 0.000494 0.001951 0.999998 -0.003598 0.018373 0.999825 0.000066 -0.000721 1.000000 
-0.000390 0.000089 1.000000 0.000886 0.000151 1.000000 -0.000205 0.007539 0.999972 0.000607 0.002395 0.999997 -0.003574 0.018256 0.999827 0.000028 -0.000311 1.000000 
-0.000357 0.000081 1.000000 0.000822 0.000140 1.000000 -0.000204 0.007485 0.999972 0.000551 0.002174 0.999997 -0.003558 0.018170 0.999829 0.000026 -0.000289 1.000000 
-0.000009 0.000002 1.000000 0.000765 0.000131 1.000000 -0.000208 0.007611 0.999971 0.000553 0.002183 0.999997 -0.003544 0.018103 0.999830 0.000049 -0.000533 1.000000 
-0.000008 0.000002 1.000000 0.000707 0.000121 1.000000 -0.000206 0.007560 0.999971 0.000504 0.001988 0.999998 -0.003534 0.018049 0.999831 0.000046 -0.000501 1.000000 
-0.000009 0.000002 1.000000 0.000652 0.000111 1.000000 -0.000205 0.007509 0.999972 0.000459 0.001813 0.999998 -0.003521 0.017986 0.999832 0.000043 -0.000471 1.000000 
-0.000008 0.000002 1.000000 0.000613 0.000105 1.000000 -0.000203 0.007453 0.999972 0.000418 0.001652 0.999999 -0.003507 0.017915 0.999833 0.000041 -0.000442 1.000000 
-0.001105 0.000252 0.999999 0.001172 0.000200 0.999999 -0.000196 0.007239 0.999974 0.000632 0.002497 0.999997 -0.003577 0.018287 0.999826 -0.000029 0.000320 1.000000 
-0.000280 0.000064 1.000000 0.001072 0.000183 0.999999 -0.000204 0.007490 0.999972 0.000529 0.002090 0.999998 -0.003545 0.018125 0.999829 -0.000007 0.000078 1.000000 
-0.000255 0.000058 1.000000 0.000985 0.000168 1.000000 -0.000202 0.007437 0.999972 0.000481 0.001900 0.999998 -0.003528 0.018038 0.999831 -0.000005 0.000055 1.000000 
-0.000233 0.000053 1.000000 0.000908 0.000155 1.000000 -0.000201 0.007385 0.999973 0.000438 0.001730 0.999998 -0.003511 0.017953 0.999833 -0.000003 0.000034 1.000000 
-0.000213 0.000048 1.000000 0.000837 0.000143 1.000000 -0.000200 0.007340 0.999973 0.000400 0.001577 0.999999 -0.003497 0.017879 0.999834 -0.000001 0.000014 1.000000 
-0.000119 0.000027 1.000000 0.000626 0.000107 1.000000 -0.000200 0.007341 0.999973 0.000389 0.001537 0.999999 -0.003482 0.017799 0.999836 0.000028 -0.000300 1.000000 
-0.000109 0.000025 1.000000 0.000584 0.000100 1.000000 -0.000199 0.007307 0.999973 0.000356 0.001405 0.999999 -0.003474 0.017759 0.999836 0.000027 -0.000292 1.000000 
0.000007 -0.000002 1.000000 0.000553 0.000094 1.000000 -0.000199 0.007275 0.999974 0.000294 0.001161 0.999999 -0.003460 0.017690 0.999838 0.000026 -0.000284 1.000000 
0.000454 -0.000103 1.000000 0.001105 0.000188 0.999999 -0.000201 0.007370 0.999973 0.000324 0.001280 0.999999 -0.003545 0.018139 0.999829 0.000041 -0.000443 1.000000 
0.000405 -0.000092 1.000000 0.001022 0.000174 0.999999 -0.000200 0.007328 0.999973 0.000297 0.001171 0.999999 -0.003530 0.018061 0.999831 0.000038 -0.000413 1.000000 
0.000358 -0.000082 1.000000 0.000937 0.000160 1.000000 -0.000199 0.007287 0.999973 0.000271 0.001069 0.999999 -0.003513 0.017974 0.999832 0.000035 -0.000383 1.000000 
0.000318 -0.000072 1.000000 0.000864 0.000147 1.000000 -0.000198 0.007248 0.999974 0.000248 0.000978 0.999999 -0.003496 0.017891 0.999834 0.000033 -0.000360 1.000000 
0.000281 -0.000064 1.000000 0.000800 0.000136 1.000000 -0.000197 0.007214 0.999974 0.000228 0.000898 1.000000 -0.003483 0.017824 0.999835 0.000031 -0.000338 1.000000 
0.000235 -0.000054 1.000000 0.001206 0.000205 0.999999 -0.000195 0.007174 0.999974 0.000325 0.001283 0.999999 -0.003556 0.018211 0.999828 0.000045 -0.000486 1.000000 
0.000407 -0.000093 1.000000 0.001697 0.000289 0.999999 -0.000191 0.007066 0.999975 0.000364 0.001436 0.999999 -0.003609 0.018499 0.999822 0.000061 -0.000669 1.000000 
0.000360 -0.000082 1.000000 0.001555 0.000265 0.999999 -0.000189 0.007018 0.999975 0.000331 0.001306 0.999999 -0.003571 0.018303 0.999826 0.000056 -0.000612 1.000000 
0.000318 -0.000072 1.000000 0.001432 0.000244 0.999999 -0.000189 0.006989 0.999976 0.000302 0.001192 0.999999 -0.003544 0.018166 0.999829 0.000051 -0.000561 1.000000 
0.000281 -0.000064 1.000000 0.001308 0.000223 0.999999 -0.000188 0.006988 0.999976 0.000276 0.001091 0.999999 -0.003528 0.018086 0.999830 0.000048 -0.000524 1.000000 
-0.000767 0.000175 1.000000 0.001033 0.000176 0.999999 -0.000185 0.006860 0.999976 0.000342 0.001349 0.999999 -0.003496 0.017918 0.999833 -0.000019 0.000204 1.000000 
-0.000692 0.000158 1.000000 0.000951 0.000162 1.000000 -0.000186 0.006896 0.999976 0.000311 0.001227 0.999999 -0.003497 0.017921 0.999833 -0.000015 0.000169 1.000000 
-0.000624 0.000142 1.000000 0.000883 0.000150 1.000000 -0.000186 0.006926 0.999976 0.000284 0.001119 0.999999 -0.003497 0.017925 0.999833 -0.000012 0.000137 1.000000 
0.000811 -0.000185 1.000000 0.000813 0.000138 1.000000 -0.000201 0.007390 0.999973 0.000137 0.000541 1.000000 -0.003490 0.017889 0.999834 0.000038 -0.000412 1.000000 
0.000730 -0.000167 1.000000 0.000736 0.000125 1.000000 -0.000201 0.007385 0.999973 0.000128 0.000504 1.000000 -0.003493 0.017906 0.999834 0.000037 -0.000398 1.000000 
0.000659 -0.000150 1.000000 0.000671 0.000114 1.000000 -0.000201 0.007380 0.999973 0.000119 0.000468 1.000000 -0.003497 0.017923 0.999833 0.000035 -0.000383 1.000000 
0.000593 -0.000135 1.000000 0.000613 0.000104 1.000000 -0.000201 0.007372 0.999973 0.000110 0.000434 1.000000 -0.003499 0.017936 0.999833 0.000034 -0.000369 1.000000 
0.000532 -0.000122 1.000000 0.000552 0.000094 1.000000 -0.000200 0.007369 0.999973 0.000103 0.000406 1.000000 -0.003501 0.017948 0.999833 0.000033 -0.000359 1.000000 
-0.000777 0.000177 1.000000 0.000351 0.000060 1.000000 -0.000189 0.006977 0.999976 -0.000017 -0.000066 1.000000 -0.003480 0.017837 0.999835 -0.000080 0.000871 1.000000 
-0.000703 0.000160 1.000000 0.000338 0.000057 1.000000 -0.000190 0.007005 0.999975 -0.000012 -0.000048 1.000000 -0.003483 0.017855 0.999835 -0.000071 0.000778 1.000000 
0.000604 -0.000138 1.000000 0.000330 0.000056 1.000000 -0.000210 0.007686 0.999970 0.000191 0.000753 1.000000 -0.003484 0.017862 0.999834 0.000029 -0.000319 1.000000 
0.000545 -0.000124 1.000000 0.000304 0.000052 1.000000 -0.000210 0.007652 0.999971 0.000177 0.000696 1.000000 -0.003488 0.017880 0.999834 0.000029 -0.000309 1.000000 
0.000491 -0.000112 1.000000 0.000284 0.000048 1.000000 -0.000209 0.007616 0.999971 0.000163 0.000641 1.000000 -0.003491 0.017896 0.999834 0.000028 -0.000305 1.000000 
0.000442 -0.000101 1.000000 0.000278 0.000047 1.000000 -0.000208 0.007584 0.999971 0.000150 0.000592 1.000000 -0.003496 0.017921 0.999833 0.000027 -0.000293 1.000000 
0.000398 -0.000091 1.000000 0.000256 0.000044 1.000000 -0.000207 0.007561 0.999971 0.000138 0.000546 1.000000 -0.003499 0.017939 0.999833 0.000026 -0.000285 1.000000 
0.000358 -0.000082 1.000000 0.000244 0.000042 1.000000 -0.000206 0.007534 0.999972 0.000128 0.000504 1.000000 -0.003502 0.017953 0.999833 0.000026 -0.000278 1.000000 
0.000322 -0.000073 1.000000 0.000234 0.000040 1.000000 -0.000206 0.007505 0.999972 0.000119 0.000468 1.000000 -0.003503 0.017956 0.999833 0.000026 -0.000276 1.000000 
0.000288 -0.000066 1.000000 0.000212 0.000036 1.000000 -0.000205 0.007484 0.999972 0.000111 0.000437 1.000000 -0.003503 0.017959 0.999833 0.000026 -0.000278 1.000000 
0.000259 -0.000059 1.000000 0.000194 0.000033 1.000000 -0.000204 0.007465 0.999972 0.000103 0.000405 1.000000 -0.003503 0.017960 0.999833 0.000026 -0.000277 1.000000 
-0.000496 0.000113 1.000000 0.000017 0.000003 1.000000 -0.000201 0.007345 0.999973 0.000171 0.000672 1.000000 -0.003492 0.017900 0.999834 -0.000008 0.000088 1.000000 
-0.000449 0.000103 1.000000 0.000031 0.000005 1.000000 -0.000201 0.007332 0.999973 0.000158 0.000623 1.000000 -0.003491 0.017899 0.999834 -0.000006 0.000060 1.000000 
-0.000189 0.000043 1.000000 -0.000090 -0.000015 1.000000 -0.000202 0.007351 0.999973 0.000126 0.000498 1.000000 -0.003476 0.017817 0.999835 0.000023 -0.000247 1.000000 
-0.000169 0.000039 1.000000 -0.000064 -0.000011 1.000000 -0.000201 0.007328 0.999973 0.000118 0.000466 1.000000 -0.003473 0.017803 0.999835 0.000023 -0.000246 1.000000 
-0.000151 0.000035 1.000000 -0.000041 -0.000007 1.000000 -0.000201 0.007309 0.999973 0.000111 0.000436 1.000000 -0.003471 0.017792 0.999836 0.000023 -0.000244 1.000000 
-0.000136 0.000031 1.000000 -0.000028 -0.000005 1.000000 -0.000200 0.007296 0.999973 0.000104 0.000411 1.000000 -0.003469 0.017781 0.999836 0.000023 -0.000244 1.000000 
-0.000489 0.000112 1.000000 0.000714 0.000121 1.000000 -0.000194 0.007115 0.999975 0.000188 0.000741 1.000000 -0.003601 0.018475 0.999823 0.000002 -0.000022 1.000000 
0.000160 -0.000036 1.000000 0.000664 0.000113 1.000000 -0.000200 0.007329 0.999973 0.000113 0.000444 1.000000 -0.003600 0.018472 0.999823 0.000024 -0.000265 1.000000 
0.000207 -0.000047 1.000000 0.001305 0.000222 0.999999 -0.000195 0.007185 0.999974 0.000119 0.000467 1.000000 -0.003714 0.019072 0.999811 0.000028 -0.000306 1.000000 
0.000182 -0.000041 1.000000 0.001198 0.000204 0.999999 -0.000196 0.007222 0.999974 0.000111 0.000436 1.000000 -0.003710 0.019051 0.999812 0.000027 -0.000290 1.000000 
-0.000715 0.000163 1.000000 0.000940 0.000160 1.000000 -0.000197 0.007276 0.999974 0.000326 0.001286 0.999999 -0.003698 0.018992 0.999813 -0.000001 0.000009 1.000000 
-0.000416 0.000095 1.000000 0.000860 0.000146 1.000000 -0.000203 0.007481 0.999972 0.000374 0.001472 0.999999 -0.003703 0.019015 0.999812 0.000024 -0.000265 1.000000 
-0.000346 0.000079 1.000000 0.000795 0.000135 1.000000 -0.000204 0.007521 0.999972 0.000342 0.001350 0.999999 -0.003708 0.019043 0.999812 0.000026 -0.000282 1.000000 
-0.000312 0.000071 1.000000 0.000740 0.000126 1.000000 -0.000205 0.007543 0.999972 0.000312 0.001231 0.999999 -0.003713 0.019068 0.999811 0.000025 -0.000271 1.000000 
-0.000281 0.000064 1.000000 0.000698 0.000119 1.000000 -0.000205 0.007558 0.999971 0.000284 0.001121 0.999999 -0.003715 0.019081 0.999811 0.000024 -0.000256 1.000000 
-0.000254 0.000058 1.000000 0.000654 0.000111 1.000000 -0.000206 0.007571 0.999971 0.000260 0.001026 0.999999 -0.003716 0.019089 0.999811 0.000023 -0.000248 1.000000 
0.000131 -0.000030 1.000000 0.000611 0.000104 1.000000 -0.000212 0.007773 0.999970 0.000296 0.001168 0.999999 -0.003715 0.019080 0.999811 0.000049 -0.000529 1.000000 
0.000020 -0.000005 1.000000 0.001256 0.000213 0.999999 -0.000205 0.007574 0.999971 0.000295 0.001161 0.999999 -0.003828 0.019678 0.999799 0.000040 -0.000433 1.000000 
0.000011 -0.000002 1.000000 0.001155 0.000196 0.999999 -0.000206 0.007609 0.999971 0.000269 0.001062 0.999999 -0.003829 0.019685 0.999799 0.000037 -0.000400 1.000000 
0.000002 -0.000000 1.000000 0.001067 0.000181 0.999999 -0.000206 0.007634 0.999971 0.000248 0.000975 0.999999 -0.003828 0.019680 0.999799 0.000034 -0.000373 1.000000 
0.000693 -0.000158 1.000000 0.000983 0.000167 1.000000 -0.000219 0.008041 0.999968 0.000353 0.001390 0.999999 -0.003818 0.019632 0.999800 0.000084 -0.000910 1.000000 
-0.000468 0.000107 1.000000 0.000908 0.000154 1.000000 -0.000219 0.008064 0.999967 0.000576 0.002269 0.999997 -0.003815 0.019618 0.999800 0.000011 -0.000119 1.000000 
-0.000396 0.000090 1.000000 0.000838 0.000142 1.000000 -0.000219 0.008082 0.999967 0.000528 0.002079 0.999998 -0.003826 0.019673 0.999799 0.000014 -0.000154 1.000000 
-0.000222 0.000051 1.000000 0.000769 0.000130 1.000000 -0.000222 0.008157 0.999967 0.000503 0.001982 0.999998 -0.003830 0.019694 0.999799 0.000025 -0.000265 1.000000 
-0.000203 0.000046 1.000000 0.000713 0.000121 1.000000 -0.000221 0.008141 0.999967 0.000457 0.001800 0.999998 -0.003832 0.019708 0.999798 0.000023 -0.000253 1.000000 
-0.000186 0.000042 1.000000 0.000660 0.000112 1.000000 -0.000221 0.008121 0.999967 0.000415 0.001636 0.999999 -0.003831 0.019703 0.999799 0.000022 -0.000241 1.000000 
-0.000171 0.000039 1.000000 0.000617 0.000105 1.000000 -0.000220 0.008097 0.999967 0.000377 0.001486 0.999999 -0.003829 0.019693 0.999799 0.000021 -0.000229 1.000000 
-0.000157 0.000036 1.000000 0.000580 0.000098 1.000000 -0.000219 0.008073 0.999967 0.000343 0.001353 0.999999 -0.003826 0.019679 0.999799 0.000020 -0.000219 1.000000 
-0.000426 0.000097 1.000000 0.001195 0.000202 0.999999 -0.000212 0.007850 0.999969 0.000331 0.001304 0.999999 -0.003919 0.020177 0.999789 -0.000012 0.000132 1.000000 
-0.000385 0.000088 1.000000 0.001114 0.000189 0.999999 -0.000212 0.007857 0.999969 0.000302 0.001189 0.999999 -0.003914 0.020148 0.999789 -0.000010 0.000107 1.000000 
-0.000347 0.000079 1.000000 0.001028 0.000174 0.999999 -0.000212 0.007869 0.999969 0.000276 0.001087 0.999999 -0.003908 0.020118 0.999790 -0.000007 0.000080 1.000000 
-0.000436 0.000100 1.000000 0.001600 0.000271 0.999999 -0.000205 0.007675 0.999971 0.000283 0.001116 0.999999 -0.003996 0.020593 0.999780 -0.000012 0.000133 1.000000 
-0.000614 0.000140 1.000000 0.001301 0.000220 0.999999 -0.000203 0.007596 0.999971 0.000237 0.000933 1.000000 -0.003959 0.020400 0.999784 -0.000012 0.000133 1.000000 
-0.000555 0.000127 1.000000 0.001192 0.000202 0.999999 -0.000204 0.007629 0.999971 0.000217 0.000855 1.000000 -0.003945 0.020329 0.999786 -0.000009 0.000103 1.000000 
-0.001228 0.000281 0.999999 0.001744 0.000295 0.999998 -0.000199 0.007488 0.999972 0.000386 0.001519 0.999999 -0.004026 0.020763 0.999776 -0.000048 0.000525 1.000000 
-0.001106 0.000253 0.999999 0.001599 0.000270 0.999999 -0.000199 0.007502 0.999972 0.000349 0.001374 0.999999 -0.003994 0.020598 0.999780 -0.000042 0.000463 1.000000 
-0.000692 0.000158 1.000000 0.001293 0.000219 0.999999 -0.000205 0.007686 0.999970 0.000364 0.001432 0.999999 -0.003967 0.020459 0.999783 0.000007 -0.000073 1.000000 
-0.000620 0.000142 1.000000 0.001190 0.000201 0.999999 -0.000205 0.007717 0.999970 0.000330 0.001301 0.999999 -0.003956 0.020403 0.999784 0.000008 -0.000083 1.000000 
-0.000561 0.000128 1.000000 0.001094 0.000185 0.999999 -0.000206 0.007753 0.999970 0.000302 0.001189 0.999999 -0.003950 0.020374 0.999785 0.000009 -0.000094 1.000000 
-0.000508 0.000116 1.000000 0.001003 0.000169 0.999999 -0.000207 0.007793 0.999970 0.000277 0.001089 0.999999 -0.003948 0.020360 0.999785 0.000010 -0.000106 1.000000 
